 1.000000E+01  2.668836E-06
 1.246231E+01  6.233278E-06
 1.492462E+01  1.232319E-05
 1.738693E+01  2.143725E-05
 1.984925E+01  3.376634E-05
 2.231156E+01  4.882997E-05
 2.477387E+01  6.476597E-05
 2.723618E+01  7.591364E-05
 2.969849E+01  6.827809E-05
 3.216080E+01  6.053664E-08
 3.462312E+01  7.288887E-08
 3.708543E+01  9.325735E-08
 3.954774E+01  1.190144E-07
 4.201005E+01  1.498356E-07
 4.447236E+01  1.865570E-07
 4.693467E+01  2.296074E-07
 4.939698E+01  2.784749E-07
 5.185930E+01  3.350637E-07
 5.432161E+01  3.982571E-07
 5.678392E+01  4.707379E-07
 5.924623E+01  5.526076E-07
 6.170854E+01  6.434489E-07
 6.417085E+01  7.394832E-07
 6.663317E+01  8.479086E-07
 6.909548E+01  9.699673E-07
 7.155779E+01  1.097015E-06
 7.402010E+01  1.232382E-06
 7.648241E+01  1.379079E-06
 7.894472E+01  1.533839E-06
 8.140704E+01  1.697847E-06
 8.386935E+01  1.866627E-06
 8.633166E+01  2.042617E-06
 8.879397E+01  2.230039E-06
 9.125628E+01  2.412070E-06
 9.371859E+01  2.592826E-06
 9.618090E+01  2.778688E-06
 9.864322E+01  2.961509E-06
 1.011055E+02  3.129316E-06
 1.035678E+02  3.272973E-06
 1.060302E+02  3.399862E-06
 1.084925E+02  3.504880E-06
 1.109548E+02  3.548782E-06
 1.134171E+02  3.533844E-06
 1.158794E+02  3.435973E-06
 1.183417E+02  3.206592E-06
 1.208040E+02  2.771955E-06
 1.232663E+02  1.934589E-06
 1.257286E+02  5.452428E-08
 1.281910E+02  1.970529E-08
 1.306533E+02  1.252442E-08
 1.331156E+02  9.204463E-09
 1.355779E+02  7.254242E-09
 1.380402E+02  5.966530E-09
 1.405025E+02  5.038868E-09
 1.429648E+02  4.350381E-09
 1.454271E+02  3.808105E-09
 1.478894E+02  3.373311E-09
 1.503518E+02  3.017072E-09
 1.528141E+02  2.720822E-09
 1.552764E+02  2.468128E-09
 1.577387E+02  2.254474E-09
 1.602010E+02  2.065216E-09
 1.626633E+02  1.903204E-09
 1.651256E+02  1.756382E-09
 1.675879E+02  1.628861E-09
 1.700503E+02  1.515089E-09
 1.725126E+02  1.410670E-09
 1.749749E+02  1.317506E-09
 1.774372E+02  1.233949E-09
 1.798995E+02  1.156793E-09
 1.823618E+02  1.087379E-09
 1.848241E+02  1.022681E-09
 1.872864E+02  9.635699E-10
 1.897487E+02  9.091765E-10
 1.922111E+02  8.580144E-10
 1.946734E+02  8.124562E-10
 1.971357E+02  7.692639E-10
 1.995980E+02  7.288383E-10
 2.020603E+02  6.914343E-10
 2.045226E+02  6.565457E-10
 2.069849E+02  6.243842E-10
 2.094472E+02  5.933475E-10
 2.119095E+02  5.643219E-10
 2.143719E+02  5.377154E-10
 2.168342E+02  5.121744E-10
 2.192965E+02  4.880198E-10
 2.217588E+02  4.657603E-10
 2.242211E+02  4.447805E-10
 2.266834E+02  4.243897E-10
 2.291457E+02  4.054765E-10
 2.316080E+02  3.877320E-10
 2.340704E+02  3.710258E-10
 2.365327E+02  3.546288E-10
 2.389950E+02  3.394329E-10
 2.414573E+02  3.254037E-10
 2.439196E+02  3.117143E-10
 2.463819E+02  2.984279E-10
 2.488442E+02  2.861263E-10
 2.513065E+02  2.745362E-10
 2.537688E+02  2.634563E-10
 2.562312E+02  2.525537E-10
 2.586935E+02  2.424017E-10
 2.611558E+02  2.327364E-10
 2.636181E+02  2.235676E-10
 2.660804E+02  2.148645E-10
 2.685427E+02  2.065952E-10
 2.710050E+02  1.987542E-10
 2.734673E+02  1.906712E-10
 2.759296E+02  1.838670E-10
 2.783920E+02  1.764677E-10
 2.808543E+02  1.698250E-10
 2.833166E+02  1.632327E-10
 2.857789E+02  1.572931E-10
 2.882412E+02  1.515315E-10
 2.907035E+02  1.456321E-10
 2.931658E+02  1.405824E-10
 2.956281E+02  1.353864E-10
 2.980905E+02  1.304368E-10
 3.005528E+02  1.256169E-10
 3.030151E+02  1.210814E-10
 3.054774E+02  1.167512E-10
 3.079397E+02  1.126104E-10
 3.104020E+02  1.085472E-10
 3.128643E+02  1.046314E-10
 3.153266E+02  1.009141E-10
 3.177889E+02  9.736197E-11
 3.202513E+02  9.386387E-11
 3.227136E+02  9.071586E-11
 3.251759E+02  8.750775E-11
 3.276382E+02  8.449745E-11
 3.301005E+02  8.157013E-11
 3.325628E+02  7.880081E-11
 3.350251E+02  7.604099E-11
 3.374874E+02  7.340022E-11
 3.399497E+02  7.099342E-11
 3.424121E+02  6.855554E-11
 3.448744E+02  6.618081E-11
 3.473367E+02  6.400758E-11
 3.497990E+02  6.180404E-11
 3.522613E+02  5.977792E-11
 3.547236E+02  5.778034E-11
 3.571859E+02  5.579729E-11
 3.596482E+02  5.391187E-11
 3.621106E+02  5.224799E-11
 3.645729E+02  5.042061E-11
 3.670352E+02  4.881164E-11
 3.694975E+02  4.716214E-11
 3.719598E+02  4.560654E-11
 3.744221E+02  4.418814E-11
 3.768844E+02  4.268907E-11
 3.793467E+02  4.135722E-11
 3.818090E+02  4.000529E-11
 3.842714E+02  3.870600E-11
 3.867337E+02  3.741526E-11
 3.891960E+02  3.624217E-11
 3.916583E+02  3.511119E-11
 3.941206E+02  3.396430E-11
 3.965829E+02  3.290409E-11
 3.990452E+02  3.183073E-11
 4.015075E+02  3.085253E-11
 4.039698E+02  2.984891E-11
 4.064322E+02  2.889342E-11
 4.088945E+02  2.801374E-11
 4.113568E+02  2.710179E-11
 4.138191E+02  2.626978E-11
 4.162814E+02  2.545970E-11
 4.187437E+02  2.465812E-11
 4.212060E+02  2.387513E-11
 4.236683E+02  2.314487E-11
 4.261307E+02  2.240160E-11
 4.285930E+02  2.172397E-11
 4.310553E+02  2.106309E-11
 4.335176E+02  2.039107E-11
 4.359799E+02  1.975308E-11
 4.384422E+02  1.916954E-11
 4.409045E+02  1.854961E-11
 4.433668E+02  1.800420E-11
 4.458291E+02  1.745215E-11
 4.482915E+02  1.692829E-11
 4.507538E+02  1.640001E-11
 4.532161E+02  1.590057E-11
 4.556784E+02  1.542555E-11
 4.581407E+02  1.495422E-11
 4.606030E+02  1.449610E-11
 4.630653E+02  1.404056E-11
 4.655276E+02  1.363737E-11
 4.679899E+02  1.322761E-11
 4.704523E+02  1.284694E-11
 4.729146E+02  1.243936E-11
 4.753769E+02  1.206276E-11
 4.778392E+02  1.169050E-11
 4.803015E+02  1.135432E-11
 4.827638E+02  1.102299E-11
 4.852261E+02  1.067989E-11
 4.876884E+02  1.036473E-11
 4.901508E+02  1.006869E-11
 4.926131E+02  9.769634E-12
 4.950754E+02  9.473247E-12
 4.975377E+02  9.194776E-12
 5.000000E+02  8.938023E-12
