 1.000000E+01  1.217410E-05
 1.246231E+01  2.877689E-05
 1.492462E+01  5.739719E-05
 1.738693E+01  1.014952E-04
 1.984925E+01  1.644213E-04
 2.231156E+01  2.471896E-04
 2.477387E+01  3.470559E-04
 2.723618E+01  4.585657E-04
 2.969849E+01  5.600720E-04
 3.216080E+01  6.151795E-04
 3.462312E+01  5.144543E-04
 3.708543E+01  4.851299E-07
 3.954774E+01  5.604724E-07
 4.201005E+01  6.953157E-07
 4.447236E+01  8.602491E-07
 4.693467E+01  1.054220E-06
 4.939698E+01  1.282336E-06
 5.185930E+01  1.548059E-06
 5.432161E+01  1.851435E-06
 5.678392E+01  2.189446E-06
 5.924623E+01  2.576899E-06
 6.170854E+01  2.996024E-06
 6.417085E+01  3.479555E-06
 6.663317E+01  4.003789E-06
 6.909548E+01  4.594952E-06
 7.155779E+01  5.205699E-06
 7.402010E+01  5.903682E-06
 7.648241E+01  6.635718E-06
 7.894472E+01  7.448033E-06
 8.140704E+01  8.299154E-06
 8.386935E+01  9.220216E-06
 8.633166E+01  1.019098E-05
 8.879397E+01  1.119514E-05
 9.125628E+01  1.232447E-05
 9.371859E+01  1.340658E-05
 9.618090E+01  1.462380E-05
 9.864322E+01  1.581713E-05
 1.011055E+02  1.707449E-05
 1.035678E+02  1.836454E-05
 1.060302E+02  1.965071E-05
 1.084925E+02  2.097480E-05
 1.109548E+02  2.219942E-05
 1.134171E+02  2.340512E-05
 1.158794E+02  2.458714E-05
 1.183417E+02  2.567535E-05
 1.208040E+02  2.665502E-05
 1.232663E+02  2.746699E-05
 1.257286E+02  2.807383E-05
 1.281910E+02  2.834258E-05
 1.306533E+02  2.832230E-05
 1.331156E+02  2.773421E-05
 1.355779E+02  2.646886E-05
 1.380402E+02  2.422127E-05
 1.405025E+02  2.030953E-05
 1.429648E+02  1.303796E-05
 1.454271E+02  3.696211E-07
 1.478894E+02  1.617248E-07
 1.503518E+02  1.071178E-07
 1.528141E+02  8.025397E-08
 1.552764E+02  6.419488E-08
 1.577387E+02  5.335326E-08
 1.602010E+02  4.537804E-08
 1.626633E+02  3.942462E-08
 1.651256E+02  3.472276E-08
 1.675879E+02  3.092647E-08
 1.700503E+02  2.778826E-08
 1.725126E+02  2.518394E-08
 1.749749E+02  2.296132E-08
 1.774372E+02  2.103825E-08
 1.798995E+02  1.936291E-08
 1.823618E+02  1.791376E-08
 1.848241E+02  1.659122E-08
 1.872864E+02  1.545372E-08
 1.897487E+02  1.442623E-08
 1.922111E+02  1.347879E-08
 1.946734E+02  1.264348E-08
 1.971357E+02  1.187858E-08
 1.995980E+02  1.118811E-08
 2.020603E+02  1.053913E-08
 2.045226E+02  9.945022E-09
 2.069849E+02  9.412859E-09
 2.094472E+02  8.905629E-09
 2.119095E+02  8.445125E-09
 2.143719E+02  8.026474E-09
 2.168342E+02  7.616435E-09
 2.192965E+02  7.243185E-09
 2.217588E+02  6.889696E-09
 2.242211E+02  6.575320E-09
 2.266834E+02  6.261465E-09
 2.291457E+02  5.976756E-09
 2.316080E+02  5.708005E-09
 2.340704E+02  5.457815E-09
 2.365327E+02  5.211823E-09
 2.389950E+02  4.987112E-09
 2.414573E+02  4.775205E-09
 2.439196E+02  4.576938E-09
 2.463819E+02  4.387428E-09
 2.488442E+02  4.199676E-09
 2.513065E+02  4.033747E-09
 2.537688E+02  3.871853E-09
 2.562312E+02  3.714481E-09
 2.586935E+02  3.569845E-09
 2.611558E+02  3.428861E-09
 2.636181E+02  3.294448E-09
 2.660804E+02  3.170845E-09
 2.685427E+02  3.049999E-09
 2.710050E+02  2.935102E-09
 2.734673E+02  2.822641E-09
 2.759296E+02  2.720177E-09
 2.783920E+02  2.618440E-09
 2.808543E+02  2.522366E-09
 2.833166E+02  2.430863E-09
 2.857789E+02  2.343314E-09
 2.882412E+02  2.259567E-09
 2.907035E+02  2.179649E-09
 2.931658E+02  2.101290E-09
 2.956281E+02  2.032496E-09
 2.980905E+02  1.958188E-09
 3.005528E+02  1.890841E-09
 3.030151E+02  1.827814E-09
 3.054774E+02  1.764174E-09
 3.079397E+02  1.700738E-09
 3.104020E+02  1.646547E-09
 3.128643E+02  1.589669E-09
 3.153266E+02  1.536327E-09
 3.177889E+02  1.485260E-09
 3.202513E+02  1.436920E-09
 3.227136E+02  1.389593E-09
 3.251759E+02  1.342461E-09
 3.276382E+02  1.297914E-09
 3.301005E+02  1.257300E-09
 3.325628E+02  1.215163E-09
 3.350251E+02  1.176094E-09
 3.374874E+02  1.139382E-09
 3.399497E+02  1.103873E-09
 3.424121E+02  1.066981E-09
 3.448744E+02  1.034607E-09
 3.473367E+02  1.000399E-09
 3.497990E+02  9.700400E-10
 3.522613E+02  9.394605E-10
 3.547236E+02  9.102360E-10
 3.571859E+02  8.825917E-10
 3.596482E+02  8.557477E-10
 3.621106E+02  8.283036E-10
 3.645729E+02  8.027847E-10
 3.670352E+02  7.785764E-10
 3.694975E+02  7.543999E-10
 3.719598E+02  7.315034E-10
 3.744221E+02  7.094974E-10
 3.768844E+02  6.882440E-10
 3.793467E+02  6.670705E-10
 3.818090E+02  6.475017E-10
 3.842714E+02  6.285722E-10
 3.867337E+02  6.094848E-10
 3.891960E+02  5.910716E-10
 3.916583E+02  5.738650E-10
 3.941206E+02  5.570381E-10
 3.965829E+02  5.400250E-10
 3.990452E+02  5.240905E-10
 4.015075E+02  5.096043E-10
 4.039698E+02  4.944505E-10
 4.064322E+02  4.798850E-10
 4.088945E+02  4.656957E-10
 4.113568E+02  4.522072E-10
 4.138191E+02  4.391908E-10
 4.162814E+02  4.268476E-10
 4.187437E+02  4.145847E-10
 4.212060E+02  4.024681E-10
 4.236683E+02  3.911520E-10
 4.261307E+02  3.801537E-10
 4.285930E+02  3.694888E-10
 4.310553E+02  3.586035E-10
 4.335176E+02  3.488265E-10
 4.359799E+02  3.384715E-10
 4.384422E+02  3.289913E-10
 4.409045E+02  3.196232E-10
 4.433668E+02  3.114804E-10
 4.458291E+02  3.020321E-10
 4.482915E+02  2.934121E-10
 4.507538E+02  2.856257E-10
 4.532161E+02  2.776080E-10
 4.556784E+02  2.697277E-10
 4.581407E+02  2.623618E-10
 4.606030E+02  2.552680E-10
 4.630653E+02  2.482252E-10
 4.655276E+02  2.412716E-10
 4.679899E+02  2.345700E-10
 4.704523E+02  2.282337E-10
 4.729146E+02  2.220365E-10
 4.753769E+02  2.161758E-10
 4.778392E+02  2.101581E-10
 4.803015E+02  2.045835E-10
 4.827638E+02  1.987683E-10
 4.852261E+02  1.936901E-10
 4.876884E+02  1.881969E-10
 4.901508E+02  1.830936E-10
 4.926131E+02  1.782049E-10
 4.950754E+02  1.732531E-10
 4.975377E+02  1.687794E-10
 5.000000E+02  1.641955E-10
