 1.000000E+01  1.392174E-06
 1.246231E+01  3.331458E-06
 1.492462E+01  6.785006E-06
 1.738693E+01  1.237128E-05
 1.984925E+01  2.069682E-05
 2.231156E+01  3.258390E-05
 2.477387E+01  4.873760E-05
 2.723618E+01  6.977618E-05
 2.969849E+01  9.641648E-05
 3.216080E+01  1.293644E-04
 3.462312E+01  1.686099E-04
 3.708543E+01  2.145674E-04
 3.954774E+01  2.674731E-04
 4.201005E+01  3.252860E-04
 4.447236E+01  3.869796E-04
 4.693467E+01  4.523447E-04
 4.939698E+01  5.140354E-04
 5.185930E+01  5.691940E-04
 5.432161E+01  6.074685E-04
 5.678392E+01  6.112786E-04
 5.924623E+01  5.532865E-04
 6.170854E+01  3.242896E-04
 6.417085E+01  4.854670E-07
 6.663317E+01  5.162874E-07
 6.909548E+01  5.772536E-07
 7.155779E+01  6.528474E-07
 7.402010E+01  7.410630E-07
 7.648241E+01  8.373836E-07
 7.894472E+01  9.468682E-07
 8.140704E+01  1.061190E-06
 8.386935E+01  1.189734E-06
 8.633166E+01  1.329947E-06
 8.879397E+01  1.483767E-06
 9.125628E+01  1.651212E-06
 9.371859E+01  1.825847E-06
 9.618090E+01  2.015819E-06
 9.864322E+01  2.220344E-06
 1.011055E+02  2.435746E-06
 1.035678E+02  2.669605E-06
 1.060302E+02  2.912421E-06
 1.084925E+02  3.181018E-06
 1.109548E+02  3.458922E-06
 1.134171E+02  3.753538E-06
 1.158794E+02  4.076650E-06
 1.183417E+02  4.398738E-06
 1.208040E+02  4.743371E-06
 1.232663E+02  5.112921E-06
 1.257286E+02  5.489707E-06
 1.281910E+02  5.906714E-06
 1.306533E+02  6.312751E-06
 1.331156E+02  6.769135E-06
 1.355779E+02  7.243719E-06
 1.380402E+02  7.734351E-06
 1.405025E+02  8.214760E-06
 1.429648E+02  8.738388E-06
 1.454271E+02  9.252281E-06
 1.478894E+02  9.821564E-06
 1.503518E+02  1.039586E-05
 1.528141E+02  1.097369E-05
 1.552764E+02  1.160091E-05
 1.577387E+02  1.222809E-05
 1.602010E+02  1.287006E-05
 1.626633E+02  1.351422E-05
 1.651256E+02  1.420209E-05
 1.675879E+02  1.491024E-05
 1.700503E+02  1.560350E-05
 1.725126E+02  1.634544E-05
 1.749749E+02  1.708000E-05
 1.774372E+02  1.778133E-05
 1.798995E+02  1.848612E-05
 1.823618E+02  1.926475E-05
 1.848241E+02  2.001887E-05
 1.872864E+02  2.073681E-05
 1.897487E+02  2.147726E-05
 1.922111E+02  2.218847E-05
 1.946734E+02  2.296853E-05
 1.971357E+02  2.360368E-05
 1.995980E+02  2.432597E-05
 2.020603E+02  2.496883E-05
 2.045226E+02  2.560634E-05
 2.069849E+02  2.618516E-05
 2.094472E+02  2.667168E-05
 2.119095E+02  2.719956E-05
 2.143719E+02  2.757341E-05
 2.168342E+02  2.799756E-05
 2.192965E+02  2.819127E-05
 2.217588E+02  2.835835E-05
 2.242211E+02  2.839458E-05
 2.266834E+02  2.833097E-05
 2.291457E+02  2.801459E-05
 2.316080E+02  2.747201E-05
 2.340704E+02  2.670882E-05
 2.365327E+02  2.573866E-05
 2.389950E+02  2.426981E-05
 2.414573E+02  2.232498E-05
 2.439196E+02  1.963461E-05
 2.463819E+02  1.576634E-05
 2.488442E+02  9.248625E-06
 2.513065E+02  4.677863E-07
 2.537688E+02  2.314156E-07
 2.562312E+02  1.602722E-07
 2.586935E+02  1.238995E-07
 2.611558E+02  1.013506E-07
 2.636181E+02  8.571619E-08
 2.660804E+02  7.421526E-08
 2.685427E+02  6.542943E-08
 2.710050E+02  5.843172E-08
 2.734673E+02  5.272227E-08
 2.759296E+02  4.798309E-08
 2.783920E+02  4.397900E-08
 2.808543E+02  4.053274E-08
 2.833166E+02  3.758822E-08
 2.857789E+02  3.495940E-08
 2.882412E+02  3.264371E-08
 2.907035E+02  3.058111E-08
 2.931658E+02  2.873382E-08
 2.956281E+02  2.709329E-08
 2.980905E+02  2.558092E-08
 3.005528E+02  2.422023E-08
 3.030151E+02  2.298077E-08
 3.054774E+02  2.183269E-08
 3.079397E+02  2.080205E-08
 3.104020E+02  1.979554E-08
 3.128643E+02  1.893603E-08
 3.153266E+02  1.806873E-08
 3.177889E+02  1.729279E-08
 3.202513E+02  1.658619E-08
 3.227136E+02  1.589051E-08
 3.251759E+02  1.525168E-08
 3.276382E+02  1.465008E-08
 3.301005E+02  1.408857E-08
 3.325628E+02  1.355577E-08
 3.350251E+02  1.305508E-08
 3.374874E+02  1.257660E-08
 3.399497E+02  1.214250E-08
 3.424121E+02  1.172669E-08
 3.448744E+02  1.131055E-08
 3.473367E+02  1.092453E-08
 3.497990E+02  1.056649E-08
 3.522613E+02  1.022189E-08
 3.547236E+02  9.886458E-09
 3.571859E+02  9.583652E-09
 3.596482E+02  9.268129E-09
 3.621106E+02  8.985391E-09
 3.645729E+02  8.713521E-09
 3.670352E+02  8.447540E-09
 3.694975E+02  8.197766E-09
 3.719598E+02  7.955312E-09
 3.744221E+02  7.727792E-09
 3.768844E+02  7.498616E-09
 3.793467E+02  7.283761E-09
 3.818090E+02  7.084405E-09
 3.842714E+02  6.882800E-09
 3.867337E+02  6.695101E-09
 3.891960E+02  6.514742E-09
 3.916583E+02  6.340287E-09
 3.941206E+02  6.164657E-09
 3.965829E+02  6.002380E-09
 3.990452E+02  5.841797E-09
 4.015075E+02  5.678151E-09
 4.039698E+02  5.534788E-09
 4.064322E+02  5.397221E-09
 4.088945E+02  5.251932E-09
 4.113568E+02  5.121252E-09
 4.138191E+02  4.996260E-09
 4.162814E+02  4.874126E-09
 4.187437E+02  4.750685E-09
 4.212060E+02  4.634469E-09
 4.236683E+02  4.523492E-09
 4.261307E+02  4.412805E-09
 4.285930E+02  4.305461E-09
 4.310553E+02  4.200002E-09
 4.335176E+02  4.108925E-09
 4.359799E+02  4.003652E-09
 4.384422E+02  3.910310E-09
 4.409045E+02  3.821571E-09
 4.433668E+02  3.731919E-09
 4.458291E+02  3.647023E-09
 4.482915E+02  3.562391E-09
 4.507538E+02  3.479987E-09
 4.532161E+02  3.401270E-09
 4.556784E+02  3.321930E-09
 4.581407E+02  3.247243E-09
 4.606030E+02  3.181007E-09
 4.630653E+02  3.105326E-09
 4.655276E+02  3.038763E-09
 4.679899E+02  2.970720E-09
 4.704523E+02  2.907790E-09
 4.729146E+02  2.843634E-09
 4.753769E+02  2.780150E-09
 4.778392E+02  2.719017E-09
 4.803015E+02  2.662128E-09
 4.827638E+02  2.606797E-09
 4.852261E+02  2.549340E-09
 4.876884E+02  2.497851E-09
 4.901508E+02  2.441847E-09
 4.926131E+02  2.393019E-09
 4.950754E+02  2.341589E-09
 4.975377E+02  2.293566E-09
 5.000000E+02  2.243510E-09
