 1.000000E+01  3.416710E-04
 1.246231E+01  4.877830E-04
 1.492462E+01  6.260298E-04
 1.738693E+01  7.344662E-04
 1.984925E+01  7.970595E-04
 2.231156E+01  7.917505E-04
 2.477387E+01  7.081143E-04
 2.723618E+01  5.407399E-04
 2.969849E+01  3.045537E-04
 3.216080E+01  6.236110E-05
 3.462312E+01  1.226010E-05
 3.708543E+01  1.384729E-05
 3.954774E+01  1.546770E-05
 4.201005E+01  1.710308E-05
 4.447236E+01  1.875012E-05
 4.693467E+01  2.049713E-05
 4.939698E+01  2.211294E-05
 5.185930E+01  2.378830E-05
 5.432161E+01  2.541571E-05
 5.678392E+01  2.701218E-05
 5.924623E+01  2.856084E-05
 6.170854E+01  2.995326E-05
 6.417085E+01  3.127018E-05
 6.663317E+01  3.246959E-05
 6.909548E+01  3.364189E-05
 7.155779E+01  3.460492E-05
 7.402010E+01  3.542457E-05
 7.648241E+01  3.595527E-05
 7.894472E+01  3.660503E-05
 8.140704E+01  3.689751E-05
 8.386935E+01  3.690091E-05
 8.633166E+01  3.687904E-05
 8.879397E+01  3.654750E-05
 9.125628E+01  3.595840E-05
 9.371859E+01  3.504653E-05
 9.618090E+01  3.399169E-05
 9.864322E+01  3.276854E-05
 1.011055E+02  3.120014E-05
 1.035678E+02  2.941605E-05
 1.060302E+02  2.733084E-05
 1.084925E+02  2.506497E-05
 1.109548E+02  2.259887E-05
 1.134171E+02  1.995686E-05
 1.158794E+02  1.717316E-05
 1.183417E+02  1.421755E-05
 1.208040E+02  1.128620E-05
 1.232663E+02  8.310858E-06
 1.257286E+02  5.481568E-06
 1.281910E+02  2.906930E-06
 1.306533E+02  8.535795E-07
 1.331156E+02  8.783547E-08
 1.355779E+02  6.357483E-08
 1.380402E+02  5.182582E-08
 1.405025E+02  4.412496E-08
 1.429648E+02  3.847552E-08
 1.454271E+02  3.404291E-08
 1.478894E+02  3.049425E-08
 1.503518E+02  2.755121E-08
 1.528141E+02  2.507861E-08
 1.552764E+02  2.295926E-08
 1.577387E+02  2.110314E-08
 1.602010E+02  1.942159E-08
 1.626633E+02  1.798379E-08
 1.651256E+02  1.669987E-08
 1.675879E+02  1.555128E-08
 1.700503E+02  1.449694E-08
 1.725126E+02  1.354640E-08
 1.749749E+02  1.270470E-08
 1.774372E+02  1.192154E-08
 1.798995E+02  1.120108E-08
 1.823618E+02  1.052457E-08
 1.848241E+02  9.924794E-09
 1.872864E+02  9.357030E-09
 1.897487E+02  8.835645E-09
 1.922111E+02  8.350581E-09
 1.946734E+02  7.894781E-09
 1.971357E+02  7.470212E-09
 1.995980E+02  7.085946E-09
 2.020603E+02  6.718443E-09
 2.045226E+02  6.378512E-09
 2.069849E+02  6.064569E-09
 2.094472E+02  5.751093E-09
 2.119095E+02  5.473555E-09
 2.143719E+02  5.204014E-09
 2.168342E+02  4.955404E-09
 2.192965E+02  4.725465E-09
 2.217588E+02  4.505080E-09
 2.242211E+02  4.287635E-09
 2.266834E+02  4.094413E-09
 2.291457E+02  3.907692E-09
 2.316080E+02  3.732792E-09
 2.340704E+02  3.561023E-09
 2.365327E+02  3.399054E-09
 2.389950E+02  3.255196E-09
 2.414573E+02  3.113776E-09
 2.439196E+02  2.980325E-09
 2.463819E+02  2.848170E-09
 2.488442E+02  2.727368E-09
 2.513065E+02  2.611304E-09
 2.537688E+02  2.498167E-09
 2.562312E+02  2.394857E-09
 2.586935E+02  2.294675E-09
 2.611558E+02  2.201346E-09
 2.636181E+02  2.109116E-09
 2.660804E+02  2.020636E-09
 2.685427E+02  1.942775E-09
 2.710050E+02  1.861378E-09
 2.734673E+02  1.788448E-09
 2.759296E+02  1.713846E-09
 2.783920E+02  1.645499E-09
 2.808543E+02  1.583395E-09
 2.833166E+02  1.518045E-09
 2.857789E+02  1.460309E-09
 2.882412E+02  1.404198E-09
 2.907035E+02  1.349337E-09
 2.931658E+02  1.296139E-09
 2.956281E+02  1.247329E-09
 2.980905E+02  1.198938E-09
 3.005528E+02  1.152246E-09
 3.030151E+02  1.109285E-09
 3.054774E+02  1.067537E-09
 3.079397E+02  1.027258E-09
 3.104020E+02  9.913695E-10
 3.128643E+02  9.524068E-10
 3.153266E+02  9.179282E-10
 3.177889E+02  8.835886E-10
 3.202513E+02  8.502457E-10
 3.227136E+02  8.190709E-10
 3.251759E+02  7.890047E-10
 3.276382E+02  7.598585E-10
 3.301005E+02  7.336682E-10
 3.325628E+02  7.061923E-10
 3.350251E+02  6.804640E-10
 3.374874E+02  6.567669E-10
 3.399497E+02  6.331571E-10
 3.424121E+02  6.102410E-10
 3.448744E+02  5.882259E-10
 3.473367E+02  5.675630E-10
 3.497990E+02  5.477472E-10
 3.522613E+02  5.293072E-10
 3.547236E+02  5.100439E-10
 3.571859E+02  4.919286E-10
 3.596482E+02  4.740174E-10
 3.621106E+02  4.586423E-10
 3.645729E+02  4.415425E-10
 3.670352E+02  4.270406E-10
 3.694975E+02  4.122469E-10
 3.719598E+02  3.983514E-10
 3.744221E+02  3.843075E-10
 3.768844E+02  3.717116E-10
 3.793467E+02  3.581862E-10
 3.818090E+02  3.464610E-10
 3.842714E+02  3.343338E-10
 3.867337E+02  3.236892E-10
 3.891960E+02  3.124611E-10
 3.916583E+02  3.016918E-10
 3.941206E+02  2.918069E-10
 3.965829E+02  2.819193E-10
 3.990452E+02  2.724121E-10
 4.015075E+02  2.639243E-10
 4.039698E+02  2.547821E-10
 4.064322E+02  2.462730E-10
 4.088945E+02  2.382153E-10
 4.113568E+02  2.302505E-10
 4.138191E+02  2.226123E-10
 4.162814E+02  2.152488E-10
 4.187437E+02  2.081825E-10
 4.212060E+02  2.011394E-10
 4.236683E+02  1.947486E-10
 4.261307E+02  1.886147E-10
 4.285930E+02  1.823568E-10
 4.310553E+02  1.764882E-10
 4.335176E+02  1.707801E-10
 4.359799E+02  1.653454E-10
 4.384422E+02  1.600416E-10
 4.409045E+02  1.547621E-10
 4.433668E+02  1.497671E-10
 4.458291E+02  1.448810E-10
 4.482915E+02  1.405329E-10
 4.507538E+02  1.356812E-10
 4.532161E+02  1.315162E-10
 4.556784E+02  1.272627E-10
 4.581407E+02  1.233845E-10
 4.606030E+02  1.195702E-10
 4.630653E+02  1.155695E-10
 4.655276E+02  1.120084E-10
 4.679899E+02  1.082308E-10
 4.704523E+02  1.049597E-10
 4.729146E+02  1.017371E-10
 4.753769E+02  9.846091E-11
 4.778392E+02  9.531959E-11
 4.803015E+02  9.231749E-11
 4.827638E+02  8.967791E-11
 4.852261E+02  8.677949E-11
 4.876884E+02  8.400686E-11
 4.901508E+02  8.149353E-11
 4.926131E+02  7.889296E-11
 4.950754E+02  7.631431E-11
 4.975377E+02  7.404001E-11
 5.000000E+02  7.186180E-11
