 1.000000E+01  3.421045E-04
 1.246231E+01  4.877345E-04
 1.492462E+01  6.255721E-04
 1.738693E+01  7.356108E-04
 1.984925E+01  7.976848E-04
 2.231156E+01  7.926941E-04
 2.477387E+01  7.086489E-04
 2.723618E+01  5.403499E-04
 2.969849E+01  3.042629E-04
 3.216080E+01  6.223538E-05
 3.462312E+01  1.226923E-05
 3.708543E+01  1.382282E-05
 3.954774E+01  1.547866E-05
 4.201005E+01  1.707110E-05
 4.447236E+01  1.879029E-05
 4.693467E+01  2.047505E-05
 4.939698E+01  2.213371E-05
 5.185930E+01  2.379127E-05
 5.432161E+01  2.542155E-05
 5.678392E+01  2.699237E-05
 5.924623E+01  2.848478E-05
 6.170854E+01  2.998550E-05
 6.417085E+01  3.134566E-05
 6.663317E+01  3.251592E-05
 6.909548E+01  3.365731E-05
 7.155779E+01  3.466311E-05
 7.402010E+01  3.537538E-05
 7.648241E+01  3.604810E-05
 7.894472E+01  3.659384E-05
 8.140704E+01  3.682239E-05
 8.386935E+01  3.694830E-05
 8.633166E+01  3.683735E-05
 8.879397E+01  3.649711E-05
 9.125628E+01  3.590671E-05
 9.371859E+01  3.507353E-05
 9.618090E+01  3.400877E-05
 9.864322E+01  3.276654E-05
 1.011055E+02  3.116177E-05
 1.035678E+02  2.929404E-05
 1.060302E+02  2.732330E-05
 1.084925E+02  2.507001E-05
 1.109548E+02  2.263624E-05
 1.134171E+02  1.995833E-05
 1.158794E+02  1.715512E-05
 1.183417E+02  1.423751E-05
 1.208040E+02  1.127695E-05
 1.232663E+02  8.321942E-06
 1.257286E+02  5.487426E-06
 1.281910E+02  2.902577E-06
 1.306533E+02  8.553514E-07
 1.331156E+02  8.775290E-08
 1.355779E+02  6.360082E-08
 1.380402E+02  5.182851E-08
 1.405025E+02  4.412799E-08
 1.429648E+02  3.845765E-08
 1.454271E+02  3.405408E-08
 1.478894E+02  3.051422E-08
 1.503518E+02  2.753945E-08
 1.528141E+02  2.507416E-08
 1.552764E+02  2.292606E-08
 1.577387E+02  2.105811E-08
 1.602010E+02  1.942419E-08
 1.626633E+02  1.801938E-08
 1.651256E+02  1.671290E-08
 1.675879E+02  1.553563E-08
 1.700503E+02  1.451780E-08
 1.725126E+02  1.355922E-08
 1.749749E+02  1.270291E-08
 1.774372E+02  1.190529E-08
 1.798995E+02  1.119362E-08
 1.823618E+02  1.051803E-08
 1.848241E+02  9.922381E-09
 1.872864E+02  9.356832E-09
 1.897487E+02  8.823576E-09
 1.922111E+02  8.342772E-09
 1.946734E+02  7.897826E-09
 1.971357E+02  7.475709E-09
 1.995980E+02  7.089442E-09
 2.020603E+02  6.719339E-09
 2.045226E+02  6.377742E-09
 2.069849E+02  6.053615E-09
 2.094472E+02  5.757018E-09
 2.119095E+02  5.476857E-09
 2.143719E+02  5.211413E-09
 2.168342E+02  4.956996E-09
 2.192965E+02  4.717218E-09
 2.217588E+02  4.502176E-09
 2.242211E+02  4.294599E-09
 2.266834E+02  4.095696E-09
 2.291457E+02  3.903308E-09
 2.316080E+02  3.735833E-09
 2.340704E+02  3.558627E-09
 2.365327E+02  3.403606E-09
 2.389950E+02  3.247846E-09
 2.414573E+02  3.115221E-09
 2.439196E+02  2.979912E-09
 2.463819E+02  2.850282E-09
 2.488442E+02  2.723080E-09
 2.513065E+02  2.608262E-09
 2.537688E+02  2.500543E-09
 2.562312E+02  2.395147E-09
 2.586935E+02  2.297341E-09
 2.611558E+02  2.199186E-09
 2.636181E+02  2.111814E-09
 2.660804E+02  2.020178E-09
 2.685427E+02  1.943466E-09
 2.710050E+02  1.860476E-09
 2.734673E+02  1.788777E-09
 2.759296E+02  1.713993E-09
 2.783920E+02  1.646818E-09
 2.808543E+02  1.582476E-09
 2.833166E+02  1.520055E-09
 2.857789E+02  1.460697E-09
 2.882412E+02  1.401519E-09
 2.907035E+02  1.350081E-09
 2.931658E+02  1.296390E-09
 2.956281E+02  1.247423E-09
 2.980905E+02  1.199834E-09
 3.005528E+02  1.154410E-09
 3.030151E+02  1.109460E-09
 3.054774E+02  1.069299E-09
 3.079397E+02  1.027273E-09
 3.104020E+02  9.897304E-10
 3.128643E+02  9.514493E-10
 3.153266E+02  9.169928E-10
 3.177889E+02  8.825514E-10
 3.202513E+02  8.497858E-10
 3.227136E+02  8.209334E-10
 3.251759E+02  7.892168E-10
 3.276382E+02  7.607908E-10
 3.301005E+02  7.324151E-10
 3.325628E+02  7.054310E-10
 3.350251E+02  6.814508E-10
 3.374874E+02  6.560244E-10
 3.399497E+02  6.330630E-10
 3.424121E+02  6.099850E-10
 3.448744E+02  5.884446E-10
 3.473367E+02  5.677665E-10
 3.497990E+02  5.476969E-10
 3.522613E+02  5.287358E-10
 3.547236E+02  5.097415E-10
 3.571859E+02  4.921675E-10
 3.596482E+02  4.745952E-10
 3.621106E+02  4.585578E-10
 3.645729E+02  4.426076E-10
 3.670352E+02  4.273274E-10
 3.694975E+02  4.123297E-10
 3.719598E+02  3.980120E-10
 3.744221E+02  3.844369E-10
 3.768844E+02  3.712381E-10
 3.793467E+02  3.587173E-10
 3.818090E+02  3.465005E-10
 3.842714E+02  3.345995E-10
 3.867337E+02  3.236530E-10
 3.891960E+02  3.122305E-10
 3.916583E+02  3.020462E-10
 3.941206E+02  2.919885E-10
 3.965829E+02  2.818386E-10
 3.990452E+02  2.729443E-10
 4.015075E+02  2.634935E-10
 4.039698E+02  2.544732E-10
 4.064322E+02  2.463539E-10
 4.088945E+02  2.381736E-10
 4.113568E+02  2.303003E-10
 4.138191E+02  2.226724E-10
 4.162814E+02  2.151490E-10
 4.187437E+02  2.080905E-10
 4.212060E+02  2.015463E-10
 4.236683E+02  1.949272E-10
 4.261307E+02  1.882580E-10
 4.285930E+02  1.822747E-10
 4.310553E+02  1.766514E-10
 4.335176E+02  1.706248E-10
 4.359799E+02  1.652983E-10
 4.384422E+02  1.599800E-10
 4.409045E+02  1.547677E-10
 4.433668E+02  1.498100E-10
 4.458291E+02  1.448340E-10
 4.482915E+02  1.403261E-10
 4.507538E+02  1.357098E-10
 4.532161E+02  1.316140E-10
 4.556784E+02  1.273025E-10
 4.581407E+02  1.233807E-10
 4.606030E+02  1.193184E-10
 4.630653E+02  1.155935E-10
 4.655276E+02  1.118352E-10
 4.679899E+02  1.084041E-10
 4.704523E+02  1.051133E-10
 4.729146E+02  1.017455E-10
 4.753769E+02  9.850230E-11
 4.778392E+02  9.538627E-11
 4.803015E+02  9.249545E-11
 4.827638E+02  8.960650E-11
 4.852261E+02  8.679773E-11
 4.876884E+02  8.408547E-11
 4.901508E+02  8.140722E-11
 4.926131E+02  7.893434E-11
 4.950754E+02  7.637384E-11
 4.975377E+02  7.410262E-11
 5.000000E+02  7.176349E-11
