 1.000000E+01  2.422078E-05
 1.191919E+01  4.769591E-05
 1.383838E+01  8.395094E-05
 1.575758E+01  1.359716E-04
 1.767677E+01  2.055300E-04
 1.959596E+01  2.928967E-04
 2.151515E+01  3.962958E-04
 2.343434E+01  5.095632E-04
 2.535354E+01  6.166440E-04
 2.727273E+01  6.904077E-04
 2.919192E+01  6.612713E-04
 3.111111E+01  2.248645E-04
 3.303030E+01  4.911263E-08
 3.494949E+01  2.770312E-08
 3.686869E+01  1.976011E-08
 3.878788E+01  1.562430E-08
 4.070707E+01  1.300177E-08
 4.262626E+01  1.121955E-08
 4.454545E+01  9.879509E-09
 4.646465E+01  8.887019E-09
 4.838384E+01  8.073931E-09
 5.030303E+01  7.401877E-09
 5.222222E+01  6.857483E-09
 5.414141E+01  6.377175E-09
 5.606061E+01  5.965395E-09
 5.797980E+01  5.614064E-09
 5.989899E+01  5.292843E-09
 6.181818E+01  5.003630E-09
 6.373737E+01  4.766694E-09
 6.565657E+01  4.536954E-09
 6.757576E+01  4.331339E-09
 6.949495E+01  4.148157E-09
 7.141414E+01  3.976813E-09
 7.333333E+01  3.815671E-09
 7.525253E+01  3.676958E-09
 7.717172E+01  3.548269E-09
 7.909091E+01  3.434946E-09
 8.101010E+01  3.320440E-09
 8.292929E+01  3.217685E-09
 8.484848E+01  3.128504E-09
 8.676768E+01  3.038516E-09
 8.868687E+01  2.959788E-09
 9.060606E+01  2.887182E-09
 9.252525E+01  2.813330E-09
 9.444444E+01  2.751030E-09
 9.636364E+01  2.688399E-09
 9.828283E+01  2.632222E-09
 1.002020E+02  2.573061E-09
 1.021212E+02  2.519322E-09
 1.040404E+02  2.463719E-09
 1.059596E+02  2.409146E-09
 1.078788E+02  2.350363E-09
 1.097980E+02  2.292141E-09
 1.117172E+02  2.223259E-09
 1.136364E+02  2.151297E-09
 1.155556E+02  2.069031E-09
 1.174747E+02  1.972404E-09
 1.193939E+02  1.860602E-09
 1.213131E+02  1.709301E-09
 1.232323E+02  1.505503E-09
 1.251515E+02  1.078407E-09
 1.270707E+02  1.064904E-09
 1.289899E+02  1.036918E-09
 1.309091E+02  1.007208E-09
 1.328283E+02  9.779118E-10
 1.347475E+02  9.481049E-10
 1.366667E+02  9.188400E-10
 1.385859E+02  8.887709E-10
 1.405051E+02  8.613520E-10
 1.424242E+02  8.340121E-10
 1.443434E+02  8.071604E-10
 1.462626E+02  7.822743E-10
 1.481818E+02  7.567704E-10
 1.501010E+02  7.336726E-10
 1.520202E+02  7.096075E-10
 1.539394E+02  6.873220E-10
 1.558586E+02  6.650317E-10
 1.577778E+02  6.450583E-10
 1.596970E+02  6.244489E-10
 1.616162E+02  6.057996E-10
 1.635354E+02  5.864874E-10
 1.654545E+02  5.680564E-10
 1.673737E+02  5.504159E-10
 1.692929E+02  5.334325E-10
 1.712121E+02  5.169575E-10
 1.731313E+02  5.008590E-10
 1.750505E+02  4.856063E-10
 1.769697E+02  4.704816E-10
 1.788889E+02  4.561590E-10
 1.808081E+02  4.423844E-10
 1.827273E+02  4.292638E-10
 1.846465E+02  4.158725E-10
 1.865657E+02  4.032686E-10
 1.884848E+02  3.913938E-10
 1.904040E+02  3.796609E-10
 1.923232E+02  3.686290E-10
 1.942424E+02  3.574710E-10
 1.961616E+02  3.467180E-10
 1.980808E+02  3.365724E-10
 2.000000E+02  3.266214E-10
