 1.000000E+01  1.105136E-04
 1.191919E+01  2.189546E-04
 1.383838E+01  3.889639E-04
 1.575758E+01  6.367830E-04
 1.767677E+01  9.765030E-04
 1.959596E+01  1.423492E-03
 2.151515E+01  1.973160E-03
 2.343434E+01  2.635598E-03
 2.535354E+01  3.373594E-03
 2.727273E+01  4.153543E-03
 2.919192E+01  4.901339E-03
 3.111111E+01  5.455634E-03
 3.303030E+01  5.517958E-03
 3.494949E+01  4.267231E-03
 3.686869E+01  7.962384E-07
 3.878788E+01  3.186041E-07
 4.070707E+01  2.076689E-07
 4.262626E+01  1.569289E-07
 4.454545E+01  1.276679E-07
 4.646465E+01  1.083065E-07
 4.838384E+01  9.449203E-08
 5.030303E+01  8.419043E-08
 5.222222E+01  7.616334E-08
 5.414141E+01  6.943667E-08
 5.606061E+01  6.407923E-08
 5.797980E+01  5.950871E-08
 5.989899E+01  5.567298E-08
 6.181818E+01  5.215157E-08
 6.373737E+01  4.921200E-08
 6.565657E+01  4.648159E-08
 6.757576E+01  4.411010E-08
 6.949495E+01  4.196466E-08
 7.141414E+01  4.009866E-08
 7.333333E+01  3.833655E-08
 7.525253E+01  3.675333E-08
 7.717172E+01  3.518991E-08
 7.909091E+01  3.392860E-08
 8.101010E+01  3.261179E-08
 8.292929E+01  3.155167E-08
 8.484848E+01  3.043740E-08
 8.676768E+01  2.947116E-08
 8.868687E+01  2.858179E-08
 9.060606E+01  2.773424E-08
 9.252525E+01  2.694050E-08
 9.444444E+01  2.620452E-08
 9.636364E+01  2.553875E-08
 9.828283E+01  2.487784E-08
 1.002020E+02  2.430768E-08
 1.021212E+02  2.375277E-08
 1.040404E+02  2.322658E-08
 1.059596E+02  2.274842E-08
 1.078788E+02  2.225647E-08
 1.097980E+02  2.182172E-08
 1.117172E+02  2.142212E-08
 1.136364E+02  2.103318E-08
 1.155556E+02  2.063000E-08
 1.174747E+02  2.022853E-08
 1.193939E+02  1.986471E-08
 1.213131E+02  1.947387E-08
 1.232323E+02  1.908318E-08
 1.251515E+02  1.865228E-08
 1.270707E+02  1.826639E-08
 1.289899E+02  1.778835E-08
 1.309091E+02  1.729330E-08
 1.328283E+02  1.673777E-08
 1.347475E+02  1.611824E-08
 1.366667E+02  1.541774E-08
 1.385859E+02  1.450286E-08
 1.405051E+02  1.340674E-08
 1.424242E+02  1.192243E-08
 1.443434E+02  8.783285E-09
 1.462626E+02  8.540583E-09
 1.481818E+02  8.370281E-09
 1.501010E+02  8.174136E-09
 1.520202E+02  7.970510E-09
 1.539394E+02  7.761921E-09
 1.558586E+02  7.554887E-09
 1.577778E+02  7.356928E-09
 1.596970E+02  7.151929E-09
 1.616162E+02  6.955148E-09
 1.635354E+02  6.765017E-09
 1.654545E+02  6.579563E-09
 1.673737E+02  6.399663E-09
 1.692929E+02  6.215912E-09
 1.712121E+02  6.053907E-09
 1.731313E+02  5.886635E-09
 1.750505E+02  5.720877E-09
 1.769697E+02  5.558598E-09
 1.788889E+02  5.408247E-09
 1.808081E+02  5.262084E-09
 1.827273E+02  5.119470E-09
 1.846465E+02  4.981277E-09
 1.865657E+02  4.839877E-09
 1.884848E+02  4.710234E-09
 1.904040E+02  4.588090E-09
 1.923232E+02  4.461868E-09
 1.942424E+02  4.339351E-09
 1.961616E+02  4.222122E-09
 1.980808E+02  4.109375E-09
 2.000000E+02  3.997374E-09
