 1.000000E+01  1.263330E-05
 1.191919E+01  2.530909E-05
 1.383838E+01  4.566528E-05
 1.575758E+01  7.622403E-05
 1.767677E+01  1.193696E-04
 1.959596E+01  1.786235E-04
 2.151515E+01  2.570949E-04
 2.343434E+01  3.560361E-04
 2.535354E+01  4.819628E-04
 2.727273E+01  6.350029E-04
 2.919192E+01  8.184305E-04
 3.111111E+01  1.038329E-03
 3.303030E+01  1.290768E-03
 3.494949E+01  1.583077E-03
 3.686869E+01  1.907602E-03
 3.878788E+01  2.262460E-03
 4.070707E+01  2.655296E-03
 4.262626E+01  3.086520E-03
 4.454545E+01  3.534017E-03
 4.646465E+01  3.980228E-03
 4.838384E+01  4.427540E-03
 5.030303E+01  4.848549E-03
 5.222222E+01  5.220718E-03
 5.414141E+01  5.476633E-03
 5.606061E+01  5.573335E-03
 5.797980E+01  5.394458E-03
 5.989899E+01  4.688929E-03
 6.181818E+01  2.749832E-03
 6.373737E+01  8.504472E-07
 6.565657E+01  4.311882E-07
 6.757576E+01  2.988202E-07
 6.949495E+01  2.318663E-07
 7.141414E+01  1.907902E-07
 7.333333E+01  1.629063E-07
 7.525253E+01  1.430165E-07
 7.717172E+01  1.275335E-07
 7.909091E+01  1.156813E-07
 8.101010E+01  1.057806E-07
 8.292929E+01  9.782313E-08
 8.484848E+01  9.097361E-08
 8.676768E+01  8.516208E-08
 8.868687E+01  8.017538E-08
 9.060606E+01  7.578430E-08
 9.252525E+01  7.177783E-08
 9.444444E+01  6.827085E-08
 9.636364E+01  6.526219E-08
 9.828283E+01  6.237558E-08
 1.002020E+02  5.972829E-08
 1.021212E+02  5.738206E-08
 1.040404E+02  5.519413E-08
 1.059596E+02  5.317823E-08
 1.078788E+02  5.129974E-08
 1.097980E+02  4.962706E-08
 1.117172E+02  4.801279E-08
 1.136364E+02  4.655799E-08
 1.155556E+02  4.521369E-08
 1.174747E+02  4.386214E-08
 1.193939E+02  4.263602E-08
 1.213131E+02  4.143931E-08
 1.232323E+02  4.030564E-08
 1.251515E+02  3.933669E-08
 1.270707E+02  3.830963E-08
 1.289899E+02  3.737588E-08
 1.309091E+02  3.648284E-08
 1.328283E+02  3.565699E-08
 1.347475E+02  3.479751E-08
 1.366667E+02  3.403766E-08
 1.385859E+02  3.327010E-08
 1.405051E+02  3.257320E-08
 1.424242E+02  3.194356E-08
 1.443434E+02  3.126822E-08
 1.462626E+02  3.071643E-08
 1.481818E+02  3.008450E-08
 1.501010E+02  2.956641E-08
 1.520202E+02  2.896664E-08
 1.539394E+02  2.848974E-08
 1.558586E+02  2.796882E-08
 1.577778E+02  2.750612E-08
 1.596970E+02  2.707225E-08
 1.616162E+02  2.663177E-08
 1.635354E+02  2.625555E-08
 1.654545E+02  2.583118E-08
 1.673737E+02  2.542145E-08
 1.692929E+02  2.509081E-08
 1.712121E+02  2.470982E-08
 1.731313E+02  2.438410E-08
 1.750505E+02  2.407724E-08
 1.769697E+02  2.371190E-08
 1.788889E+02  2.345505E-08
 1.808081E+02  2.311550E-08
 1.827273E+02  2.285688E-08
 1.846465E+02  2.258706E-08
 1.865657E+02  2.231505E-08
 1.884848E+02  2.208079E-08
 1.904040E+02  2.180815E-08
 1.923232E+02  2.157298E-08
 1.942424E+02  2.137004E-08
 1.961616E+02  2.109908E-08
 1.980808E+02  2.085325E-08
 2.000000E+02  2.062935E-08
