 1.000000E+01  3.090720E-03
 1.191919E+01  4.109266E-03
 1.383838E+01  5.107337E-03
 1.575758E+01  6.015373E-03
 1.767677E+01  6.723691E-03
 1.959596E+01  7.151083E-03
 2.151515E+01  7.215226E-03
 2.343434E+01  6.883333E-03
 2.535354E+01  6.064260E-03
 2.727273E+01  4.791062E-03
 2.919192E+01  3.154834E-03
 3.111111E+01  1.346854E-03
 3.303030E+01  5.514539E-06
 3.494949E+01  2.945619E-07
 3.686869E+01  2.274581E-07
 3.878788E+01  1.899716E-07
 4.070707E+01  1.653328E-07
 4.262626E+01  1.472467E-07
 4.454545E+01  1.330332E-07
 4.646465E+01  1.216325E-07
 4.838384E+01  1.120695E-07
 5.030303E+01  1.038036E-07
 5.222222E+01  9.689089E-08
 5.414141E+01  9.089439E-08
 5.606061E+01  8.544704E-08
 5.797980E+01  8.063387E-08
 5.989899E+01  7.623906E-08
 6.181818E+01  7.224900E-08
 6.373737E+01  6.871748E-08
 6.565657E+01  6.549358E-08
 6.757576E+01  6.235602E-08
 6.949495E+01  5.962944E-08
 7.141414E+01  5.696548E-08
 7.333333E+01  5.449543E-08
 7.525253E+01  5.225749E-08
 7.717172E+01  5.004177E-08
 7.909091E+01  4.797759E-08
 8.101010E+01  4.605869E-08
 8.292929E+01  4.423523E-08
 8.484848E+01  4.237405E-08
 8.676768E+01  4.068683E-08
 8.868687E+01  3.911036E-08
 9.060606E+01  3.745518E-08
 9.252525E+01  3.595603E-08
 9.444444E+01  3.449617E-08
 9.636364E+01  3.304727E-08
 9.828283E+01  3.160650E-08
 1.002020E+02  3.025573E-08
 1.021212E+02  2.890665E-08
 1.040404E+02  2.759560E-08
 1.059596E+02  2.628507E-08
 1.078788E+02  2.496875E-08
 1.097980E+02  2.373678E-08
 1.117172E+02  2.249698E-08
 1.136364E+02  2.131670E-08
 1.155556E+02  2.010537E-08
 1.174747E+02  1.892989E-08
 1.193939E+02  1.785040E-08
 1.213131E+02  1.670921E-08
 1.232323E+02  1.569125E-08
 1.251515E+02  1.468467E-08
 1.270707E+02  1.376103E-08
 1.289899E+02  1.292045E-08
 1.309091E+02  1.216696E-08
 1.328283E+02  1.163609E-08
 1.347475E+02  1.123363E-08
 1.366667E+02  1.083563E-08
 1.385859E+02  1.044327E-08
 1.405051E+02  1.007758E-08
 1.424242E+02  9.724234E-09
 1.443434E+02  9.383519E-09
 1.462626E+02  9.042341E-09
 1.481818E+02  8.708331E-09
 1.501010E+02  8.409988E-09
 1.520202E+02  8.124174E-09
 1.539394E+02  7.830033E-09
 1.558586E+02  7.555759E-09
 1.577778E+02  7.298557E-09
 1.596970E+02  7.043082E-09
 1.616162E+02  6.803104E-09
 1.635354E+02  6.565013E-09
 1.654545E+02  6.340709E-09
 1.673737E+02  6.119570E-09
 1.692929E+02  5.916457E-09
 1.712121E+02  5.710203E-09
 1.731313E+02  5.515160E-09
 1.750505E+02  5.333546E-09
 1.769697E+02  5.154171E-09
 1.788889E+02  4.987149E-09
 1.808081E+02  4.816799E-09
 1.827273E+02  4.661924E-09
 1.846465E+02  4.516954E-09
 1.865657E+02  4.351729E-09
 1.884848E+02  4.215990E-09
 1.904040E+02  4.072937E-09
 1.923232E+02  3.944690E-09
 1.942424E+02  3.819043E-09
 1.961616E+02  3.692042E-09
 1.980808E+02  3.576849E-09
 2.000000E+02  3.460062E-09
