 1.000000E+01  3.081724E-03
 1.191919E+01  4.106795E-03
 1.383838E+01  5.115217E-03
 1.575758E+01  6.008574E-03
 1.767677E+01  6.715616E-03
 1.959596E+01  7.140571E-03
 2.151515E+01  7.221962E-03
 2.343434E+01  6.883625E-03
 2.535354E+01  6.059134E-03
 2.727273E+01  4.785324E-03
 2.919192E+01  3.153727E-03
 3.111111E+01  1.346495E-03
 3.303030E+01  5.518902E-06
 3.494949E+01  2.946089E-07
 3.686869E+01  2.274573E-07
 3.878788E+01  1.903040E-07
 4.070707E+01  1.652579E-07
 4.262626E+01  1.471510E-07
 4.454545E+01  1.329205E-07
 4.646465E+01  1.215226E-07
 4.838384E+01  1.121277E-07
 5.030303E+01  1.038500E-07
 5.222222E+01  9.717996E-08
 5.414141E+01  9.078577E-08
 5.606061E+01  8.556168E-08
 5.797980E+01  8.050835E-08
 5.989899E+01  7.623763E-08
 6.181818E+01  7.234119E-08
 6.373737E+01  6.875407E-08
 6.565657E+01  6.540624E-08
 6.757576E+01  6.243545E-08
 6.949495E+01  5.961649E-08
 7.141414E+01  5.704372E-08
 7.333333E+01  5.452447E-08
 7.525253E+01  5.216598E-08
 7.717172E+01  5.000648E-08
 7.909091E+01  4.799014E-08
 8.101010E+01  4.607498E-08
 8.292929E+01  4.415830E-08
 8.484848E+01  4.241881E-08
 8.676768E+01  4.077450E-08
 8.868687E+01  3.909367E-08
 9.060606E+01  3.749362E-08
 9.252525E+01  3.595888E-08
 9.444444E+01  3.451803E-08
 9.636364E+01  3.302887E-08
 9.828283E+01  3.169058E-08
 1.002020E+02  3.024895E-08
 1.021212E+02  2.891835E-08
 1.040404E+02  2.758101E-08
 1.059596E+02  2.626027E-08
 1.078788E+02  2.500983E-08
 1.097980E+02  2.373633E-08
 1.117172E+02  2.251793E-08
 1.136364E+02  2.133911E-08
 1.155556E+02  2.008713E-08
 1.174747E+02  1.895186E-08
 1.193939E+02  1.780626E-08
 1.213131E+02  1.675138E-08
 1.232323E+02  1.570727E-08
 1.251515E+02  1.470209E-08
 1.270707E+02  1.376231E-08
 1.289899E+02  1.290717E-08
 1.309091E+02  1.214349E-08
 1.328283E+02  1.164021E-08
 1.347475E+02  1.123509E-08
 1.366667E+02  1.082848E-08
 1.385859E+02  1.045023E-08
 1.405051E+02  1.008250E-08
 1.424242E+02  9.724620E-09
 1.443434E+02  9.374215E-09
 1.462626E+02  9.050877E-09
 1.481818E+02  8.720084E-09
 1.501010E+02  8.411775E-09
 1.520202E+02  8.111895E-09
 1.539394E+02  7.835485E-09
 1.558586E+02  7.555845E-09
 1.577778E+02  7.285576E-09
 1.596970E+02  7.041092E-09
 1.616162E+02  6.799122E-09
 1.635354E+02  6.570725E-09
 1.654545E+02  6.341478E-09
 1.673737E+02  6.120270E-09
 1.692929E+02  5.910129E-09
 1.712121E+02  5.714625E-09
 1.731313E+02  5.523521E-09
 1.750505E+02  5.335213E-09
 1.769697E+02  5.153607E-09
 1.788889E+02  4.985679E-09
 1.808081E+02  4.826030E-09
 1.827273E+02  4.659375E-09
 1.846465E+02  4.502537E-09
 1.865657E+02  4.361947E-09
 1.884848E+02  4.211964E-09
 1.904040E+02  4.083197E-09
 1.923232E+02  3.946630E-09
 1.942424E+02  3.816843E-09
 1.961616E+02  3.689177E-09
 1.980808E+02  3.575985E-09
 2.000000E+02  3.462991E-09
