 1.000000E+01  7.572518E-04
 1.387755E+01  1.075323E-03
 1.775510E+01  1.149721E-03
 2.163265E+01  9.309320E-04
 2.551020E+01  4.978526E-04
 2.938776E+01  7.181506E-05
 3.326531E+01  4.892005E-08
 3.714286E+01  3.866095E-08
 4.102041E+01  3.356749E-08
 4.489796E+01  3.005590E-08
 4.877551E+01  2.761328E-08
 5.265306E+01  2.579006E-08
 5.653061E+01  2.408395E-08
 6.040816E+01  2.276414E-08
 6.428571E+01  2.146753E-08
 6.816327E+01  2.040630E-08
 7.204082E+01  1.925136E-08
 7.591837E+01  1.820160E-08
 7.979592E+01  1.719551E-08
 8.367347E+01  1.624540E-08
 8.755102E+01  1.529873E-08
 9.142857E+01  1.441476E-08
 9.530612E+01  1.348909E-08
 9.918367E+01  1.262576E-08
 1.030612E+02  1.181457E-08
 1.069388E+02  1.104850E-08
 1.108163E+02  1.032428E-08
 1.146939E+02  9.671577E-09
 1.185714E+02  9.113552E-09
 1.224490E+02  8.654773E-09
 1.263265E+02  8.314495E-09
 1.302041E+02  8.007661E-09
 1.340816E+02  7.719686E-09
 1.379592E+02  7.428549E-09
 1.418367E+02  7.137526E-09
 1.457143E+02  6.875694E-09
 1.495918E+02  6.645945E-09
 1.534694E+02  6.387372E-09
 1.573469E+02  6.180828E-09
 1.612245E+02  5.966913E-09
 1.651020E+02  5.759620E-09
 1.689796E+02  5.582846E-09
 1.728571E+02  5.383661E-09
 1.767347E+02  5.210612E-09
 1.806122E+02  5.057902E-09
 1.844898E+02  4.876459E-09
 1.883673E+02  4.729216E-09
 1.922449E+02  4.578011E-09
 1.961224E+02  4.427249E-09
 2.000000E+02  4.311570E-09
