 1.000000E+01  1.617344E-03
 1.387755E+01  1.732248E-03
 1.775510E+01  1.033588E-03
 2.163265E+01  9.860682E-05
 2.551020E+01  6.763981E-08
 2.938776E+01  5.325011E-08
 3.326531E+01  4.574335E-08
 3.714286E+01  4.089183E-08
 4.102041E+01  3.763789E-08
 4.489796E+01  3.470993E-08
 4.877551E+01  3.209445E-08
 5.265306E+01  2.980829E-08
 5.653061E+01  2.765384E-08
 6.040816E+01  2.556513E-08
 6.428571E+01  2.358043E-08
 6.816327E+01  2.163515E-08
 7.204082E+01  1.978561E-08
 7.591837E+01  1.802804E-08
 7.979592E+01  1.646114E-08
 8.367347E+01  1.506490E-08
 8.755102E+01  1.384892E-08
 9.142857E+01  1.303728E-08
 9.530612E+01  1.238050E-08
 9.918367E+01  1.176883E-08
 1.030612E+02  1.118411E-08
 1.069388E+02  1.062055E-08
 1.108163E+02  1.010514E-08
 1.146939E+02  9.615347E-09
 1.185714E+02  9.179198E-09
 1.224490E+02  8.749197E-09
 1.263265E+02  8.356346E-09
 1.302041E+02  7.983523E-09
 1.340816E+02  7.648591E-09
 1.379592E+02  7.302742E-09
 1.418367E+02  6.996644E-09
 1.457143E+02  6.692084E-09
 1.495918E+02  6.424980E-09
 1.534694E+02  6.168402E-09
 1.573469E+02  5.907161E-09
 1.612245E+02  5.665551E-09
 1.651020E+02  5.476821E-09
 1.689796E+02  5.245430E-09
 1.728571E+02  5.052515E-09
 1.767347E+02  4.860659E-09
 1.806122E+02  4.682415E-09
 1.844898E+02  4.513329E-09
 1.883673E+02  4.353254E-09
 1.922449E+02  4.186291E-09
 1.961224E+02  4.025157E-09
 2.000000E+02  3.887112E-09
