 1.000000E+01  3.732223E-05
 1.387755E+01  3.382363E-05
 1.775510E+01  1.237496E-05
 2.163265E+01  1.834850E-09
 2.551020E+01  1.223694E-09
 2.938776E+01  1.049614E-09
 3.326531E+01  9.250540E-10
 3.714286E+01  8.346898E-10
 4.102041E+01  7.629430E-10
 4.489796E+01  7.025128E-10
 4.877551E+01  6.486902E-10
 5.265306E+01  5.950778E-10
 5.653061E+01  5.454809E-10
 6.040816E+01  4.982380E-10
 6.428571E+01  4.532832E-10
 6.816327E+01  4.109015E-10
 7.204082E+01  3.714225E-10
 7.591837E+01  3.356882E-10
 7.979592E+01  3.068505E-10
 8.367347E+01  2.867636E-10
 8.755102E+01  2.715061E-10
 9.142857E+01  2.558203E-10
 9.530612E+01  2.422536E-10
 9.918367E+01  2.289391E-10
 1.030612E+02  2.172062E-10
 1.069388E+02  2.064750E-10
 1.108163E+02  1.959503E-10
 1.146939E+02  1.857128E-10
 1.185714E+02  1.768566E-10
 1.224490E+02  1.682397E-10
 1.263265E+02  1.600735E-10
 1.302041E+02  1.529047E-10
 1.340816E+02  1.464715E-10
 1.379592E+02  1.393504E-10
 1.418367E+02  1.334021E-10
 1.457143E+02  1.277659E-10
 1.495918E+02  1.222529E-10
 1.534694E+02  1.170879E-10
 1.573469E+02  1.122087E-10
 1.612245E+02  1.074584E-10
 1.651020E+02  1.031633E-10
 1.689796E+02  9.892778E-11
 1.728571E+02  9.481639E-11
 1.767347E+02  9.116742E-11
 1.806122E+02  8.747343E-11
 1.844898E+02  8.421942E-11
 1.883673E+02  8.103817E-11
 1.922449E+02  7.815046E-11
 1.961224E+02  7.518966E-11
 2.000000E+02  7.232677E-11
