 1.000000E+01  1.530192E-04
 1.387755E+01  2.066832E-04
 1.775510E+01  1.954210E-04
 2.163265E+01  1.180216E-04
 2.551020E+01  2.740831E-05
 2.938776E+01  9.333959E-09
 3.326531E+01  7.014161E-09
 3.714286E+01  5.997173E-09
 4.102041E+01  5.332956E-09
 4.489796E+01  4.918580E-09
 4.877551E+01  4.531493E-09
 5.265306E+01  4.236738E-09
 5.653061E+01  3.975602E-09
 6.040816E+01  3.734057E-09
 6.428571E+01  3.500475E-09
 6.816327E+01  3.298189E-09
 7.204082E+01  3.098864E-09
 7.591837E+01  2.904489E-09
 7.979592E+01  2.711216E-09
 8.367347E+01  2.540084E-09
 8.755102E+01  2.366289E-09
 9.142857E+01  2.185867E-09
 9.530612E+01  2.025147E-09
 9.918367E+01  1.878519E-09
 1.030612E+02  1.744120E-09
 1.069388E+02  1.642224E-09
 1.108163E+02  1.557029E-09
 1.146939E+02  1.490481E-09
 1.185714E+02  1.425338E-09
 1.224490E+02  1.365101E-09
 1.263265E+02  1.311794E-09
 1.302041E+02  1.257644E-09
 1.340816E+02  1.206062E-09
 1.379592E+02  1.157324E-09
 1.418367E+02  1.114691E-09
 1.457143E+02  1.073154E-09
 1.495918E+02  1.033428E-09
 1.534694E+02  9.907388E-10
 1.573469E+02  9.584205E-10
 1.612245E+02  9.233451E-10
 1.651020E+02  8.890939E-10
 1.689796E+02  8.593598E-10
 1.728571E+02  8.302058E-10
 1.767347E+02  7.990134E-10
 1.806122E+02  7.686403E-10
 1.844898E+02  7.459895E-10
 1.883673E+02  7.225158E-10
 1.922449E+02  6.979978E-10
 1.961224E+02  6.741997E-10
 2.000000E+02  6.538145E-10
