 1.000000E+01  1.529895E-04
 1.387755E+01  1.742884E-04
 1.775510E+01  1.950650E-04
 2.163265E+01  1.207898E-04
 2.551020E+01  2.773174E-05
 2.938776E+01  9.347349E-09
 3.326531E+01  7.043147E-09
 3.714286E+01  5.977601E-09
 4.102041E+01  5.362858E-09
 4.489796E+01  4.879082E-09
 4.877551E+01  4.526559E-09
 5.265306E+01  4.232335E-09
 5.653061E+01  3.981933E-09
 6.040816E+01  3.725191E-09
 6.428571E+01  3.508232E-09
 6.816327E+01  3.289812E-09
 7.204082E+01  3.106703E-09
 7.591837E+01  2.910868E-09
 7.979592E+01  2.716651E-09
 8.367347E+01  2.536273E-09
 8.755102E+01  2.359476E-09
 9.142857E+01  2.191139E-09
 9.530612E+01  2.029016E-09
 9.918367E+01  1.883742E-09
 1.030612E+02  1.752238E-09
 1.069388E+02  1.641924E-09
 1.108163E+02  1.556184E-09
 1.146939E+02  1.486769E-09
 1.185714E+02  1.423545E-09
 1.224490E+02  1.366184E-09
 1.263265E+02  1.311368E-09
 1.302041E+02  1.256208E-09
 1.340816E+02  1.205528E-09
 1.379592E+02  1.160549E-09
 1.418367E+02  1.116722E-09
 1.457143E+02  1.069574E-09
 1.495918E+02  1.028142E-09
 1.534694E+02  9.938576E-10
 1.573469E+02  9.565941E-10
 1.612245E+02  9.218023E-10
 1.651020E+02  8.885000E-10
 1.689796E+02  8.591088E-10
 1.728571E+02  8.277398E-10
 1.767347E+02  8.041734E-10
 1.806122E+02  7.725716E-10
 1.844898E+02  7.466841E-10
 1.883673E+02  7.219990E-10
 1.922449E+02  6.994404E-10
 1.961224E+02  6.742998E-10
 2.000000E+02  6.537778E-10
