 1.000000E+01  1.516489E-03
 1.387755E+01  2.326788E-03
 1.775510E+01  2.656325E-03
 2.163265E+01  2.448618E-03
 2.551020E+01  1.642336E-03
 2.938776E+01  6.340160E-04
 3.326531E+01  2.728280E-06
 3.714286E+01  1.026384E-07
 4.102041E+01  8.581301E-08
 4.489796E+01  7.617172E-08
 4.877551E+01  6.936439E-08
 5.265306E+01  6.390808E-08
 5.653061E+01  5.980951E-08
 6.040816E+01  5.634853E-08
 6.428571E+01  5.317875E-08
 6.816327E+01  5.053314E-08
 7.204082E+01  4.810315E-08
 7.591837E+01  4.563794E-08
 7.979592E+01  4.321437E-08
 8.367347E+01  4.113091E-08
 8.755102E+01  3.901464E-08
 9.142857E+01  3.696434E-08
 9.530612E+01  3.491509E-08
 9.918367E+01  3.290060E-08
 1.030612E+02  3.091313E-08
 1.069388E+02  2.914198E-08
 1.108163E+02  2.731989E-08
 1.146939E+02  2.576024E-08
 1.185714E+02  2.415989E-08
 1.224490E+02  2.266881E-08
 1.263265E+02  2.140881E-08
 1.302041E+02  2.043036E-08
 1.340816E+02  1.958687E-08
 1.379592E+02  1.893734E-08
 1.418367E+02  1.826389E-08
 1.457143E+02  1.761618E-08
 1.495918E+02  1.701863E-08
 1.534694E+02  1.642874E-08
 1.573469E+02  1.589996E-08
 1.612245E+02  1.537074E-08
 1.651020E+02  1.482294E-08
 1.689796E+02  1.439654E-08
 1.728571E+02  1.387266E-08
 1.767347E+02  1.350652E-08
 1.806122E+02  1.306181E-08
 1.844898E+02  1.264255E-08
 1.883673E+02  1.225603E-08
 1.922449E+02  1.189879E-08
 1.961224E+02  1.147766E-08
 2.000000E+02  1.119338E-08
