 1.000000E+01  4.105986E-04
 1.387755E+01  4.691747E-04
 1.775510E+01  3.314284E-04
 2.163265E+01  7.973208E-05
 2.551020E+01  2.045034E-08
 2.938776E+01  1.511849E-08
 3.326531E+01  1.291900E-08
 3.714286E+01  1.145102E-08
 4.102041E+01  1.045966E-08
 4.489796E+01  9.605897E-09
 4.877551E+01  8.905972E-09
 5.265306E+01  8.278649E-09
 5.653061E+01  7.742590E-09
 6.040816E+01  7.192969E-09
 6.428571E+01  6.692691E-09
 6.816327E+01  6.200560E-09
 7.204082E+01  5.695446E-09
 7.591837E+01  5.260942E-09
 7.979592E+01  4.805595E-09
 8.367347E+01  4.412016E-09
 8.755102E+01  4.033642E-09
 9.142857E+01  3.731166E-09
 9.530612E+01  3.499985E-09
 9.918367E+01  3.334652E-09
 1.030612E+02  3.165868E-09
 1.069388E+02  3.012723E-09
 1.108163E+02  2.874174E-09
 1.146939E+02  2.738285E-09
 1.185714E+02  2.617727E-09
 1.224490E+02  2.501572E-09
 1.263265E+02  2.395492E-09
 1.302041E+02  2.286702E-09
 1.340816E+02  2.192966E-09
 1.379592E+02  2.094101E-09
 1.418367E+02  2.008805E-09
 1.457143E+02  1.932293E-09
 1.495918E+02  1.848482E-09
 1.534694E+02  1.780248E-09
 1.573469E+02  1.708761E-09
 1.612245E+02  1.641280E-09
 1.651020E+02  1.574410E-09
 1.689796E+02  1.517895E-09
 1.728571E+02  1.465092E-09
 1.767347E+02  1.410116E-09
 1.806122E+02  1.357044E-09
 1.844898E+02  1.310261E-09
 1.883673E+02  1.260762E-09
 1.922449E+02  1.217652E-09
 1.961224E+02  1.177243E-09
 2.000000E+02  1.133958E-09
