 1.000000E+01  1.526343E-03
 1.387755E+01  2.266140E-03
 1.775510E+01  2.632843E-03
 2.163265E+01  2.430380E-03
 2.551020E+01  1.655416E-03
 2.938776E+01  5.959228E-04
 3.326531E+01  2.715778E-06
 3.714286E+01  1.029562E-07
 4.102041E+01  8.570771E-08
 4.489796E+01  7.582127E-08
 4.877551E+01  6.920859E-08
 5.265306E+01  6.410638E-08
 5.653061E+01  5.967962E-08
 6.040816E+01  5.620499E-08
 6.428571E+01  5.328794E-08
 6.816327E+01  5.067823E-08
 7.204082E+01  4.790114E-08
 7.591837E+01  4.566245E-08
 7.979592E+01  4.345096E-08
 8.367347E+01  4.117887E-08
 8.755102E+01  3.899495E-08
 9.142857E+01  3.701342E-08
 9.530612E+01  3.483953E-08
 9.918367E+01  3.299915E-08
 1.030612E+02  3.097503E-08
 1.069388E+02  2.928203E-08
 1.108163E+02  2.740514E-08
 1.146939E+02  2.566892E-08
 1.185714E+02  2.414314E-08
 1.224490E+02  2.277086E-08
 1.263265E+02  2.146202E-08
 1.302041E+02  2.041886E-08
 1.340816E+02  1.963099E-08
 1.379592E+02  1.898648E-08
 1.418367E+02  1.827285E-08
 1.457143E+02  1.764617E-08
 1.495918E+02  1.706044E-08
 1.534694E+02  1.649830E-08
 1.573469E+02  1.590717E-08
 1.612245E+02  1.533531E-08
 1.651020E+02  1.483852E-08
 1.689796E+02  1.436053E-08
 1.728571E+02  1.391095E-08
 1.767347E+02  1.349836E-08
 1.806122E+02  1.304762E-08
 1.844898E+02  1.267923E-08
 1.883673E+02  1.228392E-08
 1.922449E+02  1.188544E-08
 1.961224E+02  1.153296E-08
 2.000000E+02  1.121519E-08
