 1.000000E+01  4.118941E-04
 1.387755E+01  4.682140E-04
 1.775510E+01  3.286124E-04
 2.163265E+01  7.980625E-05
 2.551020E+01  2.045733E-08
 2.938776E+01  1.516264E-08
 3.326531E+01  1.284249E-08
 3.714286E+01  1.146314E-08
 4.102041E+01  1.041007E-08
 4.489796E+01  9.618045E-09
 4.877551E+01  8.940562E-09
 5.265306E+01  8.333318E-09
 5.653061E+01  7.735425E-09
 6.040816E+01  7.201733E-09
 6.428571E+01  6.698533E-09
 6.816327E+01  6.186213E-09
 7.204082E+01  5.703567E-09
 7.591837E+01  5.258552E-09
 7.979592E+01  4.803219E-09
 8.367347E+01  4.400224E-09
 8.755102E+01  4.038148E-09
 9.142857E+01  3.732603E-09
 9.530612E+01  3.498781E-09
 9.918367E+01  3.335255E-09
 1.030612E+02  3.171919E-09
 1.069388E+02  3.023314E-09
 1.108163E+02  2.877012E-09
 1.146939E+02  2.736124E-09
 1.185714E+02  2.613443E-09
 1.224490E+02  2.501196E-09
 1.263265E+02  2.394177E-09
 1.302041E+02  2.280633E-09
 1.340816E+02  2.191373E-09
 1.379592E+02  2.099997E-09
 1.418367E+02  2.018993E-09
 1.457143E+02  1.932780E-09
 1.495918E+02  1.855361E-09
 1.534694E+02  1.777336E-09
 1.573469E+02  1.710825E-09
 1.612245E+02  1.641852E-09
 1.651020E+02  1.575073E-09
 1.689796E+02  1.516095E-09
 1.728571E+02  1.462078E-09
 1.767347E+02  1.411056E-09
 1.806122E+02  1.355919E-09
 1.844898E+02  1.308682E-09
 1.883673E+02  1.266006E-09
 1.922449E+02  1.216466E-09
 1.961224E+02  1.173807E-09
 2.000000E+02  1.135179E-09
