 1.000000E+01  6.484788E-05
 1.387755E+01  1.058525E-04
 1.775510E+01  1.384446E-04
 2.163265E+01  1.535626E-04
 2.551020E+01  1.520985E-04
 2.938776E+01  1.259226E-04
 3.326531E+01  7.869755E-05
 3.714286E+01  3.003948E-05
 4.102041E+01  7.845874E-07
 4.489796E+01  6.507537E-09
 4.877551E+01  5.459583E-09
 5.265306E+01  4.781558E-09
 5.653061E+01  4.377321E-09
 6.040816E+01  4.065073E-09
 6.428571E+01  3.816266E-09
 6.816327E+01  3.617868E-09
 7.204082E+01  3.442355E-09
 7.591837E+01  3.280940E-09
 7.979592E+01  3.130485E-09
 8.367347E+01  2.996954E-09
 8.755102E+01  2.884615E-09
 9.142857E+01  2.754783E-09
 9.530612E+01  2.662054E-09
 9.918367E+01  2.551135E-09
 1.030612E+02  2.436988E-09
 1.069388E+02  2.339484E-09
 1.108163E+02  2.244318E-09
 1.146939E+02  2.141721E-09
 1.185714E+02  2.052736E-09
 1.224490E+02  1.962381E-09
 1.263265E+02  1.860625E-09
 1.302041E+02  1.775955E-09
 1.340816E+02  1.689217E-09
 1.379592E+02  1.603605E-09
 1.418367E+02  1.525156E-09
 1.457143E+02  1.453545E-09
 1.495918E+02  1.381137E-09
 1.534694E+02  1.321597E-09
 1.573469E+02  1.262126E-09
 1.612245E+02  1.207069E-09
 1.651020E+02  1.168653E-09
 1.689796E+02  1.135287E-09
 1.728571E+02  1.104324E-09
 1.767347E+02  1.070450E-09
 1.806122E+02  1.043342E-09
 1.844898E+02  1.011168E-09
 1.883673E+02  9.818727E-10
 1.922449E+02  9.551416E-10
 1.961224E+02  9.321804E-10
 2.000000E+02  9.096863E-10
