 1.000000E+01  6.472155E-05
 1.387755E+01  9.123562E-05
 1.775510E+01  1.350065E-04
 2.163265E+01  1.559469E-04
 2.551020E+01  1.508107E-04
 2.938776E+01  1.202402E-04
 3.326531E+01  7.745284E-05
 3.714286E+01  2.952949E-05
 4.102041E+01  7.891310E-07
 4.489796E+01  6.498477E-09
 4.877551E+01  5.406349E-09
 5.265306E+01  4.812930E-09
 5.653061E+01  4.383033E-09
 6.040816E+01  4.064099E-09
 6.428571E+01  3.806485E-09
 6.816327E+01  3.605845E-09
 7.204082E+01  3.431969E-09
 7.591837E+01  3.267731E-09
 7.979592E+01  3.136816E-09
 8.367347E+01  3.004968E-09
 8.755102E+01  2.877936E-09
 9.142857E+01  2.757482E-09
 9.530612E+01  2.652876E-09
 9.918367E+01  2.542171E-09
 1.030612E+02  2.445799E-09
 1.069388E+02  2.348492E-09
 1.108163E+02  2.232404E-09
 1.146939E+02  2.150534E-09
 1.185714E+02  2.052079E-09
 1.224490E+02  1.958843E-09
 1.263265E+02  1.867137E-09
 1.302041E+02  1.777841E-09
 1.340816E+02  1.689266E-09
 1.379592E+02  1.608486E-09
 1.418367E+02  1.524420E-09
 1.457143E+02  1.448851E-09
 1.495918E+02  1.381565E-09
 1.534694E+02  1.319923E-09
 1.573469E+02  1.258727E-09
 1.612245E+02  1.214883E-09
 1.651020E+02  1.170055E-09
 1.689796E+02  1.133974E-09
 1.728571E+02  1.101788E-09
 1.767347E+02  1.070532E-09
 1.806122E+02  1.038693E-09
 1.844898E+02  1.010866E-09
 1.883673E+02  9.821481E-10
 1.922449E+02  9.571999E-10
 1.961224E+02  9.327792E-10
 2.000000E+02  9.033999E-10
