 1.000000E+01  1.789067E-02
 1.387755E+01  6.577276E-03
 1.775510E+01  7.920880E-04
 2.163265E+01  1.152020E-06
 2.551020E+01  9.243766E-07
 2.938776E+01  7.713243E-07
 3.326531E+01  6.587770E-07
 3.714286E+01  5.673044E-07
 4.102041E+01  4.979149E-07
 4.489796E+01  4.363446E-07
 4.877551E+01  3.862805E-07
 5.265306E+01  3.413569E-07
 5.653061E+01  3.061324E-07
 6.040816E+01  2.739442E-07
 6.428571E+01  2.473057E-07
 6.816327E+01  2.237735E-07
 7.204082E+01  2.036763E-07
 7.591837E+01  1.863873E-07
 7.979592E+01  1.717320E-07
 8.367347E+01  1.587628E-07
 8.755102E+01  1.477590E-07
 9.142857E+01  1.365060E-07
 9.530612E+01  1.276614E-07
 9.918367E+01  1.186089E-07
 1.030612E+02  1.113402E-07
 1.069388E+02  1.039441E-07
 1.108163E+02  9.764397E-08
 1.146939E+02  9.156483E-08
 1.185714E+02  8.610988E-08
 1.224490E+02  8.097115E-08
 1.263265E+02  7.625079E-08
 1.302041E+02  7.201531E-08
 1.340816E+02  6.799995E-08
 1.379592E+02  6.432603E-08
 1.418367E+02  6.049650E-08
 1.457143E+02  5.714012E-08
 1.495918E+02  5.425293E-08
 1.534694E+02  5.164156E-08
 1.573469E+02  4.905678E-08
 1.612245E+02  4.673065E-08
 1.651020E+02  4.425287E-08
 1.689796E+02  4.218609E-08
 1.728571E+02  4.003265E-08
 1.767347E+02  3.829443E-08
 1.806122E+02  3.641841E-08
 1.844898E+02  3.481143E-08
 1.883673E+02  3.314040E-08
 1.922449E+02  3.171103E-08
 1.961224E+02  3.033935E-08
 2.000000E+02  2.919414E-08
