 1.000000E+01  1.630618E-04
 1.387755E+01  6.862668E-05
 1.775510E+01  1.746991E-05
 2.163265E+01  2.219434E-07
 2.551020E+01  9.922626E-09
 2.938776E+01  8.316583E-09
 3.326531E+01  7.095109E-09
 3.714286E+01  6.137724E-09
 4.102041E+01  5.377418E-09
 4.489796E+01  4.758158E-09
 4.877551E+01  4.189915E-09
 5.265306E+01  3.765158E-09
 5.653061E+01  3.356355E-09
 6.040816E+01  3.023845E-09
 6.428571E+01  2.717550E-09
 6.816327E+01  2.471849E-09
 7.204082E+01  2.253549E-09
 7.591837E+01  2.064055E-09
 7.979592E+01  1.888214E-09
 8.367347E+01  1.750446E-09
 8.755102E+01  1.623767E-09
 9.142857E+01  1.513340E-09
 9.530612E+01  1.409118E-09
 9.918367E+01  1.316891E-09
 1.030612E+02  1.234987E-09
 1.069388E+02  1.150157E-09
 1.108163E+02  1.084792E-09
 1.146939E+02  1.023400E-09
 1.185714E+02  9.583323E-10
 1.224490E+02  8.998421E-10
 1.263265E+02  8.524676E-10
 1.302041E+02  8.016302E-10
 1.340816E+02  7.560353E-10
 1.379592E+02  7.173659E-10
 1.418367E+02  6.789515E-10
 1.457143E+02  6.441115E-10
 1.495918E+02  6.142559E-10
 1.534694E+02  5.806505E-10
 1.573469E+02  5.512963E-10
 1.612245E+02  5.235975E-10
 1.651020E+02  5.000655E-10
 1.689796E+02  4.752924E-10
 1.728571E+02  4.546601E-10
 1.767347E+02  4.324126E-10
 1.806122E+02  4.130193E-10
 1.844898E+02  3.943524E-10
 1.883673E+02  3.761013E-10
 1.922449E+02  3.620730E-10
 1.961224E+02  3.456586E-10
 2.000000E+02  3.287566E-10
