 1.000000E+01  2.456303E-04
 1.387755E+01  1.381316E-04
 1.775510E+01  5.476533E-05
 2.163265E+01  1.024153E-05
 2.551020E+01  4.734570E-08
 2.938776E+01  1.028704E-08
 3.326531E+01  8.809083E-09
 3.714286E+01  7.674387E-09
 4.102041E+01  6.772739E-09
 4.489796E+01  5.998985E-09
 4.877551E+01  5.381169E-09
 5.265306E+01  4.845965E-09
 5.653061E+01  4.347931E-09
 6.040816E+01  3.935116E-09
 6.428571E+01  3.583040E-09
 6.816327E+01  3.264493E-09
 7.204082E+01  2.973452E-09
 7.591837E+01  2.716168E-09
 7.979592E+01  2.508205E-09
 8.367347E+01  2.315494E-09
 8.755102E+01  2.151360E-09
 9.142857E+01  1.992239E-09
 9.530612E+01  1.866837E-09
 9.918367E+01  1.744645E-09
 1.030612E+02  1.635041E-09
 1.069388E+02  1.535868E-09
 1.108163E+02  1.455619E-09
 1.146939E+02  1.371679E-09
 1.185714E+02  1.286430E-09
 1.224490E+02  1.220023E-09
 1.263265E+02  1.149605E-09
 1.302041E+02  1.091885E-09
 1.340816E+02  1.039327E-09
 1.379592E+02  9.806730E-10
 1.418367E+02  9.336204E-10
 1.457143E+02  8.837692E-10
 1.495918E+02  8.432056E-10
 1.534694E+02  8.038657E-10
 1.573469E+02  7.657217E-10
 1.612245E+02  7.304510E-10
 1.651020E+02  6.992036E-10
 1.689796E+02  6.701932E-10
 1.728571E+02  6.380316E-10
 1.767347E+02  6.110237E-10
 1.806122E+02  5.819533E-10
 1.844898E+02  5.594410E-10
 1.883673E+02  5.338509E-10
 1.922449E+02  5.137527E-10
 1.961224E+02  4.921350E-10
 2.000000E+02  4.718623E-10
