 1.000000E+01  2.471099E-04
 1.387755E+01  1.426465E-04
 1.775510E+01  5.498614E-05
 2.163265E+01  1.040121E-05
 2.551020E+01  4.772188E-08
 2.938776E+01  1.032511E-08
 3.326531E+01  8.825467E-09
 3.714286E+01  7.682388E-09
 4.102041E+01  6.717988E-09
 4.489796E+01  6.028747E-09
 4.877551E+01  5.352581E-09
 5.265306E+01  4.811238E-09
 5.653061E+01  4.353175E-09
 6.040816E+01  3.948181E-09
 6.428571E+01  3.573598E-09
 6.816327E+01  3.252904E-09
 7.204082E+01  2.968024E-09
 7.591837E+01  2.726446E-09
 7.979592E+01  2.502561E-09
 8.367347E+01  2.317845E-09
 8.755102E+01  2.138413E-09
 9.142857E+01  1.995134E-09
 9.530612E+01  1.863550E-09
 9.918367E+01  1.746942E-09
 1.030612E+02  1.628861E-09
 1.069388E+02  1.535193E-09
 1.108163E+02  1.447265E-09
 1.146939E+02  1.368184E-09
 1.185714E+02  1.293261E-09
 1.224490E+02  1.219310E-09
 1.263265E+02  1.147993E-09
 1.302041E+02  1.089926E-09
 1.340816E+02  1.037929E-09
 1.379592E+02  9.852244E-10
 1.418367E+02  9.327787E-10
 1.457143E+02  8.917569E-10
 1.495918E+02  8.445803E-10
 1.534694E+02  8.053681E-10
 1.573469E+02  7.615199E-10
 1.612245E+02  7.322415E-10
 1.651020E+02  6.995677E-10
 1.689796E+02  6.703196E-10
 1.728571E+02  6.341358E-10
 1.767347E+02  6.110936E-10
 1.806122E+02  5.824320E-10
 1.844898E+02  5.596622E-10
 1.883673E+02  5.353366E-10
 1.922449E+02  5.122586E-10
 1.961224E+02  4.918227E-10
 2.000000E+02  4.714557E-10
