 1.000000E+01  1.919995E-04
 1.387755E+01  6.696368E-05
 1.775510E+01  1.834507E-05
 2.163265E+01  2.207922E-07
 2.551020E+01  9.938033E-09
 2.938776E+01  8.265182E-09
 3.326531E+01  7.125307E-09
 3.714286E+01  6.158810E-09
 4.102041E+01  5.395192E-09
 4.489796E+01  4.779249E-09
 4.877551E+01  4.219934E-09
 5.265306E+01  3.751510E-09
 5.653061E+01  3.357890E-09
 6.040816E+01  3.018030E-09
 6.428571E+01  2.716811E-09
 6.816327E+01  2.481238E-09
 7.204082E+01  2.245625E-09
 7.591837E+01  2.064480E-09
 7.979592E+01  1.892600E-09
 8.367347E+01  1.746417E-09
 8.755102E+01  1.616338E-09
 9.142857E+01  1.516332E-09
 9.530612E+01  1.416241E-09
 9.918367E+01  1.315552E-09
 1.030612E+02  1.227291E-09
 1.069388E+02  1.153895E-09
 1.108163E+02  1.072252E-09
 1.146939E+02  1.013329E-09
 1.185714E+02  9.558038E-10
 1.224490E+02  9.036744E-10
 1.263265E+02  8.488407E-10
 1.302041E+02  8.006619E-10
 1.340816E+02  7.596399E-10
 1.379592E+02  7.175054E-10
 1.418367E+02  6.794567E-10
 1.457143E+02  6.442904E-10
 1.495918E+02  6.121505E-10
 1.534694E+02  5.813914E-10
 1.573469E+02  5.516307E-10
 1.612245E+02  5.246386E-10
 1.651020E+02  4.989877E-10
 1.689796E+02  4.760452E-10
 1.728571E+02  4.538779E-10
 1.767347E+02  4.328893E-10
 1.806122E+02  4.125899E-10
 1.844898E+02  3.953359E-10
 1.883673E+02  3.770562E-10
 1.922449E+02  3.596806E-10
 1.961224E+02  3.445304E-10
 2.000000E+02  3.292259E-10
