 1.000000E+01  1.750393E-02
 1.387755E+01  5.520917E-03
 1.775510E+01  9.846360E-04
 2.163265E+01  1.162355E-06
 2.551020E+01  9.244528E-07
 2.938776E+01  7.686541E-07
 3.326531E+01  6.578703E-07
 3.714286E+01  5.676341E-07
 4.102041E+01  4.955591E-07
 4.489796E+01  4.372773E-07
 4.877551E+01  3.865382E-07
 5.265306E+01  3.422028E-07
 5.653061E+01  3.072758E-07
 6.040816E+01  2.743180E-07
 6.428571E+01  2.480132E-07
 6.816327E+01  2.235205E-07
 7.204082E+01  2.046801E-07
 7.591837E+01  1.864776E-07
 7.979592E+01  1.711590E-07
 8.367347E+01  1.591156E-07
 8.755102E+01  1.471220E-07
 9.142857E+01  1.368396E-07
 9.530612E+01  1.272916E-07
 9.918367E+01  1.186812E-07
 1.030612E+02  1.112333E-07
 1.069388E+02  1.042161E-07
 1.108163E+02  9.734090E-08
 1.146939E+02  9.132895E-08
 1.185714E+02  8.589152E-08
 1.224490E+02  8.102261E-08
 1.263265E+02  7.609325E-08
 1.302041E+02  7.162450E-08
 1.340816E+02  6.790716E-08
 1.379592E+02  6.397389E-08
 1.418367E+02  6.063873E-08
 1.457143E+02  5.738571E-08
 1.495918E+02  5.428117E-08
 1.534694E+02  5.163037E-08
 1.573469E+02  4.884009E-08
 1.612245E+02  4.646679E-08
 1.651020E+02  4.435192E-08
 1.689796E+02  4.207285E-08
 1.728571E+02  3.997118E-08
 1.767347E+02  3.826126E-08
 1.806122E+02  3.651338E-08
 1.844898E+02  3.465337E-08
 1.883673E+02  3.339086E-08
 1.922449E+02  3.177874E-08
 1.961224E+02  3.033467E-08
 2.000000E+02  2.898709E-08
