 1.000000E+01  7.468047E-06
 1.497487E+01  1.172048E-05
 1.994975E+01  1.756660E-05
 2.492462E+01  2.507775E-05
 2.989950E+01  3.467212E-05
 3.487437E+01  4.645442E-05
 3.984925E+01  6.056503E-05
 4.482412E+01  7.712889E-05
 4.979899E+01  9.595288E-05
 5.477387E+01  1.164041E-04
 5.974874E+01  1.384644E-04
 6.472362E+01  1.611538E-04
 6.969849E+01  1.825505E-04
 7.467337E+01  2.013025E-04
 7.964824E+01  2.127605E-04
 8.462312E+01  2.117060E-04
 8.959799E+01  1.823058E-04
 9.457286E+01  6.091952E-05
 9.954774E+01  3.527219E-07
 1.045226E+02  2.153844E-07
 1.094975E+02  1.610685E-07
 1.144724E+02  1.308609E-07
 1.194472E+02  1.112066E-07
 1.244221E+02  9.700891E-08
 1.293970E+02  8.649383E-08
 1.343719E+02  7.829232E-08
 1.393467E+02  7.134147E-08
 1.443216E+02  6.577371E-08
 1.492965E+02  6.102045E-08
 1.542714E+02  5.687698E-08
 1.592462E+02  5.334125E-08
 1.642211E+02  5.010900E-08
 1.691960E+02  4.728408E-08
 1.741709E+02  4.476591E-08
 1.791457E+02  4.246417E-08
 1.841206E+02  4.047732E-08
 1.890955E+02  3.852348E-08
 1.940704E+02  3.670401E-08
 1.990452E+02  3.515562E-08
 2.040201E+02  3.367348E-08
 2.089950E+02  3.226832E-08
 2.139698E+02  3.099155E-08
 2.189447E+02  2.976836E-08
 2.239196E+02  2.865060E-08
 2.288945E+02  2.755275E-08
 2.338693E+02  2.656498E-08
 2.388442E+02  2.564503E-08
 2.438191E+02  2.479039E-08
 2.487940E+02  2.390996E-08
 2.537688E+02  2.309330E-08
 2.587437E+02  2.232382E-08
 2.637186E+02  2.161082E-08
 2.686935E+02  2.092422E-08
 2.736683E+02  2.028096E-08
 2.786432E+02  1.964372E-08
 2.836181E+02  1.899318E-08
 2.885930E+02  1.849602E-08
 2.935678E+02  1.795709E-08
 2.985427E+02  1.740016E-08
 3.035176E+02  1.689277E-08
 3.084925E+02  1.641384E-08
 3.134673E+02  1.599465E-08
 3.184422E+02  1.552330E-08
 3.234171E+02  1.510727E-08
 3.283920E+02  1.469482E-08
 3.333668E+02  1.428567E-08
 3.383417E+02  1.392837E-08
 3.433166E+02  1.357971E-08
 3.482915E+02  1.321111E-08
 3.532663E+02  1.286870E-08
 3.582412E+02  1.254987E-08
 3.632161E+02  1.223594E-08
 3.681910E+02  1.191714E-08
 3.731658E+02  1.163147E-08
 3.781407E+02  1.132289E-08
 3.831156E+02  1.105152E-08
 3.880905E+02  1.078324E-08
 3.930653E+02  1.052385E-08
 3.980402E+02  1.027302E-08
 4.030151E+02  1.004288E-08
 4.079899E+02  9.803575E-09
 4.129648E+02  9.596656E-09
 4.179397E+02  9.356067E-09
 4.229146E+02  9.149135E-09
 4.278894E+02  8.929253E-09
 4.328643E+02  8.740313E-09
 4.378392E+02  8.526852E-09
 4.428141E+02  8.363743E-09
 4.477889E+02  8.154935E-09
 4.527638E+02  7.984241E-09
 4.577387E+02  7.818682E-09
 4.627136E+02  7.639507E-09
 4.676884E+02  7.477316E-09
 4.726633E+02  7.318359E-09
 4.776382E+02  7.169933E-09
 4.826131E+02  7.009269E-09
 4.875879E+02  6.865833E-09
 4.925628E+02  6.726014E-09
 4.975377E+02  6.584902E-09
 5.025126E+02  6.444288E-09
 5.074874E+02  6.325515E-09
 5.124623E+02  6.195576E-09
 5.174372E+02  6.057576E-09
 5.224121E+02  5.934464E-09
 5.273869E+02  5.834381E-09
 5.323618E+02  5.713633E-09
 5.373367E+02  5.594395E-09
 5.423116E+02  5.479214E-09
 5.472864E+02  5.370789E-09
 5.522613E+02  5.271452E-09
 5.572362E+02  5.162098E-09
 5.622111E+02  5.066421E-09
 5.671859E+02  4.982527E-09
 5.721608E+02  4.876990E-09
 5.771357E+02  4.776462E-09
 5.821106E+02  4.689480E-09
 5.870854E+02  4.606295E-09
 5.920603E+02  4.511429E-09
 5.970352E+02  4.434854E-09
 6.020101E+02  4.348228E-09
 6.069849E+02  4.275215E-09
 6.119598E+02  4.192277E-09
 6.169347E+02  4.118464E-09
 6.219095E+02  4.040401E-09
 6.268844E+02  3.968995E-09
 6.318593E+02  3.903838E-09
 6.368342E+02  3.832391E-09
 6.418090E+02  3.752583E-09
 6.467839E+02  3.694915E-09
 6.517588E+02  3.628412E-09
 6.567337E+02  3.554594E-09
 6.617085E+02  3.500906E-09
 6.666834E+02  3.434285E-09
 6.716583E+02  3.382401E-09
 6.766332E+02  3.317873E-09
 6.816080E+02  3.259645E-09
 6.865829E+02  3.203709E-09
 6.915578E+02  3.144365E-09
 6.965327E+02  3.094979E-09
 7.015075E+02  3.044167E-09
 7.064824E+02  2.994248E-09
 7.114573E+02  2.942790E-09
 7.164322E+02  2.886998E-09
 7.214070E+02  2.847793E-09
 7.263819E+02  2.789002E-09
 7.313568E+02  2.749871E-09
 7.363317E+02  2.699186E-09
 7.413065E+02  2.660363E-09
 7.462814E+02  2.616167E-09
 7.512563E+02  2.569337E-09
 7.562312E+02  2.526344E-09
 7.612060E+02  2.487480E-09
 7.661809E+02  2.446011E-09
 7.711558E+02  2.407818E-09
 7.761307E+02  2.366440E-09
 7.811055E+02  2.324860E-09
 7.860804E+02  2.292709E-09
 7.910553E+02  2.254233E-09
 7.960302E+02  2.220504E-09
 8.010050E+02  2.184402E-09
 8.059799E+02  2.146222E-09
 8.109548E+02  2.116277E-09
 8.159296E+02  2.079943E-09
 8.209045E+02  2.050633E-09
 8.258794E+02  2.014581E-09
 8.308543E+02  1.983688E-09
 8.358291E+02  1.957115E-09
 8.408040E+02  1.925127E-09
 8.457789E+02  1.894996E-09
 8.507538E+02  1.862091E-09
 8.557286E+02  1.835221E-09
 8.607035E+02  1.808473E-09
 8.656784E+02  1.780845E-09
 8.706533E+02  1.753239E-09
 8.756281E+02  1.727941E-09
 8.806030E+02  1.700870E-09
 8.855779E+02  1.673909E-09
 8.905528E+02  1.653149E-09
 8.955276E+02  1.626638E-09
 9.005025E+02  1.599034E-09
 9.054774E+02  1.577733E-09
 9.104523E+02  1.554264E-09
 9.154271E+02  1.531222E-09
 9.204020E+02  1.508489E-09
 9.253769E+02  1.482164E-09
 9.303518E+02  1.463583E-09
 9.353266E+02  1.442997E-09
 9.403015E+02  1.421245E-09
 9.452764E+02  1.399780E-09
 9.502513E+02  1.378614E-09
 9.552261E+02  1.358501E-09
 9.602010E+02  1.339800E-09
 9.651759E+02  1.320186E-09
 9.701508E+02  1.301195E-09
 9.751256E+02  1.282628E-09
 9.801005E+02  1.264840E-09
 9.850754E+02  1.244089E-09
 9.900503E+02  1.226066E-09
 9.950251E+02  1.210337E-09
 1.000000E+03  1.195010E-09
