 1.000000E+01  3.451058E-05
 1.497487E+01  5.391247E-05
 1.994975E+01  8.073425E-05
 2.492462E+01  1.164525E-04
 2.989950E+01  1.617177E-04
 3.487437E+01  2.179970E-04
 3.984925E+01  2.880535E-04
 4.482412E+01  3.697051E-04
 4.979899E+01  4.673602E-04
 5.477387E+01  5.768343E-04
 5.974874E+01  6.998265E-04
 6.472362E+01  8.390567E-04
 6.969849E+01  9.847921E-04
 7.467337E+01  1.140205E-03
 7.964824E+01  1.296974E-03
 8.462312E+01  1.447194E-03
 8.959799E+01  1.582964E-03
 9.457286E+01  1.677164E-03
 9.954774E+01  1.712416E-03
 1.045226E+02  1.636398E-03
 1.094975E+02  1.344378E-03
 1.144724E+02  2.363303E-05
 1.194472E+02  2.870223E-06
 1.244221E+02  1.830321E-06
 1.293970E+02  1.389149E-06
 1.343719E+02  1.135465E-06
 1.393467E+02  9.686346E-07
 1.443216E+02  8.506539E-07
 1.492965E+02  7.614546E-07
 1.542714E+02  6.891320E-07
 1.592462E+02  6.302092E-07
 1.642211E+02  5.823801E-07
 1.691960E+02  5.407051E-07
 1.741709E+02  5.056435E-07
 1.791457E+02  4.752841E-07
 1.841206E+02  4.477411E-07
 1.890955E+02  4.229130E-07
 1.940704E+02  4.015516E-07
 1.990452E+02  3.818896E-07
 2.040201E+02  3.641969E-07
 2.089950E+02  3.484405E-07
 2.139698E+02  3.321897E-07
 2.189447E+02  3.190422E-07
 2.239196E+02  3.052606E-07
 2.288945E+02  2.936102E-07
 2.338693E+02  2.830522E-07
 2.388442E+02  2.723425E-07
 2.438191E+02  2.623611E-07
 2.487940E+02  2.528325E-07
 2.537688E+02  2.444328E-07
 2.587437E+02  2.361445E-07
 2.637186E+02  2.285100E-07
 2.686935E+02  2.211543E-07
 2.736683E+02  2.139317E-07
 2.786432E+02  2.074617E-07
 2.836181E+02  2.011132E-07
 2.885930E+02  1.950289E-07
 2.935678E+02  1.890590E-07
 2.985427E+02  1.836801E-07
 3.035176E+02  1.785714E-07
 3.084925E+02  1.736936E-07
 3.134673E+02  1.685259E-07
 3.184422E+02  1.638865E-07
 3.234171E+02  1.598330E-07
 3.283920E+02  1.554633E-07
 3.333668E+02  1.515036E-07
 3.383417E+02  1.476469E-07
 3.433166E+02  1.438525E-07
 3.482915E+02  1.402109E-07
 3.532663E+02  1.365947E-07
 3.582412E+02  1.332281E-07
 3.632161E+02  1.298367E-07
 3.681910E+02  1.268072E-07
 3.731658E+02  1.239176E-07
 3.781407E+02  1.210010E-07
 3.831156E+02  1.181080E-07
 3.880905E+02  1.152941E-07
 3.930653E+02  1.124298E-07
 3.980402E+02  1.099221E-07
 4.030151E+02  1.074452E-07
 4.079899E+02  1.050643E-07
 4.129648E+02  1.028791E-07
 4.179397E+02  1.004568E-07
 4.229146E+02  9.832889E-08
 4.278894E+02  9.614891E-08
 4.328643E+02  9.414155E-08
 4.378392E+02  9.197458E-08
 4.428141E+02  9.021990E-08
 4.477889E+02  8.810036E-08
 4.527638E+02  8.627915E-08
 4.577387E+02  8.452530E-08
 4.627136E+02  8.266908E-08
 4.676884E+02  8.115509E-08
 4.726633E+02  7.952013E-08
 4.776382E+02  7.793661E-08
 4.826131E+02  7.642378E-08
 4.875879E+02  7.479323E-08
 4.925628E+02  7.324838E-08
 4.975377E+02  7.185411E-08
 5.025126E+02  7.032792E-08
 5.074874E+02  6.912265E-08
 5.124623E+02  6.774701E-08
 5.174372E+02  6.637347E-08
 5.224121E+02  6.505030E-08
 5.273869E+02  6.391578E-08
 5.323618E+02  6.275347E-08
 5.373367E+02  6.152430E-08
 5.423116E+02  6.028312E-08
 5.472864E+02  5.912312E-08
 5.522613E+02  5.819989E-08
 5.572362E+02  5.710555E-08
 5.622111E+02  5.610114E-08
 5.671859E+02  5.503163E-08
 5.721608E+02  5.407551E-08
 5.771357E+02  5.303419E-08
 5.821106E+02  5.212592E-08
 5.870854E+02  5.116246E-08
 5.920603E+02  5.024006E-08
 5.970352E+02  4.935429E-08
 6.020101E+02  4.855733E-08
 6.069849E+02  4.763273E-08
 6.119598E+02  4.682245E-08
 6.169347E+02  4.604200E-08
 6.219095E+02  4.522527E-08
 6.268844E+02  4.444978E-08
 6.318593E+02  4.374672E-08
 6.368342E+02  4.288984E-08
 6.418090E+02  4.220835E-08
 6.467839E+02  4.156932E-08
 6.517588E+02  4.089292E-08
 6.567337E+02  4.009720E-08
 6.617085E+02  3.953416E-08
 6.666834E+02  3.880492E-08
 6.716583E+02  3.819794E-08
 6.766332E+02  3.752975E-08
 6.816080E+02  3.692592E-08
 6.865829E+02  3.634191E-08
 6.915578E+02  3.580598E-08
 6.965327E+02  3.526008E-08
 7.015075E+02  3.471328E-08
 7.064824E+02  3.408830E-08
 7.114573E+02  3.353445E-08
 7.164322E+02  3.299791E-08
 7.214070E+02  3.244995E-08
 7.263819E+02  3.192249E-08
 7.313568E+02  3.148313E-08
 7.363317E+02  3.093537E-08
 7.413065E+02  3.048598E-08
 7.462814E+02  2.996958E-08
 7.512563E+02  2.954799E-08
 7.562312E+02  2.907303E-08
 7.612060E+02  2.866675E-08
 7.661809E+02  2.823207E-08
 7.711558E+02  2.776583E-08
 7.761307E+02  2.738105E-08
 7.811055E+02  2.690906E-08
 7.860804E+02  2.658773E-08
 7.910553E+02  2.609554E-08
 7.960302E+02  2.572512E-08
 8.010050E+02  2.529872E-08
 8.059799E+02  2.499429E-08
 8.109548E+02  2.461667E-08
 8.159296E+02  2.422096E-08
 8.209045E+02  2.391920E-08
 8.258794E+02  2.354663E-08
 8.308543E+02  2.319640E-08
 8.358291E+02  2.282622E-08
 8.408040E+02  2.254581E-08
 8.457789E+02  2.216016E-08
 8.507538E+02  2.183030E-08
 8.557286E+02  2.153054E-08
 8.607035E+02  2.122757E-08
 8.656784E+02  2.090721E-08
 8.706533E+02  2.064703E-08
 8.756281E+02  2.037584E-08
 8.806030E+02  2.009871E-08
 8.855779E+02  1.980223E-08
 8.905528E+02  1.949473E-08
 8.955276E+02  1.922943E-08
 9.005025E+02  1.897779E-08
 9.054774E+02  1.869538E-08
 9.104523E+02  1.838690E-08
 9.154271E+02  1.818414E-08
 9.204020E+02  1.790273E-08
 9.253769E+02  1.765045E-08
 9.303518E+02  1.742414E-08
 9.353266E+02  1.714768E-08
 9.403015E+02  1.689007E-08
 9.452764E+02  1.671110E-08
 9.502513E+02  1.653133E-08
 9.552261E+02  1.625960E-08
 9.602010E+02  1.603121E-08
 9.651759E+02  1.584087E-08
 9.701508E+02  1.561065E-08
 9.751256E+02  1.541684E-08
 9.801005E+02  1.519012E-08
 9.850754E+02  1.500653E-08
 9.900503E+02  1.481684E-08
 9.950251E+02  1.456391E-08
 1.000000E+03  1.438964E-08
