 1.000000E+01  3.419429E-05
 1.497487E+01  1.688873E-04
 1.994975E+01  5.138504E-04
 2.492462E+01  1.225780E-03
 2.989950E+01  2.439032E-03
 3.487437E+01  4.259132E-03
 3.984925E+01  6.744878E-03
 4.482412E+01  9.787360E-03
 4.979899E+01  1.287869E-02
 5.477387E+01  1.503086E-02
 5.974874E+01  1.296577E-02
 6.472362E+01  2.748442E-05
 6.969849E+01  3.543949E-05
 7.467337E+01  4.595472E-05
 7.964824E+01  5.868902E-05
 8.462312E+01  7.441933E-05
 8.959799E+01  9.258373E-05
 9.457286E+01  1.137263E-04
 9.954774E+01  1.383673E-04
 1.045226E+02  1.661656E-04
 1.094975E+02  1.981416E-04
 1.144724E+02  2.344172E-04
 1.194472E+02  2.750673E-04
 1.244221E+02  3.190357E-04
 1.293970E+02  3.683486E-04
 1.343719E+02  4.212840E-04
 1.393467E+02  4.819501E-04
 1.443216E+02  5.416537E-04
 1.492965E+02  6.110811E-04
 1.542714E+02  6.823768E-04
 1.592462E+02  7.616262E-04
 1.642211E+02  8.416211E-04
 1.691960E+02  9.258809E-04
 1.741709E+02  1.011040E-03
 1.791457E+02  1.099901E-03
 1.841206E+02  1.192362E-03
 1.890955E+02  1.283795E-03
 1.940704E+02  1.368947E-03
 1.990452E+02  1.455301E-03
 2.040201E+02  1.539913E-03
 2.089950E+02  1.603431E-03
 2.139698E+02  1.662343E-03
 2.189447E+02  1.699874E-03
 2.239196E+02  1.710186E-03
 2.288945E+02  1.689770E-03
 2.338693E+02  1.620218E-03
 2.388442E+02  1.474239E-03
 2.438191E+02  1.193237E-03
 2.487940E+02  5.761486E-04
 2.537688E+02  4.921827E-06
 2.587437E+02  2.897999E-06
 2.637186E+02  2.150322E-06
 2.686935E+02  1.751291E-06
 2.736683E+02  1.485229E-06
 2.786432E+02  1.300018E-06
 2.836181E+02  1.163033E-06
 2.885930E+02  1.052576E-06
 2.935678E+02  9.653518E-07
 2.985427E+02  8.937683E-07
 3.035176E+02  8.318186E-07
 3.084925E+02  7.805077E-07
 3.134673E+02  7.343485E-07
 3.184422E+02  6.949818E-07
 3.234171E+02  6.589785E-07
 3.283920E+02  6.275537E-07
 3.333668E+02  5.984301E-07
 3.383417E+02  5.727563E-07
 3.433166E+02  5.494850E-07
 3.482915E+02  5.276173E-07
 3.532663E+02  5.076429E-07
 3.582412E+02  4.897185E-07
 3.632161E+02  4.716180E-07
 3.681910E+02  4.565536E-07
 3.731658E+02  4.409481E-07
 3.781407E+02  4.275647E-07
 3.831156E+02  4.143107E-07
 3.880905E+02  4.019297E-07
 3.930653E+02  3.901047E-07
 3.980402E+02  3.786054E-07
 4.030151E+02  3.685799E-07
 4.079899E+02  3.591103E-07
 4.129648E+02  3.490403E-07
 4.179397E+02  3.410593E-07
 4.229146E+02  3.317381E-07
 4.278894E+02  3.237091E-07
 4.328643E+02  3.158718E-07
 4.378392E+02  3.090307E-07
 4.428141E+02  3.011787E-07
 4.477889E+02  2.946607E-07
 4.527638E+02  2.880490E-07
 4.577387E+02  2.815510E-07
 4.627136E+02  2.757490E-07
 4.676884E+02  2.693233E-07
 4.726633E+02  2.638785E-07
 4.776382E+02  2.588442E-07
 4.826131E+02  2.533252E-07
 4.875879E+02  2.483860E-07
 4.925628E+02  2.435318E-07
 4.975377E+02  2.387291E-07
 5.025126E+02  2.341803E-07
 5.074874E+02  2.298629E-07
 5.124623E+02  2.246697E-07
 5.174372E+02  2.209551E-07
 5.224121E+02  2.166973E-07
 5.273869E+02  2.132150E-07
 5.323618E+02  2.093884E-07
 5.373367E+02  2.054866E-07
 5.423116E+02  2.016463E-07
 5.472864E+02  1.980788E-07
 5.522613E+02  1.945343E-07
 5.572362E+02  1.914164E-07
 5.622111E+02  1.883602E-07
 5.671859E+02  1.847721E-07
 5.721608E+02  1.822386E-07
 5.771357E+02  1.788275E-07
 5.821106E+02  1.761557E-07
 5.870854E+02  1.730414E-07
 5.920603E+02  1.707248E-07
 5.970352E+02  1.674644E-07
 6.020101E+02  1.650856E-07
 6.069849E+02  1.622643E-07
 6.119598E+02  1.598524E-07
 6.169347E+02  1.573117E-07
 6.219095E+02  1.546643E-07
 6.268844E+02  1.526481E-07
 6.318593E+02  1.501700E-07
 6.368342E+02  1.480055E-07
 6.418090E+02  1.459980E-07
 6.467839E+02  1.435155E-07
 6.517588E+02  1.415253E-07
 6.567337E+02  1.393564E-07
 6.617085E+02  1.375397E-07
 6.666834E+02  1.355494E-07
 6.716583E+02  1.333534E-07
 6.766332E+02  1.316891E-07
 6.816080E+02  1.295539E-07
 6.865829E+02  1.276875E-07
 6.915578E+02  1.259820E-07
 6.965327E+02  1.245005E-07
 7.015075E+02  1.227154E-07
 7.064824E+02  1.209283E-07
 7.114573E+02  1.192508E-07
 7.164322E+02  1.175828E-07
 7.214070E+02  1.162596E-07
 7.263819E+02  1.143783E-07
 7.313568E+02  1.129617E-07
 7.363317E+02  1.115264E-07
 7.413065E+02  1.100095E-07
 7.462814E+02  1.085271E-07
 7.512563E+02  1.072452E-07
 7.562312E+02  1.056205E-07
 7.612060E+02  1.044908E-07
 7.661809E+02  1.030044E-07
 7.711558E+02  1.015733E-07
 7.761307E+02  1.003013E-07
 7.811055E+02  9.917114E-08
 7.860804E+02  9.783525E-08
 7.910553E+02  9.653912E-08
 7.960302E+02  9.537445E-08
 8.010050E+02  9.414604E-08
 8.059799E+02  9.310242E-08
 8.109548E+02  9.184540E-08
 8.159296E+02  9.070067E-08
 8.209045E+02  8.953000E-08
 8.258794E+02  8.854886E-08
 8.308543E+02  8.761062E-08
 8.358291E+02  8.637455E-08
 8.408040E+02  8.536522E-08
 8.457789E+02  8.433252E-08
 8.507538E+02  8.334000E-08
 8.557286E+02  8.219396E-08
 8.607035E+02  8.119639E-08
 8.656784E+02  8.028688E-08
 8.706533E+02  7.937740E-08
 8.756281E+02  7.853831E-08
 8.806030E+02  7.757110E-08
 8.855779E+02  7.659818E-08
 8.905528E+02  7.575699E-08
 8.955276E+02  7.487738E-08
 9.005025E+02  7.399318E-08
 9.054774E+02  7.312555E-08
 9.104523E+02  7.243379E-08
 9.154271E+02  7.150641E-08
 9.204020E+02  7.077284E-08
 9.253769E+02  6.990024E-08
 9.303518E+02  6.917922E-08
 9.353266E+02  6.834469E-08
 9.403015E+02  6.761307E-08
 9.452764E+02  6.684434E-08
 9.502513E+02  6.612439E-08
 9.552261E+02  6.543607E-08
 9.602010E+02  6.451777E-08
 9.651759E+02  6.400994E-08
 9.701508E+02  6.326343E-08
 9.751256E+02  6.250529E-08
 9.801005E+02  6.181407E-08
 9.850754E+02  6.110821E-08
 9.900503E+02  6.061194E-08
 9.950251E+02  5.990182E-08
 1.000000E+03  5.926233E-08
