 1.000000E+01  9.498150E-04
 1.497487E+01  1.155338E-03
 1.994975E+01  1.361828E-03
 2.492462E+01  1.556774E-03
 2.989950E+01  1.743590E-03
 3.487437E+01  1.903641E-03
 3.984925E+01  2.048269E-03
 4.482412E+01  2.150780E-03
 4.979899E+01  2.209813E-03
 5.477387E+01  2.230437E-03
 5.974874E+01  2.192071E-03
 6.472362E+01  2.098741E-03
 6.969849E+01  1.936919E-03
 7.467337E+01  1.713916E-03
 7.964824E+01  1.441389E-03
 8.462312E+01  1.122565E-03
 8.959799E+01  7.673710E-04
 9.457286E+01  4.064628E-04
 9.954774E+01  9.825110E-05
 1.045226E+02  2.264916E-06
 1.094975E+02  1.749063E-06
 1.144724E+02  1.483665E-06
 1.194472E+02  1.305178E-06
 1.244221E+02  1.173397E-06
 1.293970E+02  1.067899E-06
 1.343719E+02  9.841630E-07
 1.393467E+02  9.093336E-07
 1.443216E+02  8.476587E-07
 1.492965E+02  7.961671E-07
 1.542714E+02  7.470658E-07
 1.592462E+02  7.055326E-07
 1.642211E+02  6.655677E-07
 1.691960E+02  6.312908E-07
 1.741709E+02  6.004530E-07
 1.791457E+02  5.694195E-07
 1.841206E+02  5.432579E-07
 1.890955E+02  5.181525E-07
 1.940704E+02  4.961056E-07
 1.990452E+02  4.741782E-07
 2.040201E+02  4.537564E-07
 2.089950E+02  4.353187E-07
 2.139698E+02  4.180174E-07
 2.189447E+02  4.008771E-07
 2.239196E+02  3.863628E-07
 2.288945E+02  3.716296E-07
 2.338693E+02  3.585182E-07
 2.388442E+02  3.448119E-07
 2.438191E+02  3.320884E-07
 2.487940E+02  3.212236E-07
 2.537688E+02  3.100524E-07
 2.587437E+02  2.992021E-07
 2.637186E+02  2.894161E-07
 2.686935E+02  2.800541E-07
 2.736683E+02  2.709386E-07
 2.786432E+02  2.619907E-07
 2.836181E+02  2.530917E-07
 2.885930E+02  2.459281E-07
 2.935678E+02  2.379238E-07
 2.985427E+02  2.308074E-07
 3.035176E+02  2.238605E-07
 3.084925E+02  2.166231E-07
 3.134673E+02  2.104648E-07
 3.184422E+02  2.044094E-07
 3.234171E+02  1.983505E-07
 3.283920E+02  1.927675E-07
 3.333668E+02  1.873941E-07
 3.383417E+02  1.821315E-07
 3.433166E+02  1.770775E-07
 3.482915E+02  1.724606E-07
 3.532663E+02  1.674007E-07
 3.582412E+02  1.630545E-07
 3.632161E+02  1.584628E-07
 3.681910E+02  1.542897E-07
 3.731658E+02  1.508549E-07
 3.781407E+02  1.465379E-07
 3.831156E+02  1.426082E-07
 3.880905E+02  1.390020E-07
 3.930653E+02  1.349868E-07
 3.980402E+02  1.319049E-07
 4.030151E+02  1.285846E-07
 4.079899E+02  1.252632E-07
 4.129648E+02  1.222570E-07
 4.179397E+02  1.191160E-07
 4.229146E+02  1.161450E-07
 4.278894E+02  1.134232E-07
 4.328643E+02  1.109666E-07
 4.378392E+02  1.079795E-07
 4.428141E+02  1.055010E-07
 4.477889E+02  1.030511E-07
 4.527638E+02  1.005397E-07
 4.577387E+02  9.823741E-08
 4.627136E+02  9.600005E-08
 4.676884E+02  9.393185E-08
 4.726633E+02  9.166093E-08
 4.776382E+02  8.959208E-08
 4.826131E+02  8.737507E-08
 4.875879E+02  8.547200E-08
 4.925628E+02  8.368045E-08
 4.975377E+02  8.170343E-08
 5.025126E+02  7.987496E-08
 5.074874E+02  7.822674E-08
 5.124623E+02  7.667761E-08
 5.174372E+02  7.475893E-08
 5.224121E+02  7.343377E-08
 5.273869E+02  7.162171E-08
 5.323618E+02  7.014102E-08
 5.373367E+02  6.873736E-08
 5.423116E+02  6.725830E-08
 5.472864E+02  6.576234E-08
 5.522613E+02  6.455267E-08
 5.572362E+02  6.305924E-08
 5.622111E+02  6.182865E-08
 5.671859E+02  6.054405E-08
 5.721608E+02  5.925873E-08
 5.771357E+02  5.805481E-08
 5.821106E+02  5.684624E-08
 5.870854E+02  5.567559E-08
 5.920603E+02  5.458934E-08
 5.970352E+02  5.340368E-08
 6.020101E+02  5.244602E-08
 6.069849E+02  5.129818E-08
 6.119598E+02  5.035153E-08
 6.169347E+02  4.937691E-08
 6.219095E+02  4.836032E-08
 6.268844E+02  4.748548E-08
 6.318593E+02  4.660273E-08
 6.368342E+02  4.555020E-08
 6.418090E+02  4.479767E-08
 6.467839E+02  4.383278E-08
 6.517588E+02  4.310041E-08
 6.567337E+02  4.219652E-08
 6.617085E+02  4.144909E-08
 6.666834E+02  4.067536E-08
 6.716583E+02  3.987885E-08
 6.766332E+02  3.910186E-08
 6.816080E+02  3.838263E-08
 6.865829E+02  3.765283E-08
 6.915578E+02  3.702822E-08
 6.965327E+02  3.634842E-08
 7.015075E+02  3.563901E-08
 7.064824E+02  3.501343E-08
 7.114573E+02  3.437025E-08
 7.164322E+02  3.372625E-08
 7.214070E+02  3.314160E-08
 7.263819E+02  3.260833E-08
 7.313568E+02  3.195008E-08
 7.363317E+02  3.138095E-08
 7.413065E+02  3.080900E-08
 7.462814E+02  3.032238E-08
 7.512563E+02  2.980340E-08
 7.562312E+02  2.922166E-08
 7.612060E+02  2.874283E-08
 7.661809E+02  2.816929E-08
 7.711558E+02  2.777720E-08
 7.761307E+02  2.720181E-08
 7.811055E+02  2.675395E-08
 7.860804E+02  2.630761E-08
 7.910553E+02  2.587048E-08
 7.960302E+02  2.543164E-08
 8.010050E+02  2.495316E-08
 8.059799E+02  2.458799E-08
 8.109548E+02  2.415291E-08
 8.159296E+02  2.372491E-08
 8.209045E+02  2.327812E-08
 8.258794E+02  2.293004E-08
 8.308543E+02  2.250097E-08
 8.358291E+02  2.218495E-08
 8.408040E+02  2.181264E-08
 8.457789E+02  2.151377E-08
 8.507538E+02  2.112484E-08
 8.557286E+02  2.070665E-08
 8.607035E+02  2.043859E-08
 8.656784E+02  2.005870E-08
 8.706533E+02  1.976764E-08
 8.756281E+02  1.941559E-08
 8.806030E+02  1.909523E-08
 8.855779E+02  1.882008E-08
 8.905528E+02  1.848277E-08
 8.955276E+02  1.819242E-08
 9.005025E+02  1.792549E-08
 9.054774E+02  1.762066E-08
 9.104523E+02  1.733526E-08
 9.154271E+02  1.705397E-08
 9.204020E+02  1.678294E-08
 9.253769E+02  1.654054E-08
 9.303518E+02  1.626075E-08
 9.353266E+02  1.603662E-08
 9.403015E+02  1.577854E-08
 9.452764E+02  1.549554E-08
 9.502513E+02  1.526127E-08
 9.552261E+02  1.501834E-08
 9.602010E+02  1.480260E-08
 9.651759E+02  1.456095E-08
 9.701508E+02  1.433127E-08
 9.751256E+02  1.413399E-08
 9.801005E+02  1.389666E-08
 9.850754E+02  1.366499E-08
 9.900503E+02  1.347167E-08
 9.950251E+02  1.330428E-08
 1.000000E+03  1.305712E-08
