 1.000000E+01  9.471010E-04
 1.497487E+01  1.150766E-03
 1.994975E+01  1.358603E-03
 2.492462E+01  1.555283E-03
 2.989950E+01  1.740804E-03
 3.487437E+01  1.907970E-03
 3.984925E+01  2.044203E-03
 4.482412E+01  2.148836E-03
 4.979899E+01  2.207724E-03
 5.477387E+01  2.223204E-03
 5.974874E+01  2.193084E-03
 6.472362E+01  2.091533E-03
 6.969849E+01  1.939168E-03
 7.467337E+01  1.718012E-03
 7.964824E+01  1.444886E-03
 8.462312E+01  1.121618E-03
 8.959799E+01  7.682381E-04
 9.457286E+01  4.070776E-04
 9.954774E+01  9.837669E-05
 1.045226E+02  2.262772E-06
 1.094975E+02  1.752329E-06
 1.144724E+02  1.482831E-06
 1.194472E+02  1.307368E-06
 1.244221E+02  1.171476E-06
 1.293970E+02  1.069197E-06
 1.343719E+02  9.825993E-07
 1.393467E+02  9.109323E-07
 1.443216E+02  8.497741E-07
 1.492965E+02  7.947738E-07
 1.542714E+02  7.482804E-07
 1.592462E+02  7.040010E-07
 1.642211E+02  6.646411E-07
 1.691960E+02  6.306034E-07
 1.741709E+02  5.989145E-07
 1.791457E+02  5.701455E-07
 1.841206E+02  5.430513E-07
 1.890955E+02  5.177898E-07
 1.940704E+02  4.960138E-07
 1.990452E+02  4.736712E-07
 2.040201E+02  4.531216E-07
 2.089950E+02  4.359992E-07
 2.139698E+02  4.174938E-07
 2.189447E+02  4.011923E-07
 2.239196E+02  3.864603E-07
 2.288945E+02  3.714456E-07
 2.338693E+02  3.582615E-07
 2.388442E+02  3.450699E-07
 2.438191E+02  3.333713E-07
 2.487940E+02  3.209863E-07
 2.537688E+02  3.104281E-07
 2.587437E+02  2.991475E-07
 2.637186E+02  2.890889E-07
 2.686935E+02  2.797828E-07
 2.736683E+02  2.704491E-07
 2.786432E+02  2.618883E-07
 2.836181E+02  2.533671E-07
 2.885930E+02  2.455157E-07
 2.935678E+02  2.378408E-07
 2.985427E+02  2.310814E-07
 3.035176E+02  2.237731E-07
 3.084925E+02  2.168822E-07
 3.134673E+02  2.107231E-07
 3.184422E+02  2.042990E-07
 3.234171E+02  1.985589E-07
 3.283920E+02  1.930144E-07
 3.333668E+02  1.871977E-07
 3.383417E+02  1.821188E-07
 3.433166E+02  1.772435E-07
 3.482915E+02  1.723922E-07
 3.532663E+02  1.673644E-07
 3.582412E+02  1.629897E-07
 3.632161E+02  1.585836E-07
 3.681910E+02  1.544914E-07
 3.731658E+02  1.502870E-07
 3.781407E+02  1.461412E-07
 3.831156E+02  1.427371E-07
 3.880905E+02  1.387272E-07
 3.930653E+02  1.353241E-07
 3.980402E+02  1.319063E-07
 4.030151E+02  1.284694E-07
 4.079899E+02  1.251852E-07
 4.129648E+02  1.219343E-07
 4.179397E+02  1.191378E-07
 4.229146E+02  1.163485E-07
 4.278894E+02  1.133079E-07
 4.328643E+02  1.107029E-07
 4.378392E+02  1.080978E-07
 4.428141E+02  1.056000E-07
 4.477889E+02  1.030267E-07
 4.527638E+02  1.004764E-07
 4.577387E+02  9.832019E-08
 4.627136E+02  9.584554E-08
 4.676884E+02  9.375807E-08
 4.726633E+02  9.145875E-08
 4.776382E+02  8.968938E-08
 4.826131E+02  8.750516E-08
 4.875879E+02  8.536676E-08
 4.925628E+02  8.371405E-08
 4.975377E+02  8.172742E-08
 5.025126E+02  7.990875E-08
 5.074874E+02  7.833814E-08
 5.124623E+02  7.657322E-08
 5.174372E+02  7.478242E-08
 5.224121E+02  7.327385E-08
 5.273869E+02  7.171330E-08
 5.323618E+02  7.029589E-08
 5.373367E+02  6.879712E-08
 5.423116E+02  6.730529E-08
 5.472864E+02  6.579139E-08
 5.522613E+02  6.439538E-08
 5.572362E+02  6.287057E-08
 5.622111E+02  6.175167E-08
 5.671859E+02  6.048492E-08
 5.721608E+02  5.912171E-08
 5.771357E+02  5.815161E-08
 5.821106E+02  5.686902E-08
 5.870854E+02  5.562949E-08
 5.920603E+02  5.458541E-08
 5.970352E+02  5.347310E-08
 6.020101E+02  5.242478E-08
 6.069849E+02  5.128777E-08
 6.119598E+02  5.036156E-08
 6.169347E+02  4.943066E-08
 6.219095E+02  4.848928E-08
 6.268844E+02  4.741188E-08
 6.318593E+02  4.647038E-08
 6.368342E+02  4.568078E-08
 6.418090E+02  4.475909E-08
 6.467839E+02  4.395946E-08
 6.517588E+02  4.302760E-08
 6.567337E+02  4.221673E-08
 6.617085E+02  4.140249E-08
 6.666834E+02  4.067639E-08
 6.716583E+02  3.991006E-08
 6.766332E+02  3.914908E-08
 6.816080E+02  3.834700E-08
 6.865829E+02  3.773556E-08
 6.915578E+02  3.695939E-08
 6.965327E+02  3.628436E-08
 7.015075E+02  3.574483E-08
 7.064824E+02  3.495915E-08
 7.114573E+02  3.433576E-08
 7.164322E+02  3.378981E-08
 7.214070E+02  3.314540E-08
 7.263819E+02  3.254488E-08
 7.313568E+02  3.192365E-08
 7.363317E+02  3.144527E-08
 7.413065E+02  3.084271E-08
 7.462814E+02  3.032534E-08
 7.512563E+02  2.970597E-08
 7.562312E+02  2.923633E-08
 7.612060E+02  2.872788E-08
 7.661809E+02  2.824209E-08
 7.711558E+02  2.776437E-08
 7.761307E+02  2.730154E-08
 7.811055E+02  2.672540E-08
 7.860804E+02  2.630609E-08
 7.910553E+02  2.586178E-08
 7.960302E+02  2.535612E-08
 8.010050E+02  2.494631E-08
 8.059799E+02  2.454805E-08
 8.109548E+02  2.417299E-08
 8.159296E+02  2.366558E-08
 8.209045E+02  2.332013E-08
 8.258794E+02  2.294779E-08
 8.308543E+02  2.261621E-08
 8.358291E+02  2.217137E-08
 8.408040E+02  2.178671E-08
 8.457789E+02  2.146099E-08
 8.507538E+02  2.113203E-08
 8.557286E+02  2.073306E-08
 8.607035E+02  2.041253E-08
 8.656784E+02  2.003391E-08
 8.706533E+02  1.973260E-08
 8.756281E+02  1.939772E-08
 8.806030E+02  1.905607E-08
 8.855779E+02  1.879443E-08
 8.905528E+02  1.846987E-08
 8.955276E+02  1.819253E-08
 9.005025E+02  1.787348E-08
 9.054774E+02  1.760039E-08
 9.104523E+02  1.732299E-08
 9.154271E+02  1.708470E-08
 9.204020E+02  1.678934E-08
 9.253769E+02  1.650146E-08
 9.303518E+02  1.630115E-08
 9.353266E+02  1.600411E-08
 9.403015E+02  1.575544E-08
 9.452764E+02  1.551204E-08
 9.502513E+02  1.526128E-08
 9.552261E+02  1.502584E-08
 9.602010E+02  1.476181E-08
 9.651759E+02  1.453960E-08
 9.701508E+02  1.431385E-08
 9.751256E+02  1.411663E-08
 9.801005E+02  1.391122E-08
 9.850754E+02  1.365388E-08
 9.900503E+02  1.349778E-08
 9.950251E+02  1.328153E-08
 1.000000E+03  1.302533E-08
