 1.000000E+01  1.101668E-05
 1.387755E+01  1.565669E-05
 1.775510E+01  1.680903E-05
 2.163265E+01  1.363404E-05
 2.551020E+01  7.183209E-06
 2.938776E+01  1.060808E-06
 3.326531E+01  5.184421E-10
 3.714286E+01  3.674170E-10
 4.102041E+01  2.931763E-10
 4.489796E+01  2.456603E-10
 4.877551E+01  2.106902E-10
 5.265306E+01  1.845755E-10
 5.653061E+01  1.636059E-10
 6.040816E+01  1.454874E-10
 6.428571E+01  1.309937E-10
 6.816327E+01  1.180995E-10
 7.204082E+01  1.068792E-10
 7.591837E+01  9.654720E-11
 7.979592E+01  8.735788E-11
 8.367347E+01  7.878425E-11
 8.755102E+01  7.092508E-11
 9.142857E+01  6.380408E-11
 9.530612E+01  5.690867E-11
 9.918367E+01  5.071487E-11
 1.030612E+02  4.494335E-11
 1.069388E+02  3.957414E-11
 1.108163E+02  3.484754E-11
 1.146939E+02  3.059854E-11
 1.185714E+02  2.711527E-11
 1.224490E+02  2.433310E-11
 1.263265E+02  2.226797E-11
 1.302041E+02  2.049505E-11
 1.340816E+02  1.884382E-11
 1.379592E+02  1.735326E-11
 1.418367E+02  1.601613E-11
 1.457143E+02  1.478978E-11
 1.495918E+02  1.364217E-11
 1.534694E+02  1.263245E-11
 1.573469E+02  1.164423E-11
 1.612245E+02  1.078720E-11
 1.651020E+02  9.966992E-12
 1.689796E+02  9.267988E-12
 1.728571E+02  8.581102E-12
 1.767347E+02  7.950194E-12
 1.806122E+02  7.381782E-12
 1.844898E+02  6.868918E-12
 1.883673E+02  6.369900E-12
 1.922449E+02  5.924820E-12
 1.961224E+02  5.520188E-12
 2.000000E+02  5.134664E-12
