 1.000000E+01  2.360643E-05
 1.387755E+01  2.524086E-05
 1.775510E+01  1.491214E-05
 2.163265E+01  1.434539E-06
 2.551020E+01  6.830208E-10
 2.938776E+01  4.763206E-10
 3.326531E+01  3.710303E-10
 3.714286E+01  3.044779E-10
 4.102041E+01  2.562409E-10
 4.489796E+01  2.203722E-10
 4.877551E+01  1.908213E-10
 5.265306E+01  1.660840E-10
 5.653061E+01  1.446274E-10
 6.040816E+01  1.264261E-10
 6.428571E+01  1.094636E-10
 6.816327E+01  9.458766E-11
 7.204082E+01  8.084149E-11
 7.591837E+01  6.863301E-11
 7.979592E+01  5.760484E-11
 8.367347E+01  4.832005E-11
 8.755102E+01  4.085917E-11
 9.142857E+01  3.570948E-11
 9.530612E+01  3.191392E-11
 9.918367E+01  2.856856E-11
 1.030612E+02  2.553466E-11
 1.069388E+02  2.288505E-11
 1.108163E+02  2.050717E-11
 1.146939E+02  1.838653E-11
 1.185714E+02  1.652394E-11
 1.224490E+02  1.492796E-11
 1.263265E+02  1.343634E-11
 1.302041E+02  1.216785E-11
 1.340816E+02  1.096629E-11
 1.379592E+02  9.943285E-12
 1.418367E+02  9.005909E-12
 1.457143E+02  8.149915E-12
 1.495918E+02  7.411524E-12
 1.534694E+02  6.728334E-12
 1.573469E+02  6.123514E-12
 1.612245E+02  5.573532E-12
 1.651020E+02  5.070244E-12
 1.689796E+02  4.627941E-12
 1.728571E+02  4.216806E-12
 1.767347E+02  3.857784E-12
 1.806122E+02  3.521257E-12
 1.844898E+02  3.217948E-12
 1.883673E+02  2.945727E-12
 1.922449E+02  2.699638E-12
 1.961224E+02  2.473014E-12
 2.000000E+02  2.266899E-12
