 1.000000E+01  5.550532E-07
 1.387755E+01  5.045356E-07
 1.775510E+01  1.817567E-07
 2.163265E+01  1.999607E-11
 2.551020E+01  1.175585E-11
 2.938776E+01  8.704470E-12
 3.326531E+01  6.934990E-12
 3.714286E+01  5.734755E-12
 4.102041E+01  4.848932E-12
 4.489796E+01  4.140431E-12
 4.877551E+01  3.561266E-12
 5.265306E+01  3.065381E-12
 5.653061E+01  2.633415E-12
 6.040816E+01  2.249306E-12
 6.428571E+01  1.901144E-12
 6.816327E+01  1.588640E-12
 7.204082E+01  1.318288E-12
 7.591837E+01  1.086040E-12
 7.979592E+01  9.050549E-13
 8.367347E+01  7.813503E-13
 8.755102E+01  6.893997E-13
 9.142857E+01  6.100288E-13
 9.530612E+01  5.405191E-13
 9.918367E+01  4.790036E-13
 1.030612E+02  4.257565E-13
 1.069388E+02  3.783991E-13
 1.108163E+02  3.376196E-13
 1.146939E+02  3.008175E-13
 1.185714E+02  2.687766E-13
 1.224490E+02  2.409015E-13
 1.263265E+02  2.159478E-13
 1.302041E+02  1.936365E-13
 1.340816E+02  1.740528E-13
 1.379592E+02  1.566101E-13
 1.418367E+02  1.410851E-13
 1.457143E+02  1.271034E-13
 1.495918E+02  1.148813E-13
 1.534694E+02  1.036836E-13
 1.573469E+02  9.377782E-14
 1.612245E+02  8.484382E-14
 1.651020E+02  7.682485E-14
 1.689796E+02  6.968534E-14
 1.728571E+02  6.313063E-14
 1.767347E+02  5.738792E-14
 1.806122E+02  5.219159E-14
 1.844898E+02  4.743995E-14
 1.883673E+02  4.313816E-14
 1.922449E+02  3.929415E-14
 1.961224E+02  3.580915E-14
 2.000000E+02  3.263004E-14
