 1.000000E+01  2.301648E-05
 1.387755E+01  3.432782E-05
 1.775510E+01  3.926795E-05
 2.163265E+01  3.580794E-05
 2.551020E+01  2.414791E-05
 2.938776E+01  8.978017E-06
 3.326531E+01  3.943392E-08
 3.714286E+01  1.044082E-09
 4.102041E+01  7.963390E-10
 4.489796E+01  6.555838E-10
 4.877551E+01  5.575614E-10
 5.265306E+01  4.864348E-10
 5.653061E+01  4.291118E-10
 6.040816E+01  3.835912E-10
 6.428571E+01  3.443671E-10
 6.816327E+01  3.111681E-10
 7.204082E+01  2.827111E-10
 7.591837E+01  2.567474E-10
 7.979592E+01  2.344976E-10
 8.367347E+01  2.127073E-10
 8.755102E+01  1.941713E-10
 9.142857E+01  1.763900E-10
 9.530612E+01  1.594731E-10
 9.918367E+01  1.442557E-10
 1.030612E+02  1.298915E-10
 1.069388E+02  1.164815E-10
 1.108163E+02  1.038677E-10
 1.146939E+02  9.243985E-11
 1.185714E+02  8.198903E-11
 1.224490E+02  7.275916E-11
 1.263265E+02  6.477804E-11
 1.302041E+02  5.833432E-11
 1.340816E+02  5.341186E-11
 1.379592E+02  4.950782E-11
 1.418367E+02  4.582600E-11
 1.457143E+02  4.236959E-11
 1.495918E+02  3.928446E-11
 1.534694E+02  3.643152E-11
 1.573469E+02  3.376698E-11
 1.612245E+02  3.137459E-11
 1.651020E+02  2.912067E-11
 1.689796E+02  2.710049E-11
 1.728571E+02  2.520702E-11
 1.767347E+02  2.342857E-11
 1.806122E+02  2.187938E-11
 1.844898E+02  2.035721E-11
 1.883673E+02  1.898692E-11
 1.922449E+02  1.768142E-11
 1.961224E+02  1.652262E-11
 2.000000E+02  1.542048E-11
