 1.000000E+01  2.308061E-05
 1.387755E+01  3.413223E-05
 1.775510E+01  3.936428E-05
 2.163265E+01  3.575832E-05
 2.551020E+01  2.406581E-05
 2.938776E+01  8.975778E-06
 3.326531E+01  3.939706E-08
 3.714286E+01  1.046708E-09
 4.102041E+01  8.000297E-10
 4.489796E+01  6.549350E-10
 4.877551E+01  5.586294E-10
 5.265306E+01  4.850637E-10
 5.653061E+01  4.286594E-10
 6.040816E+01  3.826271E-10
 6.428571E+01  3.443012E-10
 6.816327E+01  3.109820E-10
 7.204082E+01  2.826493E-10
 7.591837E+01  2.567918E-10
 7.979592E+01  2.343602E-10
 8.367347E+01  2.132072E-10
 8.755102E+01  1.941428E-10
 9.142857E+01  1.761734E-10
 9.530612E+01  1.598120E-10
 9.918367E+01  1.443040E-10
 1.030612E+02  1.298310E-10
 1.069388E+02  1.162550E-10
 1.108163E+02  1.037457E-10
 1.146939E+02  9.228865E-11
 1.185714E+02  8.188403E-11
 1.224490E+02  7.281701E-11
 1.263265E+02  6.472774E-11
 1.302041E+02  5.823033E-11
 1.340816E+02  5.352098E-11
 1.379592E+02  4.940471E-11
 1.418367E+02  4.576948E-11
 1.457143E+02  4.238082E-11
 1.495918E+02  3.927525E-11
 1.534694E+02  3.642185E-11
 1.573469E+02  3.377631E-11
 1.612245E+02  3.129236E-11
 1.651020E+02  2.914187E-11
 1.689796E+02  2.712556E-11
 1.728571E+02  2.518495E-11
 1.767347E+02  2.345818E-11
 1.806122E+02  2.185719E-11
 1.844898E+02  2.036026E-11
 1.883673E+02  1.899179E-11
 1.922449E+02  1.771532E-11
 1.961224E+02  1.652489E-11
 2.000000E+02  1.541999E-11
