 1.000000E+01  5.993021E-06
 1.387755E+01  6.866473E-06
 1.775510E+01  4.796933E-06
 2.163265E+01  1.158732E-06
 2.551020E+01  2.178999E-10
 2.938776E+01  1.417996E-10
 3.326531E+01  1.087705E-10
 3.714286E+01  8.867025E-11
 4.102041E+01  7.434599E-11
 4.489796E+01  6.371147E-11
 4.877551E+01  5.525951E-11
 5.265306E+01  4.831204E-11
 5.653061E+01  4.249433E-11
 6.040816E+01  3.728854E-11
 6.428571E+01  3.275588E-11
 6.816327E+01  2.857008E-11
 7.204082E+01  2.476831E-11
 7.591837E+01  2.140660E-11
 7.979592E+01  1.825353E-11
 8.367347E+01  1.544850E-11
 8.755102E+01  1.307229E-11
 9.142857E+01  1.115697E-11
 9.530612E+01  9.735343E-12
 9.918367E+01  8.718661E-12
 1.030612E+02  7.843340E-12
 1.069388E+02  7.054673E-12
 1.108163E+02  6.341233E-12
 1.146939E+02  5.724763E-12
 1.185714E+02  5.171171E-12
 1.224490E+02  4.662365E-12
 1.263265E+02  4.220264E-12
 1.302041E+02  3.824924E-12
 1.340816E+02  3.471786E-12
 1.379592E+02  3.145818E-12
 1.418367E+02  2.858813E-12
 1.457143E+02  2.603152E-12
 1.495918E+02  2.368607E-12
 1.534694E+02  2.158867E-12
 1.573469E+02  1.966075E-12
 1.612245E+02  1.794844E-12
 1.651020E+02  1.642445E-12
 1.689796E+02  1.501670E-12
 1.728571E+02  1.373318E-12
 1.767347E+02  1.256829E-12
 1.806122E+02  1.153300E-12
 1.844898E+02  1.056656E-12
 1.883673E+02  9.706178E-13
 1.922449E+02  8.892811E-13
 1.961224E+02  8.184108E-13
 2.000000E+02  7.510968E-13
