 1.000000E+01  2.280396E-06
 1.387755E+01  3.016228E-06
 1.775510E+01  2.858414E-06
 2.163265E+01  1.775460E-06
 2.551020E+01  4.043197E-07
 2.938776E+01  1.006696E-10
 3.326531E+01  6.696472E-11
 3.714286E+01  5.217472E-11
 4.102041E+01  4.304432E-11
 4.489796E+01  3.663989E-11
 4.877551E+01  3.165897E-11
 5.265306E+01  2.781283E-11
 5.653061E+01  2.454716E-11
 6.040816E+01  2.190064E-11
 6.428571E+01  1.957175E-11
 6.816327E+01  1.751269E-11
 7.204082E+01  1.565837E-11
 7.591837E+01  1.396186E-11
 7.979592E+01  1.241657E-11
 8.367347E+01  1.099220E-11
 8.755102E+01  9.689395E-12
 9.142857E+01  8.463136E-12
 9.530612E+01  7.355872E-12
 9.918367E+01  6.385357E-12
 1.030612E+02  5.541965E-12
 1.069388E+02  4.835631E-12
 1.108163E+02  4.305877E-12
 1.146939E+02  3.917130E-12
 1.185714E+02  3.573768E-12
 1.224490E+02  3.255787E-12
 1.263265E+02  2.979571E-12
 1.302041E+02  2.722037E-12
 1.340816E+02  2.486865E-12
 1.379592E+02  2.280596E-12
 1.418367E+02  2.089280E-12
 1.457143E+02  1.914948E-12
 1.495918E+02  1.756161E-12
 1.534694E+02  1.614588E-12
 1.573469E+02  1.486109E-12
 1.612245E+02  1.366575E-12
 1.651020E+02  1.258141E-12
 1.689796E+02  1.161593E-12
 1.728571E+02  1.069528E-12
 1.767347E+02  9.866982E-13
 1.806122E+02  9.123208E-13
 1.844898E+02  8.422945E-13
 1.883673E+02  7.788199E-13
 1.922449E+02  7.205551E-13
 1.961224E+02  6.670520E-13
 2.000000E+02  6.181346E-13
