 1.000000E+01  2.275040E-06
 1.387755E+01  3.017680E-06
 1.775510E+01  2.857100E-06
 2.163265E+01  1.776675E-06
 2.551020E+01  4.043064E-07
 2.938776E+01  1.006215E-10
 3.326531E+01  6.710832E-11
 3.714286E+01  5.223004E-11
 4.102041E+01  4.311778E-11
 4.489796E+01  3.660756E-11
 4.877551E+01  3.174222E-11
 5.265306E+01  2.782729E-11
 5.653061E+01  2.462608E-11
 6.040816E+01  2.189625E-11
 6.428571E+01  1.954936E-11
 6.816327E+01  1.750953E-11
 7.204082E+01  1.565181E-11
 7.591837E+01  1.399588E-11
 7.979592E+01  1.243604E-11
 8.367347E+01  1.098497E-11
 8.755102E+01  9.677404E-12
 9.142857E+01  8.458214E-12
 9.530612E+01  7.361825E-12
 9.918367E+01  6.375346E-12
 1.030612E+02  5.529899E-12
 1.069388E+02  4.834686E-12
 1.108163E+02  4.306931E-12
 1.146939E+02  3.919182E-12
 1.185714E+02  3.567535E-12
 1.224490E+02  3.260489E-12
 1.263265E+02  2.975213E-12
 1.302041E+02  2.721638E-12
 1.340816E+02  2.491826E-12
 1.379592E+02  2.278305E-12
 1.418367E+02  2.089089E-12
 1.457143E+02  1.918082E-12
 1.495918E+02  1.758103E-12
 1.534694E+02  1.613742E-12
 1.573469E+02  1.486815E-12
 1.612245E+02  1.365876E-12
 1.651020E+02  1.258212E-12
 1.689796E+02  1.160504E-12
 1.728571E+02  1.069754E-12
 1.767347E+02  9.878019E-13
 1.806122E+02  9.134043E-13
 1.844898E+02  8.421164E-13
 1.883673E+02  7.786398E-13
 1.922449E+02  7.209835E-13
 1.961224E+02  6.671470E-13
 2.000000E+02  6.179208E-13
