 1.000000E+01  6.012458E-06
 1.387755E+01  6.880879E-06
 1.775510E+01  4.811398E-06
 2.163265E+01  1.157260E-06
 2.551020E+01  2.177844E-10
 2.938776E+01  1.415282E-10
 3.326531E+01  1.086361E-10
 3.714286E+01  8.845358E-11
 4.102041E+01  7.437363E-11
 4.489796E+01  6.372842E-11
 4.877551E+01  5.528749E-11
 5.265306E+01  4.832883E-11
 5.653061E+01  4.247988E-11
 6.040816E+01  3.729763E-11
 6.428571E+01  3.270994E-11
 6.816327E+01  2.854314E-11
 7.204082E+01  2.479523E-11
 7.591837E+01  2.135837E-11
 7.979592E+01  1.828684E-11
 8.367347E+01  1.547125E-11
 8.755102E+01  1.308875E-11
 9.142857E+01  1.115436E-11
 9.530612E+01  9.738898E-12
 9.918367E+01  8.738500E-12
 1.030612E+02  7.839468E-12
 1.069388E+02  7.057267E-12
 1.108163E+02  6.357010E-12
 1.146939E+02  5.721364E-12
 1.185714E+02  5.164177E-12
 1.224490E+02  4.666140E-12
 1.263265E+02  4.220864E-12
 1.302041E+02  3.827650E-12
 1.340816E+02  3.471606E-12
 1.379592E+02  3.143622E-12
 1.418367E+02  2.858821E-12
 1.457143E+02  2.602342E-12
 1.495918E+02  2.368295E-12
 1.534694E+02  2.157699E-12
 1.573469E+02  1.965966E-12
 1.612245E+02  1.798077E-12
 1.651020E+02  1.644021E-12
 1.689796E+02  1.500884E-12
 1.728571E+02  1.371843E-12
 1.767347E+02  1.257024E-12
 1.806122E+02  1.151113E-12
 1.844898E+02  1.055415E-12
 1.883673E+02  9.703567E-13
 1.922449E+02  8.896422E-13
 1.961224E+02  8.170862E-13
 2.000000E+02  7.515558E-13
