 1.000000E+01  9.537394E-07
 1.387755E+01  1.554724E-06
 1.775510E+01  2.051693E-06
 2.163265E+01  2.294464E-06
 2.551020E+01  2.220332E-06
 2.938776E+01  1.811744E-06
 3.326531E+01  1.148569E-06
 3.714286E+01  4.389717E-07
 4.102041E+01  1.158677E-08
 4.489796E+01  6.803266E-11
 4.877551E+01  5.260945E-11
 5.265306E+01  4.366988E-11
 5.653061E+01  3.758382E-11
 6.040816E+01  3.310575E-11
 6.428571E+01  2.954858E-11
 6.816327E+01  2.663929E-11
 7.204082E+01  2.421004E-11
 7.591837E+01  2.215363E-11
 7.979592E+01  2.029832E-11
 8.367347E+01  1.876019E-11
 8.755102E+01  1.732844E-11
 9.142857E+01  1.603076E-11
 9.530612E+01  1.487055E-11
 9.918367E+01  1.379051E-11
 1.030612E+02  1.280265E-11
 1.069388E+02  1.188723E-11
 1.108163E+02  1.103235E-11
 1.146939E+02  1.021055E-11
 1.185714E+02  9.407591E-12
 1.224490E+02  8.695576E-12
 1.263265E+02  8.000152E-12
 1.302041E+02  7.333816E-12
 1.340816E+02  6.710558E-12
 1.379592E+02  6.113416E-12
 1.418367E+02  5.552056E-12
 1.457143E+02  5.062322E-12
 1.495918E+02  4.604540E-12
 1.534694E+02  4.170180E-12
 1.573469E+02  3.811105E-12
 1.612245E+02  3.491480E-12
 1.651020E+02  3.246867E-12
 1.689796E+02  3.044824E-12
 1.728571E+02  2.864781E-12
 1.767347E+02  2.686926E-12
 1.806122E+02  2.528338E-12
 1.844898E+02  2.375746E-12
 1.883673E+02  2.236353E-12
 1.922449E+02  2.108123E-12
 1.961224E+02  1.982034E-12
 2.000000E+02  1.869136E-12
