 1.000000E+01  9.529159E-07
 1.387755E+01  1.548755E-06
 1.775510E+01  2.045394E-06
 2.163265E+01  2.296088E-06
 2.551020E+01  2.224139E-06
 2.938776E+01  1.812462E-06
 3.326531E+01  1.150062E-06
 3.714286E+01  4.383982E-07
 4.102041E+01  1.157683E-08
 4.489796E+01  6.811875E-11
 4.877551E+01  5.260459E-11
 5.265306E+01  4.365897E-11
 5.653061E+01  3.757165E-11
 6.040816E+01  3.307925E-11
 6.428571E+01  2.950763E-11
 6.816327E+01  2.661023E-11
 7.204082E+01  2.420426E-11
 7.591837E+01  2.210624E-11
 7.979592E+01  2.036294E-11
 8.367347E+01  1.872563E-11
 8.755102E+01  1.732575E-11
 9.142857E+01  1.602283E-11
 9.530612E+01  1.485344E-11
 9.918367E+01  1.380983E-11
 1.030612E+02  1.282077E-11
 1.069388E+02  1.189819E-11
 1.108163E+02  1.102298E-11
 1.146939E+02  1.019159E-11
 1.185714E+02  9.423520E-12
 1.224490E+02  8.681890E-12
 1.263265E+02  7.984068E-12
 1.302041E+02  7.334021E-12
 1.340816E+02  6.703747E-12
 1.379592E+02  6.112970E-12
 1.418367E+02  5.563468E-12
 1.457143E+02  5.050931E-12
 1.495918E+02  4.586609E-12
 1.534694E+02  4.174985E-12
 1.573469E+02  3.805806E-12
 1.612245E+02  3.494899E-12
 1.651020E+02  3.246556E-12
 1.689796E+02  3.042979E-12
 1.728571E+02  2.858847E-12
 1.767347E+02  2.689422E-12
 1.806122E+02  2.525764E-12
 1.844898E+02  2.378537E-12
 1.883673E+02  2.236511E-12
 1.922449E+02  2.107025E-12
 1.961224E+02  1.982785E-12
 2.000000E+02  1.865177E-12
