 1.000000E+01  3.639183E-06
 1.387755E+01  2.038959E-06
 1.775510E+01  8.050712E-07
 2.163265E+01  1.517028E-07
 2.551020E+01  6.019622E-10
 2.938776E+01  6.176558E-11
 3.326531E+01  4.755232E-11
 3.714286E+01  3.793559E-11
 4.102041E+01  3.079195E-11
 4.489796E+01  2.530937E-11
 4.877551E+01  2.099712E-11
 5.265306E+01  1.754033E-11
 5.653061E+01  1.469948E-11
 6.040816E+01  1.236804E-11
 6.428571E+01  1.040832E-11
 6.816327E+01  8.783758E-12
 7.204082E+01  7.431873E-12
 7.591837E+01  6.306635E-12
 7.979592E+01  5.342543E-12
 8.367347E+01  4.573838E-12
 8.755102E+01  3.927788E-12
 9.142857E+01  3.394369E-12
 9.530612E+01  2.953157E-12
 9.918367E+01  2.590050E-12
 1.030612E+02  2.282481E-12
 1.069388E+02  2.026611E-12
 1.108163E+02  1.796543E-12
 1.146939E+02  1.597545E-12
 1.185714E+02  1.420902E-12
 1.224490E+02  1.270727E-12
 1.263265E+02  1.136811E-12
 1.302041E+02  1.015866E-12
 1.340816E+02  9.111147E-13
 1.379592E+02  8.190072E-13
 1.418367E+02  7.349796E-13
 1.457143E+02  6.613881E-13
 1.495918E+02  5.950551E-13
 1.534694E+02  5.379887E-13
 1.573469E+02  4.863402E-13
 1.612245E+02  4.405142E-13
 1.651020E+02  3.983620E-13
 1.689796E+02  3.604908E-13
 1.728571E+02  3.266888E-13
 1.767347E+02  2.963779E-13
 1.806122E+02  2.703405E-13
 1.844898E+02  2.457156E-13
 1.883673E+02  2.237188E-13
 1.922449E+02  2.038590E-13
 1.961224E+02  1.859256E-13
 2.000000E+02  1.693684E-13
