 1.000000E+01  2.839724E-06
 1.387755E+01  1.216148E-06
 1.775510E+01  2.646576E-07
 2.163265E+01  3.146006E-09
 2.551020E+01  5.884547E-11
 2.938776E+01  4.379250E-11
 3.326531E+01  3.379928E-11
 3.714286E+01  2.670919E-11
 4.102041E+01  2.143940E-11
 4.489796E+01  1.737108E-11
 4.877551E+01  1.418678E-11
 5.265306E+01  1.155959E-11
 5.653061E+01  9.484054E-12
 6.040816E+01  7.810465E-12
 6.428571E+01  6.438847E-12
 6.816327E+01  5.327393E-12
 7.204082E+01  4.435844E-12
 7.591837E+01  3.704426E-12
 7.979592E+01  3.138418E-12
 8.367347E+01  2.681963E-12
 8.755102E+01  2.311521E-12
 9.142857E+01  2.001097E-12
 9.530612E+01  1.745043E-12
 9.918367E+01  1.523510E-12
 1.030612E+02  1.333715E-12
 1.069388E+02  1.169003E-12
 1.108163E+02  1.025766E-12
 1.146939E+02  9.033646E-13
 1.185714E+02  7.981160E-13
 1.224490E+02  7.049325E-13
 1.263265E+02  6.242342E-13
 1.302041E+02  5.531813E-13
 1.340816E+02  4.924515E-13
 1.379592E+02  4.367554E-13
 1.418367E+02  3.896130E-13
 1.457143E+02  3.476940E-13
 1.495918E+02  3.104699E-13
 1.534694E+02  2.774407E-13
 1.573469E+02  2.491305E-13
 1.612245E+02  2.234178E-13
 1.651020E+02  2.003681E-13
 1.689796E+02  1.801971E-13
 1.728571E+02  1.620794E-13
 1.767347E+02  1.461459E-13
 1.806122E+02  1.315001E-13
 1.844898E+02  1.186653E-13
 1.883673E+02  1.069457E-13
 1.922449E+02  9.691051E-14
 1.961224E+02  8.756788E-14
 2.000000E+02  7.935199E-14
