 1.000000E+01  2.550886E-04
 1.387755E+01  9.630340E-05
 1.775510E+01  1.485434E-05
 2.163265E+01  7.634479E-09
 2.551020E+01  5.206451E-09
 2.938776E+01  3.877992E-09
 3.326531E+01  2.993900E-09
 3.714286E+01  2.358024E-09
 4.102041E+01  1.876355E-09
 4.489796E+01  1.510502E-09
 4.877551E+01  1.218474E-09
 5.265306E+01  9.900221E-10
 5.653061E+01  8.046327E-10
 6.040816E+01  6.576674E-10
 6.428571E+01  5.384075E-10
 6.816327E+01  4.439240E-10
 7.204082E+01  3.676265E-10
 7.591837E+01  3.079957E-10
 7.979592E+01  2.610512E-10
 8.367347E+01  2.237565E-10
 8.755102E+01  1.926440E-10
 9.142857E+01  1.665462E-10
 9.530612E+01  1.443783E-10
 9.918367E+01  1.254874E-10
 1.030612E+02  1.095174E-10
 1.069388E+02  9.554417E-11
 1.108163E+02  8.376955E-11
 1.146939E+02  7.329976E-11
 1.185714E+02  6.447625E-11
 1.224490E+02  5.676228E-11
 1.263265E+02  5.008309E-11
 1.302041E+02  4.434105E-11
 1.340816E+02  3.935880E-11
 1.379592E+02  3.483488E-11
 1.418367E+02  3.094647E-11
 1.457143E+02  2.746497E-11
 1.495918E+02  2.449119E-11
 1.534694E+02  2.186213E-11
 1.573469E+02  1.947778E-11
 1.612245E+02  1.745191E-11
 1.651020E+02  1.560730E-11
 1.689796E+02  1.399836E-11
 1.728571E+02  1.253487E-11
 1.767347E+02  1.126289E-11
 1.806122E+02  1.013463E-11
 1.844898E+02  9.116074E-12
 1.883673E+02  8.203751E-12
 1.922449E+02  7.378129E-12
 1.961224E+02  6.661383E-12
 2.000000E+02  6.016273E-12
