 1.000000E+01  3.657863E-06
 1.387755E+01  2.037174E-06
 1.775510E+01  8.049839E-07
 2.163265E+01  1.512194E-07
 2.551020E+01  5.998408E-10
 2.938776E+01  6.167814E-11
 3.326531E+01  4.752007E-11
 3.714286E+01  3.787691E-11
 4.102041E+01  3.076079E-11
 4.489796E+01  2.529954E-11
 4.877551E+01  2.100087E-11
 5.265306E+01  1.756050E-11
 5.653061E+01  1.468932E-11
 6.040816E+01  1.237720E-11
 6.428571E+01  1.041318E-11
 6.816327E+01  8.792037E-12
 7.204082E+01  7.434498E-12
 7.591837E+01  6.294874E-12
 7.979592E+01  5.367968E-12
 8.367347E+01  4.569134E-12
 8.755102E+01  3.922936E-12
 9.142857E+01  3.390208E-12
 9.530612E+01  2.957686E-12
 9.918367E+01  2.589962E-12
 1.030612E+02  2.280520E-12
 1.069388E+02  2.021391E-12
 1.108163E+02  1.799359E-12
 1.146939E+02  1.601089E-12
 1.185714E+02  1.423597E-12
 1.224490E+02  1.270463E-12
 1.263265E+02  1.134864E-12
 1.302041E+02  1.015152E-12
 1.340816E+02  9.098627E-13
 1.379592E+02  8.178062E-13
 1.418367E+02  7.351273E-13
 1.457143E+02  6.619972E-13
 1.495918E+02  5.968216E-13
 1.534694E+02  5.380498E-13
 1.573469E+02  4.858539E-13
 1.612245E+02  4.395233E-13
 1.651020E+02  3.979274E-13
 1.689796E+02  3.613102E-13
 1.728571E+02  3.275104E-13
 1.767347E+02  2.973249E-13
 1.806122E+02  2.705161E-13
 1.844898E+02  2.458238E-13
 1.883673E+02  2.238135E-13
 1.922449E+02  2.040702E-13
 1.961224E+02  1.856344E-13
 2.000000E+02  1.696258E-13
