 1.000000E+01  2.845685E-06
 1.387755E+01  1.217342E-06
 1.775510E+01  2.638996E-07
 2.163265E+01  3.155003E-09
 2.551020E+01  5.888484E-11
 2.938776E+01  4.371779E-11
 3.326531E+01  3.381317E-11
 3.714286E+01  2.666593E-11
 4.102041E+01  2.147754E-11
 4.489796E+01  1.735860E-11
 4.877551E+01  1.412449E-11
 5.265306E+01  1.155790E-11
 5.653061E+01  9.504531E-12
 6.040816E+01  7.802805E-12
 6.428571E+01  6.430506E-12
 6.816327E+01  5.331644E-12
 7.204082E+01  4.436371E-12
 7.591837E+01  3.724754E-12
 7.979592E+01  3.137069E-12
 8.367347E+01  2.680468E-12
 8.755102E+01  2.312422E-12
 9.142857E+01  2.007652E-12
 9.530612E+01  1.747532E-12
 9.918367E+01  1.521799E-12
 1.030612E+02  1.334816E-12
 1.069388E+02  1.167962E-12
 1.108163E+02  1.024457E-12
 1.146939E+02  9.038526E-13
 1.185714E+02  7.968737E-13
 1.224490E+02  7.054774E-13
 1.263265E+02  6.244320E-13
 1.302041E+02  5.526398E-13
 1.340816E+02  4.913612E-13
 1.379592E+02  4.377998E-13
 1.418367E+02  3.893150E-13
 1.457143E+02  3.479458E-13
 1.495918E+02  3.111020E-13
 1.534694E+02  2.785381E-13
 1.573469E+02  2.492884E-13
 1.612245E+02  2.227643E-13
 1.651020E+02  2.005431E-13
 1.689796E+02  1.801858E-13
 1.728571E+02  1.618541E-13
 1.767347E+02  1.459790E-13
 1.806122E+02  1.315935E-13
 1.844898E+02  1.186809E-13
 1.883673E+02  1.069493E-13
 1.922449E+02  9.693777E-14
 1.961224E+02  8.775147E-14
 2.000000E+02  7.939813E-14
