 1.000000E+01  2.553743E-04
 1.387755E+01  9.644061E-05
 1.775510E+01  1.489854E-05
 2.163265E+01  7.619889E-09
 2.551020E+01  5.210808E-09
 2.938776E+01  3.890909E-09
 3.326531E+01  2.991912E-09
 3.714286E+01  2.354552E-09
 4.102041E+01  1.875651E-09
 4.489796E+01  1.506930E-09
 4.877551E+01  1.218920E-09
 5.265306E+01  9.892534E-10
 5.653061E+01  8.066270E-10
 6.040816E+01  6.581037E-10
 6.428571E+01  5.387846E-10
 6.816327E+01  4.445889E-10
 7.204082E+01  3.682128E-10
 7.591837E+01  3.086946E-10
 7.979592E+01  2.609125E-10
 8.367347E+01  2.233431E-10
 8.755102E+01  1.926715E-10
 9.142857E+01  1.664185E-10
 9.530612E+01  1.445326E-10
 9.918367E+01  1.256463E-10
 1.030612E+02  1.096992E-10
 1.069388E+02  9.573819E-11
 1.108163E+02  8.329875E-11
 1.146939E+02  7.341345E-11
 1.185714E+02  6.458191E-11
 1.224490E+02  5.692517E-11
 1.263265E+02  5.027778E-11
 1.302041E+02  4.437607E-11
 1.340816E+02  3.930193E-11
 1.379592E+02  3.478741E-11
 1.418367E+02  3.092688E-11
 1.457143E+02  2.751473E-11
 1.495918E+02  2.446804E-11
 1.534694E+02  2.187077E-11
 1.573469E+02  1.952368E-11
 1.612245E+02  1.743040E-11
 1.651020E+02  1.561904E-11
 1.689796E+02  1.400146E-11
 1.728571E+02  1.254570E-11
 1.767347E+02  1.124015E-11
 1.806122E+02  1.010756E-11
 1.844898E+02  9.120735E-12
 1.883673E+02  8.191377E-12
 1.922449E+02  7.396999E-12
 1.961224E+02  6.664815E-12
 2.000000E+02  6.013346E-12
