 1.000000E+01  3.017886E-02
 1.030612E+01  3.012902E-02
 1.061224E+01  2.997933E-02
 1.091837E+01  2.957882E-02
 1.122449E+01  2.915701E-02
 1.153061E+01  2.854950E-02
 1.183673E+01  2.760797E-02
 1.214286E+01  2.672794E-02
 1.244898E+01  2.562435E-02
 1.275510E+01  2.432338E-02
 1.306122E+01  2.309908E-02
 1.336735E+01  2.160098E-02
 1.367347E+01  2.007668E-02
 1.397959E+01  1.850441E-02
 1.428571E+01  1.692344E-02
 1.459184E+01  1.516827E-02
 1.489796E+01  1.329445E-02
 1.520408E+01  1.167907E-02
 1.551020E+01  9.970593E-03
 1.581633E+01  8.315409E-03
 1.612245E+01  6.693506E-03
 1.642857E+01  5.187263E-03
 1.673469E+01  3.795306E-03
 1.704082E+01  2.578493E-03
 1.734694E+01  1.554265E-03
 1.765306E+01  7.386121E-04
 1.795918E+01  2.166059E-04
 1.826531E+01  2.804339E-06
 1.857143E+01  2.690355E-07
 1.887755E+01  2.463888E-07
 1.918367E+01  2.221721E-07
 1.948980E+01  2.017695E-07
 1.979592E+01  1.825281E-07
 2.010204E+01  1.635614E-07
 2.040816E+01  1.467059E-07
 2.071429E+01  1.314858E-07
 2.102041E+01  1.152329E-07
 2.132653E+01  1.016020E-07
 2.163265E+01  8.952893E-08
 2.193878E+01  7.944190E-08
 2.224490E+01  7.190438E-08
 2.255102E+01  6.638725E-08
 2.285714E+01  6.335573E-08
 2.316327E+01  6.237288E-08
 2.346939E+01  6.124444E-08
 2.377551E+01  6.024997E-08
 2.408163E+01  5.904367E-08
 2.438776E+01  5.833703E-08
 2.469388E+01  5.750161E-08
 2.500000E+01  5.667432E-08
