 1.000000E+01  6.555751E-04
 1.030612E+01  6.408598E-04
 1.061224E+01  6.247232E-04
 1.091837E+01  6.016957E-04
 1.122449E+01  5.738308E-04
 1.153061E+01  5.493477E-04
 1.183673E+01  5.182399E-04
 1.214286E+01  4.712448E-04
 1.244898E+01  4.471710E-04
 1.275510E+01  4.039224E-04
 1.306122E+01  3.654918E-04
 1.336735E+01  3.260121E-04
 1.367347E+01  2.799688E-04
 1.397959E+01  2.369654E-04
 1.428571E+01  1.988031E-04
 1.459184E+01  1.597748E-04
 1.489796E+01  1.222789E-04
 1.520408E+01  8.798213E-05
 1.551020E+01  5.779917E-05
 1.581633E+01  3.309580E-05
 1.612245E+01  1.425050E-05
 1.642857E+01  2.845809E-06
 1.673469E+01  6.323743E-09
 1.704082E+01  5.706641E-09
 1.734694E+01  5.216548E-09
 1.765306E+01  4.638067E-09
 1.795918E+01  4.149116E-09
 1.826531E+01  3.716032E-09
 1.857143E+01  3.280437E-09
 1.887755E+01  2.870915E-09
 1.918367E+01  2.508561E-09
 1.948980E+01  2.185555E-09
 1.979592E+01  1.906284E-09
 2.010204E+01  1.680294E-09
 2.040816E+01  1.519668E-09
 2.071429E+01  1.423143E-09
 2.102041E+01  1.392048E-09
 2.132653E+01  1.358914E-09
 2.163265E+01  1.335620E-09
 2.193878E+01  1.309865E-09
 2.224490E+01  1.290338E-09
 2.255102E+01  1.266086E-09
 2.285714E+01  1.248466E-09
 2.316327E+01  1.230914E-09
 2.346939E+01  1.213651E-09
 2.377551E+01  1.193960E-09
 2.408163E+01  1.179899E-09
 2.438776E+01  1.160383E-09
 2.469388E+01  1.148820E-09
 2.500000E+01  1.135804E-09
