 1.000000E+01  1.666817E-02
 1.030612E+01  1.703762E-02
 1.061224E+01  1.751999E-02
 1.091837E+01  1.796815E-02
 1.122449E+01  1.829095E-02
 1.153061E+01  1.854632E-02
 1.183673E+01  1.898302E-02
 1.214286E+01  1.900075E-02
 1.244898E+01  1.936993E-02
 1.275510E+01  1.949742E-02
 1.306122E+01  1.962218E-02
 1.336735E+01  1.959283E-02
 1.367347E+01  1.957131E-02
 1.397959E+01  1.954523E-02
 1.428571E+01  1.951250E-02
 1.459184E+01  1.942883E-02
 1.489796E+01  1.915297E-02
 1.520408E+01  1.883394E-02
 1.551020E+01  1.855487E-02
 1.581633E+01  1.834165E-02
 1.612245E+01  1.785757E-02
 1.642857E+01  1.737337E-02
 1.673469E+01  1.690346E-02
 1.704082E+01  1.635988E-02
 1.734694E+01  1.575119E-02
 1.765306E+01  1.503446E-02
 1.795918E+01  1.450431E-02
 1.826531E+01  1.385583E-02
 1.857143E+01  1.312996E-02
 1.887755E+01  1.234650E-02
 1.918367E+01  1.156518E-02
 1.948980E+01  1.077624E-02
 1.979592E+01  9.946460E-03
 2.010204E+01  9.119643E-03
 2.040816E+01  8.382775E-03
 2.071429E+01  7.531542E-03
 2.102041E+01  6.687427E-03
 2.132653E+01  5.908046E-03
 2.163265E+01  5.167147E-03
 2.193878E+01  4.423962E-03
 2.224490E+01  3.689370E-03
 2.255102E+01  3.015038E-03
 2.285714E+01  2.397770E-03
 2.316327E+01  1.796065E-03
 2.346939E+01  1.295140E-03
 2.377551E+01  8.449720E-04
 2.408163E+01  4.868455E-04
 2.438776E+01  2.266061E-04
 2.469388E+01  5.848838E-05
 2.500000E+01  1.884457E-07
