 1.000000E+01  8.004402E-03
 1.030612E+01  8.029258E-03
 1.061224E+01  8.115911E-03
 1.091837E+01  8.024554E-03
 1.122449E+01  7.897972E-03
 1.153061E+01  7.818034E-03
 1.183673E+01  7.714339E-03
 1.214286E+01  7.530554E-03
 1.244898E+01  7.291991E-03
 1.275510E+01  7.111793E-03
 1.306122E+01  6.817953E-03
 1.336735E+01  6.497368E-03
 1.367347E+01  6.246077E-03
 1.397959E+01  5.820478E-03
 1.428571E+01  5.485572E-03
 1.459184E+01  5.075383E-03
 1.489796E+01  4.687479E-03
 1.520408E+01  4.199554E-03
 1.551020E+01  3.815017E-03
 1.581633E+01  3.371049E-03
 1.612245E+01  2.928841E-03
 1.642857E+01  2.482591E-03
 1.673469E+01  2.065962E-03
 1.704082E+01  1.671673E-03
 1.734694E+01  1.294703E-03
 1.765306E+01  9.468034E-04
 1.795918E+01  6.514922E-04
 1.826531E+01  3.936157E-04
 1.857143E+01  1.947084E-04
 1.887755E+01  5.996798E-05
 1.918367E+01  1.811821E-06
 1.948980E+01  7.253847E-08
 1.979592E+01  6.643471E-08
 2.010204E+01  6.067735E-08
 2.040816E+01  5.533203E-08
 2.071429E+01  5.028098E-08
 2.102041E+01  4.534860E-08
 2.132653E+01  4.087620E-08
 2.163265E+01  3.655769E-08
 2.193878E+01  3.263505E-08
 2.224490E+01  2.898183E-08
 2.255102E+01  2.577129E-08
 2.285714E+01  2.284620E-08
 2.316327E+01  2.050728E-08
 2.346939E+01  1.866943E-08
 2.377551E+01  1.737990E-08
 2.408163E+01  1.681750E-08
 2.438776E+01  1.652494E-08
 2.469388E+01  1.632913E-08
 2.500000E+01  1.605030E-08
