10.0 0.03574666
10.30612 0.03707157
10.61224 0.03782419
10.91837 0.03910783
11.22449 0.04002689
11.53061 0.04118161566949326
11.83673 0.04205463
12.14286 0.04268752
12.44898 0.04314291
12.7551 0.04416354
13.06122 0.04457877
13.36735 0.04512916
13.67347 0.04548564
13.97959 0.04540934
14.28571 0.04553181
14.59184 0.04569424
14.89796 0.04563782
15.20408 0.04549105
15.5102 0.04497607
15.81633 0.04479249
16.12245 0.04406627
16.42857 0.04382333
16.73469 0.04324035
17.04082 0.04272933383262144
17.34694 0.04140467
17.65306 0.04048025
17.95918 0.03953964
18.26531 0.03825203
18.57143 0.03694439
18.87755 0.03567297
19.18367 0.03439169
19.4898 0.03264097
19.79592 0.03125046
20.10204 0.02929311
20.40816 0.02768459
20.71429 0.02631248
21.02041 0.02454763
21.32653 0.02286352
21.63265 0.02100866
21.93878 0.01937235
22.2449 0.01745884
22.55102 0.01574711
22.85714 0.0140544
23.16327 0.01229555
23.46939 0.01065539
23.77551 0.009102588
24.08163 0.00754984
24.38776 0.006104735
24.69388 0.004768189
25.0 0.003610913
