10.0 0.03561623
10.30612 0.03693731
10.61224 0.03819157
10.91837 0.03937179
11.22449 0.03993355
11.53061 0.04092366264230522
11.83673 0.04196302
12.14286 0.042784
12.44898 0.04324028
12.7551 0.04386778
13.06122 0.04426558
13.36735 0.04520746
13.67347 0.04533904
13.97959 0.04586869
14.28571 0.04592461
14.59184 0.0453934
14.89796 0.04582477015887783
15.20408 0.04582477015887783
15.5102 0.04526481
15.81633 0.04496849
16.12245 0.04425911
16.42857 0.04354239
16.73469 0.04306457
17.04082 0.04298728685980947
17.34694 0.04146711
17.65306 0.04064689
17.95918 0.03922936
18.26531 0.03794635
18.57143 0.03692165
18.87755 0.03564998
19.18367 0.03379602
19.4898 0.03255067
19.79592 0.03123538
20.10204 0.02966895
20.40816 0.0279542
20.71429 0.02637366
21.02041 0.02451122
21.32653 0.02281258
21.63265 0.02105369
21.93878 0.01925034
22.2449 0.01733792
22.55102 0.01580945
22.85714 0.01401659
23.16327 0.01227365
23.46939 0.01063364
23.77551 0.009054965
24.08163 0.007539926
24.38776 0.006134003
24.69388 0.004833452
25.0 0.00363563
