 1.000000E+01  7.990595E-03
 1.030612E+01  7.790092E-03
 1.061224E+01  8.065408E-03
 1.091837E+01  8.077428E-03
 1.122449E+01  7.869614E-03
 1.153061E+01  7.823554E-03
 1.183673E+01  7.680037E-03
 1.214286E+01  7.536283E-03
 1.244898E+01  7.381484E-03
 1.275510E+01  7.095509E-03
 1.306122E+01  6.841128E-03
 1.336735E+01  6.575599E-03
 1.367347E+01  6.188572E-03
 1.397959E+01  5.865724E-03
 1.428571E+01  5.492154E-03
 1.459184E+01  4.961626E-03
 1.489796E+01  4.662232E-03
 1.520408E+01  4.225447E-03
 1.551020E+01  3.810937E-03
 1.581633E+01  3.358273E-03
 1.612245E+01  2.907566E-03
 1.642857E+01  2.493411E-03
 1.673469E+01  2.061774E-03
 1.704082E+01  1.672448E-03
 1.734694E+01  1.285027E-03
 1.765306E+01  9.548990E-04
 1.795918E+01  6.438625E-04
 1.826531E+01  3.920747E-04
 1.857143E+01  1.934671E-04
 1.887755E+01  6.012017E-05
 1.918367E+01  1.819425E-06
 1.948980E+01  7.233026E-08
 1.979592E+01  6.600017E-08
 2.010204E+01  6.063558E-08
 2.040816E+01  5.530559E-08
 2.071429E+01  5.025049E-08
 2.102041E+01  4.509897E-08
 2.132653E+01  4.092157E-08
 2.163265E+01  3.670702E-08
 2.193878E+01  3.254536E-08
 2.224490E+01  2.897949E-08
 2.255102E+01  2.580841E-08
 2.285714E+01  2.285905E-08
 2.316327E+01  2.056346E-08
 2.346939E+01  1.869649E-08
 2.377551E+01  1.743342E-08
 2.408163E+01  1.685573E-08
 2.438776E+01  1.653539E-08
 2.469388E+01  1.622401E-08
 2.500000E+01  1.603866E-08
