 1.000000E+01  3.307980E-03
 1.030612E+01  3.341046E-03
 1.061224E+01  3.434194E-03
 1.091837E+01  3.459230E-03
 1.122449E+01  3.515599E-03
 1.153061E+01  3.560983E-03
 1.183673E+01  3.540619E-03
 1.214286E+01  3.557589E-03
 1.244898E+01  3.561542E-03
 1.275510E+01  3.549870E-03
 1.306122E+01  3.519581E-03
 1.336735E+01  3.487921E-03
 1.367347E+01  3.436215E-03
 1.397959E+01  3.379476E-03
 1.428571E+01  3.290329E-03
 1.459184E+01  3.217472E-03
 1.489796E+01  3.104020E-03
 1.520408E+01  3.006693E-03
 1.551020E+01  2.884479E-03
 1.581633E+01  2.759107E-03
 1.612245E+01  2.620117E-03
 1.642857E+01  2.486281E-03
 1.673469E+01  2.348284E-03
 1.704082E+01  2.198083E-03
 1.734694E+01  2.041229E-03
 1.765306E+01  1.865916E-03
 1.795918E+01  1.713920E-03
 1.826531E+01  1.538328E-03
 1.857143E+01  1.378137E-03
 1.887755E+01  1.212508E-03
 1.918367E+01  1.053762E-03
 1.948980E+01  8.980432E-04
 1.979592E+01  7.371767E-04
 2.010204E+01  5.960916E-04
 2.040816E+01  4.685685E-04
 2.071429E+01  3.483141E-04
 2.102041E+01  2.358854E-04
 2.132653E+01  1.517101E-04
 2.163265E+01  8.121454E-05
 2.193878E+01  3.025033E-05
 2.224490E+01  3.577907E-06
 2.255102E+01  3.287051E-08
 2.285714E+01  3.032210E-08
 2.316327E+01  2.822240E-08
 2.346939E+01  2.611529E-08
 2.377551E+01  2.410505E-08
 2.408163E+01  2.226286E-08
 2.438776E+01  2.032677E-08
 2.469388E+01  1.868291E-08
 2.500000E+01  1.697490E-08
