 1.000000E+01  3.300026E-03
 1.030612E+01  3.373017E-03
 1.061224E+01  3.430409E-03
 1.091837E+01  3.490419E-03
 1.122449E+01  3.519038E-03
 1.153061E+01  3.538177E-03
 1.183673E+01  3.578085E-03
 1.214286E+01  3.562990E-03
 1.244898E+01  3.558075E-03
 1.275510E+01  3.555353E-03
 1.306122E+01  3.514436E-03
 1.336735E+01  3.464043E-03
 1.367347E+01  3.427959E-03
 1.397959E+01  3.376513E-03
 1.428571E+01  3.306953E-03
 1.459184E+01  3.185233E-03
 1.489796E+01  3.102492E-03
 1.520408E+01  3.016261E-03
 1.551020E+01  2.811477E-03
 1.581633E+01  2.767198E-03
 1.612245E+01  2.618186E-03
 1.642857E+01  2.481454E-03
 1.673469E+01  2.345857E-03
 1.704082E+01  2.025668E-03
 1.734694E+01  2.032990E-03
 1.765306E+01  1.881024E-03
 1.795918E+01  1.707519E-03
 1.826531E+01  1.547256E-03
 1.857143E+01  1.390610E-03
 1.887755E+01  1.214840E-03
 1.918367E+01  1.054027E-03
 1.948980E+01  8.938857E-04
 1.979592E+01  7.383079E-04
 2.010204E+01  6.026626E-04
 2.040816E+01  4.714585E-04
 2.071429E+01  3.474395E-04
 2.102041E+01  2.415676E-04
 2.132653E+01  1.522503E-04
 2.163265E+01  8.061006E-05
 2.193878E+01  3.004515E-05
 2.224490E+01  3.612575E-06
 2.255102E+01  3.296370E-08
 2.285714E+01  3.033663E-08
 2.316327E+01  2.835224E-08
 2.346939E+01  2.611295E-08
 2.377551E+01  2.392790E-08
 2.408163E+01  2.225347E-08
 2.438776E+01  2.042977E-08
 2.469388E+01  1.863369E-08
 2.500000E+01  1.695516E-08
