 1.000000E+01  1.559787E-03
 1.030612E+01  1.634756E-03
 1.061224E+01  1.693952E-03
 1.091837E+01  1.763666E-03
 1.122449E+01  1.821992E-03
 1.153061E+01  1.898999E-03
 1.183673E+01  1.939355E-03
 1.214286E+01  2.014940E-03
 1.244898E+01  2.082754E-03
 1.275510E+01  2.119809E-03
 1.306122E+01  2.191786E-03
 1.336735E+01  2.243147E-03
 1.367347E+01  2.293784E-03
 1.397959E+01  2.286412E-03
 1.428571E+01  2.399996E-03
 1.459184E+01  2.424538E-03
 1.489796E+01  2.471105E-03
 1.520408E+01  2.416780E-03
 1.551020E+01  2.539688E-03
 1.581633E+01  2.574599E-03
 1.612245E+01  2.590201E-03
 1.642857E+01  2.626281E-03
 1.673469E+01  2.627107E-03
 1.704082E+01  2.644191E-03
 1.734694E+01  2.660803E-03
 1.765306E+01  2.685956E-03
 1.795918E+01  2.670068E-03
 1.826531E+01  2.688108E-03
 1.857143E+01  2.671809E-03
 1.887755E+01  2.692901E-03
 1.918367E+01  2.662566E-03
 1.948980E+01  2.655107E-03
 1.979592E+01  2.588337E-03
 2.010204E+01  2.599889E-03
 2.040816E+01  2.595505E-03
 2.071429E+01  2.542235E-03
 2.102041E+01  2.520334E-03
 2.132653E+01  2.448364E-03
 2.163265E+01  2.443633E-03
 2.193878E+01  2.372085E-03
 2.224490E+01  2.347099E-03
 2.255102E+01  2.272814E-03
 2.285714E+01  2.221971E-03
 2.316327E+01  2.166873E-03
 2.346939E+01  2.122715E-03
 2.377551E+01  2.055118E-03
 2.408163E+01  1.957238E-03
 2.438776E+01  1.921356E-03
 2.469388E+01  1.830123E-03
 2.500000E+01  1.760533E-03
