 1.000000E+01  1.549907E-03
 1.030612E+01  1.623321E-03
 1.061224E+01  1.701140E-03
 1.091837E+01  1.754230E-03
 1.122449E+01  1.817936E-03
 1.153061E+01  1.901100E-03
 1.183673E+01  1.960094E-03
 1.214286E+01  2.013003E-03
 1.244898E+01  2.067163E-03
 1.275510E+01  2.095468E-03
 1.306122E+01  2.165641E-03
 1.336735E+01  2.225903E-03
 1.367347E+01  2.244839E-03
 1.397959E+01  2.345717E-03
 1.428571E+01  2.392940E-03
 1.459184E+01  2.435387E-03
 1.489796E+01  2.468078E-03
 1.520408E+01  2.502500E-03
 1.551020E+01  2.544628E-03
 1.581633E+01  2.572727E-03
 1.612245E+01  2.595170E-03
 1.642857E+01  2.611808E-03
 1.673469E+01  2.613741E-03
 1.704082E+01  2.660512E-03
 1.734694E+01  2.671773E-03
 1.765306E+01  2.674308E-03
 1.795918E+01  2.699149E-03
 1.826531E+01  2.680451E-03
 1.857143E+01  2.685300E-03
 1.887755E+01  2.675822E-03
 1.918367E+01  2.637296E-03
 1.948980E+01  2.654213E-03
 1.979592E+01  2.641912E-03
 2.010204E+01  2.597404E-03
 2.040816E+01  2.584569E-03
 2.071429E+01  2.566674E-03
 2.102041E+01  2.517744E-03
 2.132653E+01  2.482261E-03
 2.163265E+01  2.414156E-03
 2.193878E+01  2.347747E-03
 2.224490E+01  2.338441E-03
 2.255102E+01  2.280116E-03
 2.285714E+01  2.235041E-03
 2.316327E+01  2.161662E-03
 2.346939E+01  2.111429E-03
 2.377551E+01  2.033929E-03
 2.408163E+01  1.968681E-03
 2.438776E+01  1.904299E-03
 2.469388E+01  1.833143E-03
 2.500000E+01  1.762929E-03
