 1.000000E+01  1.997778E-03
 1.030612E+01  1.828860E-03
 1.061224E+01  1.660716E-03
 1.091837E+01  1.503961E-03
 1.122449E+01  1.351047E-03
 1.153061E+01  1.202120E-03
 1.183673E+01  1.027865E-03
 1.214286E+01  9.434375E-04
 1.244898E+01  8.243689E-04
 1.275510E+01  7.147342E-04
 1.306122E+01  6.084751E-04
 1.336735E+01  5.179975E-04
 1.367347E+01  4.321033E-04
 1.397959E+01  3.568819E-04
 1.428571E+01  2.812024E-04
 1.459184E+01  2.296738E-04
 1.489796E+01  1.766635E-04
 1.520408E+01  1.353006E-04
 1.551020E+01  9.961234E-05
 1.581633E+01  6.951787E-05
 1.612245E+01  4.647832E-05
 1.642857E+01  2.902758E-05
 1.673469E+01  1.644751E-05
 1.704082E+01  8.036089E-06
 1.734694E+01  3.088840E-06
 1.765306E+01  7.478655E-07
 1.795918E+01  5.752075E-08
 1.826531E+01  1.730418E-08
 1.857143E+01  1.642593E-08
 1.887755E+01  1.567114E-08
 1.918367E+01  1.501071E-08
 1.948980E+01  1.439632E-08
 1.979592E+01  1.386766E-08
 2.010204E+01  1.345399E-08
 2.040816E+01  1.303010E-08
 2.071429E+01  1.264594E-08
 2.102041E+01  1.236451E-08
 2.132653E+01  1.207104E-08
 2.163265E+01  1.179134E-08
 2.193878E+01  1.158056E-08
 2.224490E+01  1.138240E-08
 2.255102E+01  1.122869E-08
 2.285714E+01  1.107708E-08
 2.316327E+01  1.091863E-08
 2.346939E+01  1.073889E-08
 2.377551E+01  1.057746E-08
 2.408163E+01  1.044414E-08
 2.438776E+01  1.027023E-08
 2.469388E+01  1.013085E-08
 2.500000E+01  9.985402E-09
