 1.000000E+01  2.994733E-03
 1.030612E+01  2.813046E-03
 1.061224E+01  2.095528E-03
 1.091837E+01  2.478951E-03
 1.122449E+01  2.302898E-03
 1.153061E+01  2.109391E-03
 1.183673E+01  1.978239E-03
 1.214286E+01  1.825167E-03
 1.244898E+01  1.671373E-03
 1.275510E+01  1.515024E-03
 1.306122E+01  1.374007E-03
 1.336735E+01  1.263136E-03
 1.367347E+01  1.132322E-03
 1.397959E+01  9.771749E-04
 1.428571E+01  9.053534E-04
 1.459184E+01  8.031954E-04
 1.489796E+01  7.052829E-04
 1.520408E+01  6.164010E-04
 1.551020E+01  5.281618E-04
 1.581633E+01  4.564704E-04
 1.612245E+01  3.845521E-04
 1.642857E+01  3.186430E-04
 1.673469E+01  2.644068E-04
 1.704082E+01  1.802384E-04
 1.734694E+01  1.694913E-04
 1.765306E+01  1.308077E-04
 1.795918E+01  9.982505E-05
 1.826531E+01  7.381570E-05
 1.857143E+01  5.210146E-05
 1.887755E+01  3.435769E-05
 1.918367E+01  2.167149E-05
 1.948980E+01  1.231524E-05
 1.979592E+01  6.124606E-06
 2.010204E+01  2.392059E-06
 2.040816E+01  6.182148E-07
 2.071429E+01  5.903589E-08
 2.102041E+01  1.809241E-08
 2.132653E+01  1.724358E-08
 2.163265E+01  1.655381E-08
 2.193878E+01  1.587206E-08
 2.224490E+01  1.533998E-08
 2.255102E+01  1.483386E-08
 2.285714E+01  1.435814E-08
 2.316327E+01  1.387015E-08
 2.346939E+01  1.349652E-08
 2.377551E+01  1.321573E-08
 2.408163E+01  1.285464E-08
 2.438776E+01  1.261684E-08
 2.469388E+01  1.236124E-08
 2.500000E+01  1.214390E-08
