10.0 0.1676584
10.30612 0.150096
10.61224 0.1351064
10.91837 0.1206723
11.22449 0.1058465
11.53061 0.09122450294397137
11.83673 0.08077553
12.14286 0.06996896
12.44898 0.05964172
12.7551 0.04960106
13.06122 0.04106728
13.36735 0.0334936
13.67347 0.0268919
13.97959 0.02103776
14.28571 0.0159427
14.59184 0.01183392
14.89796 0.008426242
15.20408 0.005699189
15.5102 0.003635752
15.81633 0.002102177
16.12245 0.001074678
16.42857 0.0004454284
16.73469 0.0001251167
17.04082 1.407116e-05
17.34694 1.707623e-06
17.65306 1.626503e-06
17.95918 1.550984e-06
18.26531 1.481118e-06
18.57143 1.423169e-06
18.87755 1.36139e-06
19.18367 1.313297e-06
19.4898 1.279369e-06
19.79592 1.240817e-06
20.10204 1.20732e-06
20.40816 1.183712e-06
20.71429 1.152708e-06
21.02041 1.133945e-06
21.32653 1.11476e-06
21.63265 1.102074e-06
21.93878 1.083564e-06
22.2449 1.066175e-06
22.55102 1.047675e-06
22.85714 1.035177e-06
23.16327 1.015742e-06
23.46939 1.005045e-06
23.77551 9.844519e-07
24.08163 9.724751e-07
24.38776 9.623502e-07
24.69388 9.469566e-07
25.0 9.330671e-07
