 1.000000E+01  2.032790E-03
 1.030612E+01  1.823307E-03
 1.061224E+01  1.651895E-03
 1.091837E+01  1.500005E-03
 1.122449E+01  1.353332E-03
 1.153061E+01  1.204201E-03
 1.183673E+01  1.068124E-03
 1.214286E+01  9.400069E-04
 1.244898E+01  8.221342E-04
 1.275510E+01  7.092537E-04
 1.306122E+01  6.092524E-04
 1.336735E+01  5.165656E-04
 1.367347E+01  4.332928E-04
 1.397959E+01  3.562849E-04
 1.428571E+01  2.896398E-04
 1.459184E+01  2.301506E-04
 1.489796E+01  1.792581E-04
 1.520408E+01  1.355673E-04
 1.551020E+01  9.937668E-05
 1.581633E+01  7.031084E-05
 1.612245E+01  4.673103E-05
 1.642857E+01  2.899280E-05
 1.673469E+01  1.654650E-05
 1.704082E+01  8.006656E-06
 1.734694E+01  3.101914E-06
 1.765306E+01  7.462747E-07
 1.795918E+01  5.768038E-08
 1.826531E+01  1.731429E-08
 1.857143E+01  1.644524E-08
 1.887755E+01  1.569884E-08
 1.918367E+01  1.501201E-08
 1.948980E+01  1.440792E-08
 1.979592E+01  1.387218E-08
 2.010204E+01  1.343273E-08
 2.040816E+01  1.301040E-08
 2.071429E+01  1.259835E-08
 2.102041E+01  1.233819E-08
 2.132653E+01  1.206071E-08
 2.163265E+01  1.180098E-08
 2.193878E+01  1.156802E-08
 2.224490E+01  1.139250E-08
 2.255102E+01  1.121579E-08
 2.285714E+01  1.103985E-08
 2.316327E+01  1.091435E-08
 2.346939E+01  1.071753E-08
 2.377551E+01  1.054055E-08
 2.408163E+01  1.039271E-08
 2.438776E+01  1.028053E-08
 2.469388E+01  1.012998E-08
 2.500000E+01  9.961823E-09
