 1.000000E+01  2.994322E-03
 1.030612E+01  2.822555E-03
 1.061224E+01  2.645605E-03
 1.091837E+01  2.471423E-03
 1.122449E+01  2.277501E-03
 1.153061E+01  2.133332E-03
 1.183673E+01  1.975058E-03
 1.214286E+01  1.822959E-03
 1.244898E+01  1.691867E-03
 1.275510E+01  1.541857E-03
 1.306122E+01  1.390877E-03
 1.336735E+01  1.257029E-03
 1.367347E+01  1.124059E-03
 1.397959E+01  1.016205E-03
 1.428571E+01  9.070128E-04
 1.459184E+01  8.052510E-04
 1.489796E+01  7.016254E-04
 1.520408E+01  6.159086E-04
 1.551020E+01  5.287969E-04
 1.581633E+01  4.531553E-04
 1.612245E+01  3.855423E-04
 1.642857E+01  3.193263E-04
 1.673469E+01  2.634314E-04
 1.704082E+01  2.139741E-04
 1.734694E+01  1.703871E-04
 1.765306E+01  1.327320E-04
 1.795918E+01  1.000451E-04
 1.826531E+01  7.372098E-05
 1.857143E+01  5.165758E-05
 1.887755E+01  3.460460E-05
 1.918367E+01  2.138176E-05
 1.948980E+01  1.231168E-05
 1.979592E+01  6.116876E-06
 2.010204E+01  2.392179E-06
 2.040816E+01  6.147942E-07
 2.071429E+01  5.905567E-08
 2.102041E+01  1.803991E-08
 2.132653E+01  1.729356E-08
 2.163265E+01  1.659673E-08
 2.193878E+01  1.594039E-08
 2.224490E+01  1.532303E-08
 2.255102E+01  1.481630E-08
 2.285714E+01  1.437022E-08
 2.316327E+01  1.390580E-08
 2.346939E+01  1.354499E-08
 2.377551E+01  1.317756E-08
 2.408163E+01  1.285985E-08
 2.438776E+01  1.260417E-08
 2.469388E+01  1.236304E-08
 2.500000E+01  1.217276E-08
