10.0 0.1681971
10.30612 0.1510127
10.61224 0.1347782
10.91837 0.1202423
11.22449 0.1055998
11.53061 0.09122450294397137
11.83673 0.0806504
12.14286 0.06990668
12.44898 0.0591027
12.7551 0.04927758
13.06122 0.04089614
13.36735 0.03344865
13.67347 0.02668917
13.97959 0.020991
14.28571 0.01598181
14.59184 0.0117579
14.89796 0.008379484
15.20408 0.005704307
15.5102 0.003652283
15.81633 0.002103803
16.12245 0.001064357
16.42857 0.0004455816
16.73469 0.0001250279
17.04082 1.411376e-05
17.34694 1.717782e-06
17.65306 1.630864e-06
17.95918 1.549911e-06
18.26531 1.484151e-06
18.57143 1.421172e-06
18.87755 1.363101e-06
19.18367 1.320894e-06
19.4898 1.275244e-06
19.79592 1.239795e-06
20.10204 1.209326e-06
20.40816 1.177919e-06
20.71429 1.159085e-06
21.02041 1.136286e-06
21.32653 1.118629e-06
21.63265 1.094543e-06
21.93878 1.081385e-06
22.2449 1.063592e-06
22.55102 1.046648e-06
22.85714 1.033759e-06
23.16327 1.01764e-06
23.46939 1.002565e-06
23.77551 9.894018e-07
24.08163 9.745436e-07
24.38776 9.607524e-07
24.69388 9.485982e-07
25.0 9.34506e-07
