 1.000000E+01  5.617867E-04
 1.040816E+01  5.586424E-04
 1.081633E+01  5.535833E-04
 1.122449E+01  5.399149E-04
 1.163265E+01  5.216662E-04
 1.204082E+01  5.005610E-04
 1.244898E+01  4.742060E-04
 1.285714E+01  4.445682E-04
 1.326531E+01  4.104329E-04
 1.367347E+01  3.733071E-04
 1.408163E+01  3.333408E-04
 1.448980E+01  2.921982E-04
 1.489796E+01  2.491243E-04
 1.530612E+01  2.065417E-04
 1.571429E+01  1.641475E-04
 1.612245E+01  1.241559E-04
 1.653061E+01  8.756477E-05
 1.693878E+01  5.489204E-05
 1.734694E+01  2.869764E-05
 1.775510E+01  9.996475E-06
 1.816327E+01  7.454947E-07
 1.857143E+01  6.590123E-08
 1.897959E+01  5.712193E-08
 1.938776E+01  4.824880E-08
 1.979592E+01  3.977046E-08
 2.020408E+01  3.169975E-08
 2.061224E+01  2.407923E-08
 2.102041E+01  1.724929E-08
 2.142857E+01  1.128263E-08
 2.183673E+01  6.468101E-09
 2.224490E+01  2.974414E-09
 2.265306E+01  1.050549E-09
 2.306122E+01  7.305540E-10
 2.346939E+01  7.011200E-10
 2.387755E+01  6.751044E-10
 2.428571E+01  6.514059E-10
 2.469388E+01  6.313952E-10
 2.510204E+01  6.106789E-10
 2.551020E+01  5.928553E-10
 2.591837E+01  5.749288E-10
 2.632653E+01  5.589199E-10
 2.673469E+01  5.432496E-10
 2.714286E+01  5.291847E-10
 2.755102E+01  5.146381E-10
 2.795918E+01  5.012942E-10
 2.836735E+01  4.892570E-10
 2.877551E+01  4.777139E-10
 2.918367E+01  4.656408E-10
 2.959184E+01  4.544455E-10
 3.000000E+01  4.442966E-10
