 1.000000E+01  3.077957E-04
 1.040816E+01  3.199868E-04
 1.081633E+01  3.300031E-04
 1.122449E+01  3.397182E-04
 1.163265E+01  3.468680E-04
 1.204082E+01  3.543030E-04
 1.244898E+01  3.595298E-04
 1.285714E+01  3.624117E-04
 1.326531E+01  3.640714E-04
 1.367347E+01  3.641715E-04
 1.408163E+01  3.622199E-04
 1.448980E+01  3.603336E-04
 1.489796E+01  3.551992E-04
 1.530612E+01  3.477742E-04
 1.571429E+01  3.398125E-04
 1.612245E+01  3.299962E-04
 1.653061E+01  3.189775E-04
 1.693878E+01  3.059098E-04
 1.734694E+01  2.921337E-04
 1.775510E+01  2.762398E-04
 1.816327E+01  2.602750E-04
 1.857143E+01  2.422349E-04
 1.897959E+01  2.238286E-04
 1.938776E+01  2.045316E-04
 1.979592E+01  1.848416E-04
 2.020408E+01  1.649138E-04
 2.061224E+01  1.446441E-04
 2.102041E+01  1.246774E-04
 2.142857E+01  1.051875E-04
 2.183673E+01  8.643390E-05
 2.224490E+01  6.857208E-05
 2.265306E+01  5.193742E-05
 2.306122E+01  3.695093E-05
 2.346939E+01  2.403458E-05
 2.387755E+01  1.348465E-05
 2.428571E+01  5.714793E-06
 2.469388E+01  1.131278E-06
 2.510204E+01  4.445485E-08
 2.551020E+01  4.021668E-08
 2.591837E+01  3.614024E-08
 2.632653E+01  3.203049E-08
 2.673469E+01  2.796320E-08
 2.714286E+01  2.408888E-08
 2.755102E+01  2.029506E-08
 2.795918E+01  1.674907E-08
 2.836735E+01  1.341931E-08
 2.877551E+01  1.035020E-08
 2.918367E+01  7.605974E-09
 2.959184E+01  5.234063E-09
 3.000000E+01  3.286623E-09
