 1.000000E+01  1.214506E-05
 1.040816E+01  1.178009E-05
 1.081633E+01  1.127767E-05
 1.122449E+01  1.071788E-05
 1.163265E+01  1.000271E-05
 1.204082E+01  9.182007E-06
 1.244898E+01  8.291538E-06
 1.285714E+01  7.312823E-06
 1.326531E+01  6.299853E-06
 1.367347E+01  5.252488E-06
 1.408163E+01  4.215010E-06
 1.448980E+01  3.208140E-06
 1.489796E+01  2.274229E-06
 1.530612E+01  1.439978E-06
 1.571429E+01  7.541280E-07
 1.612245E+01  2.635614E-07
 1.653061E+01  1.904860E-08
 1.693878E+01  1.448929E-09
 1.734694E+01  1.229627E-09
 1.775510E+01  1.022011E-09
 1.816327E+01  8.155274E-10
 1.857143E+01  6.230740E-10
 1.897959E+01  4.465612E-10
 1.938776E+01  2.933029E-10
 1.979592E+01  1.670160E-10
 2.020408E+01  7.526986E-11
 2.061224E+01  2.440952E-11
 2.102041E+01  1.616331E-11
 2.142857E+01  1.545285E-11
 2.183673E+01  1.484475E-11
 2.224490E+01  1.425952E-11
 2.265306E+01  1.376767E-11
 2.306122E+01  1.330461E-11
 2.346939E+01  1.288883E-11
 2.387755E+01  1.245770E-11
 2.428571E+01  1.207643E-11
 2.469388E+01  1.173049E-11
 2.510204E+01  1.138217E-11
 2.551020E+01  1.107500E-11
 2.591837E+01  1.076994E-11
 2.632653E+01  1.048029E-11
 2.673469E+01  1.022131E-11
 2.714286E+01  9.951039E-12
 2.755102E+01  9.701874E-12
 2.795918E+01  9.454326E-12
 2.836735E+01  9.221158E-12
 2.877551E+01  9.004072E-12
 2.918367E+01  8.805221E-12
 2.959184E+01  8.588621E-12
 3.000000E+01  8.407316E-12
