 1.000000E+01  6.117653E-05
 1.040816E+01  6.268000E-05
 1.081633E+01  6.418067E-05
 1.122449E+01  6.527531E-05
 1.163265E+01  6.581035E-05
 1.204082E+01  6.626475E-05
 1.244898E+01  6.611649E-05
 1.285714E+01  6.567503E-05
 1.326531E+01  6.474329E-05
 1.367347E+01  6.352177E-05
 1.408163E+01  6.202152E-05
 1.448980E+01  5.998494E-05
 1.489796E+01  5.768667E-05
 1.530612E+01  5.510676E-05
 1.571429E+01  5.205437E-05
 1.612245E+01  4.883811E-05
 1.653061E+01  4.538746E-05
 1.693878E+01  4.172866E-05
 1.734694E+01  3.777833E-05
 1.775510E+01  3.372829E-05
 1.816327E+01  2.964365E-05
 1.857143E+01  2.559316E-05
 1.897959E+01  2.152835E-05
 1.938776E+01  1.757790E-05
 1.979592E+01  1.382018E-05
 2.020408E+01  1.032434E-05
 2.061224E+01  7.190432E-06
 2.102041E+01  4.494125E-06
 2.142857E+01  2.339508E-06
 2.183673E+01  8.314064E-07
 2.224490E+01  7.436407E-08
 2.265306E+01  7.819902E-09
 2.306122E+01  6.961962E-09
 2.346939E+01  6.133634E-09
 2.387755E+01  5.300924E-09
 2.428571E+01  4.502067E-09
 2.469388E+01  3.726259E-09
 2.510204E+01  3.004914E-09
 2.551020E+01  2.323700E-09
 2.591837E+01  1.716914E-09
 2.632653E+01  1.184378E-09
 2.673469E+01  7.397606E-10
 2.714286E+01  4.004371E-10
 2.755102E+01  1.785310E-10
 2.795918E+01  8.872724E-11
 2.836735E+01  8.478445E-11
 2.877551E+01  8.207586E-11
 2.918367E+01  7.961901E-11
 2.959184E+01  7.745010E-11
 3.000000E+01  7.526334E-11
