 1.000000E+01  6.634530E-04
 1.040816E+01  6.935434E-04
 1.081633E+01  7.180473E-04
 1.122449E+01  7.444004E-04
 1.163265E+01  7.687580E-04
 1.204082E+01  7.890687E-04
 1.244898E+01  8.061086E-04
 1.285714E+01  8.203610E-04
 1.326531E+01  8.329002E-04
 1.367347E+01  8.426068E-04
 1.408163E+01  8.465263E-04
 1.448980E+01  8.485704E-04
 1.489796E+01  8.469859E-04
 1.530612E+01  8.416230E-04
 1.571429E+01  8.334485E-04
 1.612245E+01  8.222506E-04
 1.653061E+01  8.078904E-04
 1.693878E+01  7.906939E-04
 1.734694E+01  7.680343E-04
 1.775510E+01  7.440258E-04
 1.816327E+01  7.152466E-04
 1.857143E+01  6.852666E-04
 1.897959E+01  6.527390E-04
 1.938776E+01  6.167626E-04
 1.979592E+01  5.788303E-04
 2.020408E+01  5.396939E-04
 2.061224E+01  4.978645E-04
 2.102041E+01  4.553366E-04
 2.142857E+01  4.124377E-04
 2.183673E+01  3.681646E-04
 2.224490E+01  3.242039E-04
 2.265306E+01  2.807394E-04
 2.306122E+01  2.385789E-04
 2.346939E+01  1.973294E-04
 2.387755E+01  1.583780E-04
 2.428571E+01  1.217618E-04
 2.469388E+01  8.909188E-05
 2.510204E+01  6.026378E-05
 2.551020E+01  3.612792E-05
 2.591837E+01  1.753363E-05
 2.632653E+01  5.280458E-06
 2.673469E+01  1.968916E-07
 2.714286E+01  9.913876E-08
 2.755102E+01  9.001182E-08
 2.795918E+01  8.099984E-08
 2.836735E+01  7.215805E-08
 2.877551E+01  6.333875E-08
 2.918367E+01  5.486897E-08
 2.959184E+01  4.675992E-08
 3.000000E+01  3.895651E-08
