 1.000000E+01  6.109662E-05
 1.040816E+01  6.291910E-05
 1.081633E+01  6.416054E-05
 1.122449E+01  6.522042E-05
 1.163265E+01  6.578565E-05
 1.204082E+01  6.618485E-05
 1.244898E+01  6.606288E-05
 1.285714E+01  6.555455E-05
 1.326531E+01  6.480496E-05
 1.367347E+01  6.360082E-05
 1.408163E+01  6.203923E-05
 1.448980E+01  6.003918E-05
 1.489796E+01  5.774292E-05
 1.530612E+01  5.507577E-05
 1.571429E+01  5.209201E-05
 1.612245E+01  4.885622E-05
 1.653061E+01  4.537144E-05
 1.693878E+01  4.168959E-05
 1.734694E+01  3.781643E-05
 1.775510E+01  3.375366E-05
 1.816327E+01  2.968589E-05
 1.857143E+01  2.554373E-05
 1.897959E+01  2.154703E-05
 1.938776E+01  1.758583E-05
 1.979592E+01  1.382905E-05
 2.020408E+01  1.033607E-05
 2.061224E+01  7.181987E-06
 2.102041E+01  4.494148E-06
 2.142857E+01  2.343455E-06
 2.183673E+01  8.316724E-07
 2.224490E+01  7.436464E-08
 2.265306E+01  7.829314E-09
 2.306122E+01  6.971282E-09
 2.346939E+01  6.132732E-09
 2.387755E+01  5.305012E-09
 2.428571E+01  4.499184E-09
 2.469388E+01  3.733566E-09
 2.510204E+01  2.999814E-09
 2.551020E+01  2.327212E-09
 2.591837E+01  1.715940E-09
 2.632653E+01  1.184513E-09
 2.673469E+01  7.403748E-10
 2.714286E+01  4.007531E-10
 2.755102E+01  1.784005E-10
 2.795918E+01  8.875401E-11
 2.836735E+01  8.489064E-11
 2.877551E+01  8.206158E-11
 2.918367E+01  7.967880E-11
 2.959184E+01  7.738934E-11
 3.000000E+01  7.524210E-11
