 1.000000E+01  1.483414E-04
 1.040816E+01  1.491472E-04
 1.081633E+01  1.488789E-04
 1.122449E+01  1.475187E-04
 1.163265E+01  1.445389E-04
 1.204082E+01  1.409907E-04
 1.244898E+01  1.362168E-04
 1.285714E+01  1.298330E-04
 1.326531E+01  1.231093E-04
 1.367347E+01  1.149953E-04
 1.408163E+01  1.060200E-04
 1.448980E+01  9.672353E-05
 1.489796E+01  8.637264E-05
 1.530612E+01  7.591256E-05
 1.571429E+01  6.506582E-05
 1.612245E+01  5.412958E-05
 1.653061E+01  4.356686E-05
 1.693878E+01  3.343672E-05
 1.734694E+01  2.405517E-05
 1.775510E+01  1.568011E-05
 1.816327E+01  8.771204E-06
 1.857143E+01  3.608391E-06
 1.897959E+01  6.068872E-07
 1.938776E+01  1.833847E-08
 1.979592E+01  1.605415E-08
 2.020408E+01  1.384803E-08
 2.061224E+01  1.166082E-08
 2.102041E+01  9.551752E-09
 2.142857E+01  7.545888E-09
 2.183673E+01  5.703950E-09
 2.224490E+01  4.034600E-09
 2.265306E+01  2.616758E-09
 2.306122E+01  1.474844E-09
 2.346939E+01  6.673866E-10
 2.387755E+01  2.461494E-10
 2.428571E+01  1.938512E-10
 2.469388E+01  1.866435E-10
 2.510204E+01  1.797464E-10
 2.551020E+01  1.737350E-10
 2.591837E+01  1.682877E-10
 2.632653E+01  1.632346E-10
 2.673469E+01  1.584865E-10
 2.714286E+01  1.539407E-10
 2.755102E+01  1.498974E-10
 2.795918E+01  1.458564E-10
 2.836735E+01  1.419325E-10
 2.877551E+01  1.384226E-10
 2.918367E+01  1.349723E-10
 2.959184E+01  1.317985E-10
 3.000000E+01  1.286165E-10
