 1.000000E+01  1.485412E-04
 1.040816E+01  1.490775E-04
 1.081633E+01  1.489393E-04
 1.122449E+01  1.476628E-04
 1.163265E+01  1.448985E-04
 1.204082E+01  1.409951E-04
 1.244898E+01  1.360640E-04
 1.285714E+01  1.300787E-04
 1.326531E+01  1.231060E-04
 1.367347E+01  1.148863E-04
 1.408163E+01  1.060428E-04
 1.448980E+01  9.649102E-05
 1.489796E+01  8.630414E-05
 1.530612E+01  7.586708E-05
 1.571429E+01  6.504029E-05
 1.612245E+01  5.416770E-05
 1.653061E+01  4.359675E-05
 1.693878E+01  3.345560E-05
 1.734694E+01  2.401191E-05
 1.775510E+01  1.570374E-05
 1.816327E+01  8.769917E-06
 1.857143E+01  3.605273E-06
 1.897959E+01  6.080735E-07
 1.938776E+01  1.831725E-08
 1.979592E+01  1.606691E-08
 2.020408E+01  1.382476E-08
 2.061224E+01  1.166603E-08
 2.102041E+01  9.548530E-09
 2.142857E+01  7.556994E-09
 2.183673E+01  5.705205E-09
 2.224490E+01  4.038929E-09
 2.265306E+01  2.615694E-09
 2.306122E+01  1.474850E-09
 2.346939E+01  6.667601E-10
 2.387755E+01  2.463864E-10
 2.428571E+01  1.931653E-10
 2.469388E+01  1.862619E-10
 2.510204E+01  1.799161E-10
 2.551020E+01  1.738073E-10
 2.591837E+01  1.682330E-10
 2.632653E+01  1.631867E-10
 2.673469E+01  1.584351E-10
 2.714286E+01  1.538178E-10
 2.755102E+01  1.494653E-10
 2.795918E+01  1.455420E-10
 2.836735E+01  1.419231E-10
 2.877551E+01  1.384594E-10
 2.918367E+01  1.350726E-10
 2.959184E+01  1.317208E-10
 3.000000E+01  1.287861E-10
