 1.000000E+01  6.621497E-04
 1.040816E+01  6.920754E-04
 1.081633E+01  7.205873E-04
 1.122449E+01  7.462572E-04
 1.163265E+01  7.672335E-04
 1.204082E+01  7.884111E-04
 1.244898E+01  8.064307E-04
 1.285714E+01  8.196672E-04
 1.326531E+01  8.325963E-04
 1.367347E+01  8.417350E-04
 1.408163E+01  8.456994E-04
 1.448980E+01  8.483703E-04
 1.489796E+01  8.473198E-04
 1.530612E+01  8.422393E-04
 1.571429E+01  8.356834E-04
 1.612245E+01  8.220272E-04
 1.653061E+01  8.085049E-04
 1.693878E+01  7.890919E-04
 1.734694E+01  7.687608E-04
 1.775510E+01  7.438456E-04
 1.816327E+01  7.163267E-04
 1.857143E+01  6.871888E-04
 1.897959E+01  6.521579E-04
 1.938776E+01  6.167450E-04
 1.979592E+01  5.790369E-04
 2.020408E+01  5.402867E-04
 2.061224E+01  4.981812E-04
 2.102041E+01  4.559760E-04
 2.142857E+01  4.118358E-04
 2.183673E+01  3.679977E-04
 2.224490E+01  3.239203E-04
 2.265306E+01  2.809827E-04
 2.306122E+01  2.383816E-04
 2.346939E+01  1.974530E-04
 2.387755E+01  1.581053E-04
 2.428571E+01  1.220087E-04
 2.469388E+01  8.914221E-05
 2.510204E+01  6.029190E-05
 2.551020E+01  3.610832E-05
 2.591837E+01  1.751991E-05
 2.632653E+01  5.276103E-06
 2.673469E+01  1.968350E-07
 2.714286E+01  9.925060E-08
 2.755102E+01  8.999091E-08
 2.795918E+01  8.097628E-08
 2.836735E+01  7.199029E-08
 2.877551E+01  6.332465E-08
 2.918367E+01  5.487190E-08
 2.959184E+01  4.667136E-08
 3.000000E+01  3.892505E-08
