 1.000000E+01  2.900208E-05
 1.040816E+01  3.069142E-05
 1.081633E+01  3.234269E-05
 1.122449E+01  3.390656E-05
 1.163265E+01  3.559514E-05
 1.204082E+01  3.705356E-05
 1.244898E+01  3.852752E-05
 1.285714E+01  3.994215E-05
 1.326531E+01  4.134196E-05
 1.367347E+01  4.261230E-05
 1.408163E+01  4.375396E-05
 1.448980E+01  4.484071E-05
 1.489796E+01  4.576424E-05
 1.530612E+01  4.671978E-05
 1.571429E+01  4.744456E-05
 1.612245E+01  4.816265E-05
 1.653061E+01  4.873943E-05
 1.693878E+01  4.912616E-05
 1.734694E+01  4.951347E-05
 1.775510E+01  4.965812E-05
 1.816327E+01  4.979939E-05
 1.857143E+01  4.973615E-05
 1.897959E+01  4.961005E-05
 1.938776E+01  4.916725E-05
 1.979592E+01  4.878337E-05
 2.020408E+01  4.812933E-05
 2.061224E+01  4.742852E-05
 2.102041E+01  4.670574E-05
 2.142857E+01  4.571920E-05
 2.183673E+01  4.465505E-05
 2.224490E+01  4.344493E-05
 2.265306E+01  4.218568E-05
 2.306122E+01  4.076716E-05
 2.346939E+01  3.920565E-05
 2.387755E+01  3.754554E-05
 2.428571E+01  3.588692E-05
 2.469388E+01  3.405244E-05
 2.510204E+01  3.215553E-05
 2.551020E+01  3.023979E-05
 2.591837E+01  2.827199E-05
 2.632653E+01  2.621803E-05
 2.673469E+01  2.416670E-05
 2.714286E+01  2.207554E-05
 2.755102E+01  1.996323E-05
 2.795918E+01  1.786775E-05
 2.836735E+01  1.582240E-05
 2.877551E+01  1.383384E-05
 2.918367E+01  1.186930E-05
 2.959184E+01  1.000079E-05
 3.000000E+01  8.198471E-06
