 1.000000E+01  2.896888E-05
 1.040816E+01  3.066185E-05
 1.081633E+01  3.236550E-05
 1.122449E+01  3.395435E-05
 1.163265E+01  3.545435E-05
 1.204082E+01  3.709050E-05
 1.244898E+01  3.859803E-05
 1.285714E+01  4.001195E-05
 1.326531E+01  4.125247E-05
 1.367347E+01  4.259262E-05
 1.408163E+01  4.373264E-05
 1.448980E+01  4.473317E-05
 1.489796E+01  4.581642E-05
 1.530612E+01  4.676515E-05
 1.571429E+01  4.753063E-05
 1.612245E+01  4.809097E-05
 1.653061E+01  4.869892E-05
 1.693878E+01  4.911283E-05
 1.734694E+01  4.945845E-05
 1.775510E+01  4.965931E-05
 1.816327E+01  4.969614E-05
 1.857143E+01  4.966090E-05
 1.897959E+01  4.945719E-05
 1.938776E+01  4.916857E-05
 1.979592E+01  4.883973E-05
 2.020408E+01  4.819889E-05
 2.061224E+01  4.745751E-05
 2.102041E+01  4.661682E-05
 2.142857E+01  4.567393E-05
 2.183673E+01  4.461299E-05
 2.224490E+01  4.345486E-05
 2.265306E+01  4.211750E-05
 2.306122E+01  4.075681E-05
 2.346939E+01  3.918572E-05
 2.387755E+01  3.763589E-05
 2.428571E+01  3.583490E-05
 2.469388E+01  3.404035E-05
 2.510204E+01  3.219620E-05
 2.551020E+01  3.020079E-05
 2.591837E+01  2.826448E-05
 2.632653E+01  2.625897E-05
 2.673469E+01  2.415465E-05
 2.714286E+01  2.208416E-05
 2.755102E+01  1.995838E-05
 2.795918E+01  1.790268E-05
 2.836735E+01  1.583790E-05
 2.877551E+01  1.382782E-05
 2.918367E+01  1.187838E-05
 2.959184E+01  9.997674E-06
 3.000000E+01  8.189903E-06
