 1.000000E+01  3.118955E-03
 1.040816E+01  2.712552E-03
 1.081633E+01  2.327481E-03
 1.122449E+01  1.972799E-03
 1.163265E+01  1.651165E-03
 1.204082E+01  1.356759E-03
 1.244898E+01  1.094153E-03
 1.285714E+01  8.646872E-04
 1.326531E+01  6.669764E-04
 1.367347E+01  4.969960E-04
 1.408163E+01  3.574404E-04
 1.448980E+01  2.443714E-04
 1.489796E+01  1.567063E-04
 1.530612E+01  9.198775E-05
 1.571429E+01  4.761920E-05
 1.612245E+01  2.010470E-05
 1.653061E+01  5.880463E-06
 1.693878E+01  7.586327E-07
 1.734694E+01  1.191874E-07
 1.775510E+01  9.241043E-08
 1.816327E+01  6.995953E-08
 1.857143E+01  5.158536E-08
 1.897959E+01  3.716146E-08
 1.938776E+01  2.616447E-08
 1.979592E+01  1.818406E-08
 2.020408E+01  1.285194E-08
 2.061224E+01  9.653563E-09
 2.102041E+01  8.028970E-09
 2.142857E+01  7.375209E-09
 2.183673E+01  7.089809E-09
 2.224490E+01  6.846221E-09
 2.265306E+01  6.610079E-09
 2.306122E+01  6.388706E-09
 2.346939E+01  6.173736E-09
 2.387755E+01  5.972798E-09
 2.428571E+01  5.781737E-09
 2.469388E+01  5.596374E-09
 2.510204E+01  5.430959E-09
 2.551020E+01  5.255063E-09
 2.591837E+01  5.097477E-09
 2.632653E+01  4.947883E-09
 2.673469E+01  4.802521E-09
 2.714286E+01  4.658678E-09
 2.755102E+01  4.520057E-09
 2.795918E+01  4.397666E-09
 2.836735E+01  4.262818E-09
 2.877551E+01  4.148872E-09
 2.918367E+01  4.034567E-09
 2.959184E+01  3.931245E-09
 3.000000E+01  3.812921E-09
