 1.000000E+01  3.717111E-05
 1.040816E+01  3.292841E-05
 1.081633E+01  2.888641E-05
 1.122449E+01  2.501713E-05
 1.163265E+01  2.154495E-05
 1.204082E+01  1.824343E-05
 1.244898E+01  1.525104E-05
 1.285714E+01  1.256117E-05
 1.326531E+01  1.016293E-05
 1.367347E+01  8.028390E-06
 1.408163E+01  6.177779E-06
 1.448980E+01  4.615458E-06
 1.489796E+01  3.319315E-06
 1.530612E+01  2.278367E-06
 1.571429E+01  1.466930E-06
 1.612245E+01  8.662613E-07
 1.653061E+01  4.533887E-07
 1.693878E+01  1.942857E-07
 1.734694E+01  5.875091E-08
 1.775510E+01  8.311782E-09
 1.816327E+01  1.257671E-09
 1.857143E+01  9.852875E-10
 1.897959E+01  7.579736E-10
 1.938776E+01  5.714236E-10
 1.979592E+01  4.184272E-10
 2.020408E+01  3.012021E-10
 2.061224E+01  2.127557E-10
 2.102041E+01  1.508070E-10
 2.142857E+01  1.109107E-10
 2.183673E+01  8.825136E-11
 2.224490E+01  7.795295E-11
 2.265306E+01  7.395463E-11
 2.306122E+01  7.130377E-11
 2.346939E+01  6.895597E-11
 2.387755E+01  6.673854E-11
 2.428571E+01  6.457765E-11
 2.469388E+01  6.259930E-11
 2.510204E+01  6.070690E-11
 2.551020E+01  5.887065E-11
 2.591837E+01  5.695536E-11
 2.632653E+01  5.526378E-11
 2.673469E+01  5.368906E-11
 2.714286E+01  5.212416E-11
 2.755102E+01  5.073656E-11
 2.795918E+01  4.917334E-11
 2.836735E+01  4.781882E-11
 2.877551E+01  4.651809E-11
 2.918367E+01  4.521509E-11
 2.959184E+01  4.400492E-11
 3.000000E+01  4.286459E-11
