 1.000000E+01  5.575733E-05
 1.040816E+01  5.130630E-05
 1.081633E+01  4.688547E-05
 1.122449E+01  4.270015E-05
 1.163265E+01  3.856272E-05
 1.204082E+01  3.474874E-05
 1.244898E+01  3.100751E-05
 1.285714E+01  2.746595E-05
 1.326531E+01  2.417465E-05
 1.367347E+01  2.108321E-05
 1.408163E+01  1.817402E-05
 1.448980E+01  1.550539E-05
 1.489796E+01  1.307434E-05
 1.530612E+01  1.086453E-05
 1.571429E+01  8.862458E-06
 1.612245E+01  7.113804E-06
 1.653061E+01  5.582373E-06
 1.693878E+01  4.267750E-06
 1.734694E+01  3.163023E-06
 1.775510E+01  2.248145E-06
 1.816327E+01  1.520175E-06
 1.857143E+01  9.631019E-07
 1.897959E+01  5.566322E-07
 1.938776E+01  2.815557E-07
 1.979592E+01  1.149212E-07
 2.020408E+01  3.163007E-08
 2.061224E+01  4.028900E-09
 2.102041E+01  1.303212E-09
 2.142857E+01  1.054671E-09
 2.183673E+01  8.397772E-10
 2.224490E+01  6.574701E-10
 2.265306E+01  5.058812E-10
 2.306122E+01  3.818705E-10
 2.346939E+01  2.835300E-10
 2.387755E+01  2.089064E-10
 2.428571E+01  1.549069E-10
 2.469388E+01  1.180993E-10
 2.510204E+01  9.540283E-11
 2.551020E+01  8.368962E-11
 2.591837E+01  7.857511E-11
 2.632653E+01  7.611117E-11
 2.673469E+01  7.389902E-11
 2.714286E+01  7.170328E-11
 2.755102E+01  6.958900E-11
 2.795918E+01  6.770369E-11
 2.836735E+01  6.579735E-11
 2.877551E+01  6.404948E-11
 2.918367E+01  6.249283E-11
 2.959184E+01  6.072262E-11
 3.000000E+01  5.910251E-11
