 1.000000E+01  5.575545E-05
 1.040816E+01  5.118449E-05
 1.081633E+01  4.690220E-05
 1.122449E+01  4.262611E-05
 1.163265E+01  3.864191E-05
 1.204082E+01  3.476638E-05
 1.244898E+01  3.103288E-05
 1.285714E+01  2.750625E-05
 1.326531E+01  2.417759E-05
 1.367347E+01  2.105768E-05
 1.408163E+01  1.815444E-05
 1.448980E+01  1.553428E-05
 1.489796E+01  1.307810E-05
 1.530612E+01  1.087267E-05
 1.571429E+01  8.885131E-06
 1.612245E+01  7.122453E-06
 1.653061E+01  5.586999E-06
 1.693878E+01  4.272792E-06
 1.734694E+01  3.157139E-06
 1.775510E+01  2.249716E-06
 1.816327E+01  1.520926E-06
 1.857143E+01  9.611190E-07
 1.897959E+01  5.568035E-07
 1.938776E+01  2.807448E-07
 1.979592E+01  1.148056E-07
 2.020408E+01  3.174561E-08
 2.061224E+01  4.030167E-09
 2.102041E+01  1.299971E-09
 2.142857E+01  1.054379E-09
 2.183673E+01  8.405915E-10
 2.224490E+01  6.586164E-10
 2.265306E+01  5.053321E-10
 2.306122E+01  3.811602E-10
 2.346939E+01  2.840202E-10
 2.387755E+01  2.093857E-10
 2.428571E+01  1.550911E-10
 2.469388E+01  1.181386E-10
 2.510204E+01  9.547010E-11
 2.551020E+01  8.353113E-11
 2.591837E+01  7.856793E-11
 2.632653E+01  7.611198E-11
 2.673469E+01  7.373886E-11
 2.714286E+01  7.166701E-11
 2.755102E+01  6.963343E-11
 2.795918E+01  6.783763E-11
 2.836735E+01  6.581817E-11
 2.877551E+01  6.403650E-11
 2.918367E+01  6.234058E-11
 2.959184E+01  6.064507E-11
 3.000000E+01  5.909458E-11
