 1.000000E+01  3.720600E-05
 1.040816E+01  3.303663E-05
 1.081633E+01  2.882444E-05
 1.122449E+01  2.509917E-05
 1.163265E+01  2.148275E-05
 1.204082E+01  1.825448E-05
 1.244898E+01  1.524455E-05
 1.285714E+01  1.256632E-05
 1.326531E+01  1.013038E-05
 1.367347E+01  8.017610E-06
 1.408163E+01  6.192097E-06
 1.448980E+01  4.619916E-06
 1.489796E+01  3.323529E-06
 1.530612E+01  2.282905E-06
 1.571429E+01  1.468647E-06
 1.612245E+01  8.688247E-07
 1.653061E+01  4.529780E-07
 1.693878E+01  1.949030E-07
 1.734694E+01  5.876082E-08
 1.775510E+01  8.317709E-09
 1.816327E+01  1.257765E-09
 1.857143E+01  9.884729E-10
 1.897959E+01  7.608031E-10
 1.938776E+01  5.704686E-10
 1.979592E+01  4.186252E-10
 2.020408E+01  3.010059E-10
 2.061224E+01  2.124905E-10
 2.102041E+01  1.508283E-10
 2.142857E+01  1.111286E-10
 2.183673E+01  8.834389E-11
 2.224490E+01  7.795017E-11
 2.265306E+01  7.390914E-11
 2.306122E+01  7.136995E-11
 2.346939E+01  6.904818E-11
 2.387755E+01  6.680571E-11
 2.428571E+01  6.459010E-11
 2.469388E+01  6.262113E-11
 2.510204E+01  6.058403E-11
 2.551020E+01  5.884259E-11
 2.591837E+01  5.700842E-11
 2.632653E+01  5.526890E-11
 2.673469E+01  5.376695E-11
 2.714286E+01  5.204654E-11
 2.755102E+01  5.063704E-11
 2.795918E+01  4.922068E-11
 2.836735E+01  4.784249E-11
 2.877551E+01  4.644240E-11
 2.918367E+01  4.524300E-11
 2.959184E+01  4.406754E-11
 3.000000E+01  4.290160E-11
