 1.000000E+01  3.116630E-03
 1.040816E+01  2.703914E-03
 1.081633E+01  2.330462E-03
 1.122449E+01  1.971658E-03
 1.163265E+01  1.650014E-03
 1.204082E+01  1.356785E-03
 1.244898E+01  1.097354E-03
 1.285714E+01  8.649014E-04
 1.326531E+01  6.667636E-04
 1.367347E+01  4.970361E-04
 1.408163E+01  3.566071E-04
 1.448980E+01  2.440616E-04
 1.489796E+01  1.563502E-04
 1.530612E+01  9.180023E-05
 1.571429E+01  4.759451E-05
 1.612245E+01  2.009997E-05
 1.653061E+01  5.887083E-06
 1.693878E+01  7.597696E-07
 1.734694E+01  1.193215E-07
 1.775510E+01  9.227231E-08
 1.816327E+01  6.989671E-08
 1.857143E+01  5.160378E-08
 1.897959E+01  3.711315E-08
 1.938776E+01  2.615576E-08
 1.979592E+01  1.816347E-08
 2.020408E+01  1.285590E-08
 2.061224E+01  9.643718E-09
 2.102041E+01  8.028655E-09
 2.142857E+01  7.372500E-09
 2.183673E+01  7.087174E-09
 2.224490E+01  6.841422E-09
 2.265306E+01  6.601024E-09
 2.306122E+01  6.384732E-09
 2.346939E+01  6.175193E-09
 2.387755E+01  5.969782E-09
 2.428571E+01  5.774845E-09
 2.469388E+01  5.599197E-09
 2.510204E+01  5.421568E-09
 2.551020E+01  5.249459E-09
 2.591837E+01  5.097148E-09
 2.632653E+01  4.935777E-09
 2.673469E+01  4.801991E-09
 2.714286E+01  4.659158E-09
 2.755102E+01  4.512241E-09
 2.795918E+01  4.388588E-09
 2.836735E+01  4.269837E-09
 2.877551E+01  4.153120E-09
 2.918367E+01  4.034684E-09
 2.959184E+01  3.921763E-09
 3.000000E+01  3.813585E-09
