 1.000000E+01  7.889101E-02
 1.040816E+01  9.195647E-02
 1.081633E+01  1.058773E-01
 1.122449E+01  1.220945E-01
 1.163265E+01  1.396759E-01
 1.204082E+01  1.585283E-01
 1.244898E+01  1.794216E-01
 1.285714E+01  2.016159E-01
 1.326531E+01  2.255317E-01
 1.367347E+01  2.522113E-01
 1.408163E+01  2.795945E-01
 1.448980E+01  3.091196E-01
 1.489796E+01  3.407088E-01
 1.530612E+01  3.734542E-01
 1.571429E+01  4.078414E-01
 1.612245E+01  4.444355E-01
 1.653061E+01  4.826643E-01
 1.693878E+01  5.210947E-01
 1.734694E+01  5.609265E-01
 1.775510E+01  6.020607E-01
 1.816327E+01  6.455230E-01
 1.857143E+01  6.850673E-01
 1.897959E+01  7.265141E-01
 1.938776E+01  7.683851E-01
 1.979592E+01  8.081209E-01
 2.020408E+01  8.443528E-01
 2.061224E+01  8.799341E-01
 2.102041E+01  9.107683E-01
 2.142857E+01  9.336263E-01
 2.183673E+01  9.510714E-01
 2.224490E+01  9.608996E-01
 2.265306E+01  9.603401E-01
 2.306122E+01  9.398314E-01
 2.346939E+01  8.991884E-01
 2.387755E+01  8.281317E-01
 2.428571E+01  7.109866E-01
 2.469388E+01  5.004404E-01
 2.510204E+01  2.470923E-04
 2.551020E+01  2.423334E-04
 2.591837E+01  2.470054E-04
 2.632653E+01  2.517334E-04
 2.673469E+01  2.571040E-04
 2.714286E+01  2.610782E-04
 2.755102E+01  2.634437E-04
 2.795918E+01  2.642873E-04
 2.836735E+01  2.630853E-04
 2.877551E+01  2.586446E-04
 2.918367E+01  2.516127E-04
 2.959184E+01  2.390871E-04
 3.000000E+01  2.200125E-04
