 1.000000E+01  3.633991E-01
 1.040816E+01  4.232980E-01
 1.081633E+01  4.921109E-01
 1.122449E+01  5.658795E-01
 1.163265E+01  6.488486E-01
 1.204082E+01  7.391657E-01
 1.244898E+01  8.408883E-01
 1.285714E+01  9.455104E-01
 1.326531E+01  1.065577E+00
 1.367347E+01  1.192138E+00
 1.408163E+01  1.328783E+00
 1.448980E+01  1.475140E+00
 1.489796E+01  1.632059E+00
 1.530612E+01  1.803292E+00
 1.571429E+01  1.978014E+00
 1.612245E+01  2.165746E+00
 1.653061E+01  2.373796E+00
 1.693878E+01  2.575565E+00
 1.734694E+01  2.807453E+00
 1.775510E+01  3.033872E+00
 1.816327E+01  3.271630E+00
 1.857143E+01  3.528906E+00
 1.897959E+01  3.782006E+00
 1.938776E+01  4.052593E+00
 1.979592E+01  4.336726E+00
 2.020408E+01  4.617102E+00
 2.061224E+01  4.899120E+00
 2.102041E+01  5.195199E+00
 2.142857E+01  5.467077E+00
 2.183673E+01  5.765921E+00
 2.224490E+01  6.043930E+00
 2.265306E+01  6.333263E+00
 2.306122E+01  6.581728E+00
 2.346939E+01  6.835374E+00
 2.387755E+01  7.083059E+00
 2.428571E+01  7.273251E+00
 2.469388E+01  7.449182E+00
 2.510204E+01  7.582762E+00
 2.551020E+01  7.672997E+00
 2.591837E+01  7.690978E+00
 2.632653E+01  7.624592E+00
 2.673469E+01  7.454381E+00
 2.714286E+01  7.174898E+00
 2.755102E+01  6.675278E+00
 2.795918E+01  5.896740E+00
 2.836735E+01  4.653183E+00
 2.877551E+01  2.116477E+00
 2.918367E+01  1.926741E-03
 2.959184E+01  1.943301E-03
 3.000000E+01  1.980979E-03
