 1.000000E+01  4.205758E-02
 1.040816E+01  4.936872E-02
 1.081633E+01  5.739042E-02
 1.122449E+01  6.666324E-02
 1.163265E+01  7.629565E-02
 1.204082E+01  8.764449E-02
 1.244898E+01  1.001474E-01
 1.285714E+01  1.135137E-01
 1.326531E+01  1.285010E-01
 1.367347E+01  1.445491E-01
 1.408163E+01  1.621132E-01
 1.448980E+01  1.811385E-01
 1.489796E+01  2.023066E-01
 1.530612E+01  2.250985E-01
 1.571429E+01  2.490945E-01
 1.612245E+01  2.752854E-01
 1.653061E+01  3.032900E-01
 1.693878E+01  3.334438E-01
 1.734694E+01  3.650638E-01
 1.775510E+01  3.994235E-01
 1.816327E+01  4.364655E-01
 1.857143E+01  4.748707E-01
 1.897959E+01  5.168230E-01
 1.938776E+01  5.599035E-01
 1.979592E+01  6.071986E-01
 2.020408E+01  6.559591E-01
 2.061224E+01  7.082341E-01
 2.102041E+01  7.629642E-01
 2.142857E+01  8.204217E-01
 2.183673E+01  8.771946E-01
 2.224490E+01  9.376568E-01
 2.265306E+01  1.012754E+00
 2.306122E+01  1.077818E+00
 2.346939E+01  1.156365E+00
 2.387755E+01  1.230966E+00
 2.428571E+01  1.309604E+00
 2.469388E+01  1.389814E+00
 2.510204E+01  1.478885E+00
 2.551020E+01  1.569091E+00
 2.591837E+01  1.657748E+00
 2.632653E+01  1.749613E+00
 2.673469E+01  1.857357E+00
 2.714286E+01  1.951445E+00
 2.755102E+01  2.069210E+00
 2.795918E+01  2.181714E+00
 2.836735E+01  2.294342E+00
 2.877551E+01  2.408361E+00
 2.918367E+01  2.521101E+00
 2.959184E+01  2.662334E+00
 3.000000E+01  2.792387E+00
