 1.000000E+01  6.096199E+00
 1.040816E+01  6.465878E+00
 1.081633E+01  6.823200E+00
 1.122449E+01  7.113436E+00
 1.163265E+01  7.539927E+00
 1.204082E+01  7.832645E+00
 1.244898E+01  8.175839E+00
 1.285714E+01  8.479017E+00
 1.326531E+01  8.755128E+00
 1.367347E+01  9.018995E+00
 1.408163E+01  9.258903E+00
 1.448980E+01  9.462042E+00
 1.489796E+01  9.618729E+00
 1.530612E+01  9.748265E+00
 1.571429E+01  9.891844E+00
 1.612245E+01  9.975641E+00
 1.653061E+01  9.986024E+00
 1.693878E+01  9.989788E+00
 1.734694E+01  9.950162E+00
 1.775510E+01  9.877252E+00
 1.816327E+01  9.762859E+00
 1.857143E+01  9.560585E+00
 1.897959E+01  9.334300E+00
 1.938776E+01  9.116016E+00
 1.979592E+01  8.807248E+00
 2.020408E+01  8.436157E+00
 2.061224E+01  8.046692E+00
 2.102041E+01  7.597410E+00
 2.142857E+01  7.120013E+00
 2.183673E+01  6.600380E+00
 2.224490E+01  6.048961E+00
 2.265306E+01  5.443266E+00
 2.306122E+01  4.805298E+00
 2.346939E+01  4.162164E+00
 2.387755E+01  3.498508E+00
 2.428571E+01  2.837532E+00
 2.469388E+01  2.170068E+00
 2.510204E+01  1.529773E+00
 2.551020E+01  9.354724E-01
 2.591837E+01  4.209486E-01
 2.632653E+01  5.439319E-02
 2.673469E+01  1.992238E-03
 2.714286E+01  1.872049E-03
 2.755102E+01  1.753712E-03
 2.795918E+01  1.627343E-03
 2.836735E+01  1.494769E-03
 2.877551E+01  1.357265E-03
 2.918367E+01  1.214537E-03
 2.959184E+01  1.068319E-03
 3.000000E+01  9.253167E-04
