 1.000000E+01  6.106637E+00
 1.040816E+01  6.464498E+00
 1.081633E+01  6.827925E+00
 1.122449E+01  7.208511E+00
 1.163265E+01  7.528690E+00
 1.204082E+01  7.888963E+00
 1.244898E+01  8.192422E+00
 1.285714E+01  8.487428E+00
 1.326531E+01  8.776317E+00
 1.367347E+01  9.019500E+00
 1.408163E+01  9.241335E+00
 1.448980E+01  9.462090E+00
 1.489796E+01  9.638066E+00
 1.530612E+01  9.777074E+00
 1.571429E+01  9.856353E+00
 1.612245E+01  9.969060E+00
 1.653061E+01  9.988655E+00
 1.693878E+01  9.975262E+00
 1.734694E+01  9.957538E+00
 1.775510E+01  9.868687E+00
 1.816327E+01  9.735746E+00
 1.857143E+01  9.583820E+00
 1.897959E+01  9.358608E+00
 1.938776E+01  9.072999E+00
 1.979592E+01  8.777480E+00
 2.020408E+01  8.428251E+00
 2.061224E+01  8.045664E+00
 2.102041E+01  7.599334E+00
 2.142857E+01  7.132851E+00
 2.183673E+01  6.595202E+00
 2.224490E+01  6.030582E+00
 2.265306E+01  5.416180E+00
 2.306122E+01  4.812849E+00
 2.346939E+01  4.163662E+00
 2.387755E+01  3.508818E+00
 2.428571E+01  2.830854E+00
 2.469388E+01  2.164139E+00
 2.510204E+01  1.531222E+00
 2.551020E+01  9.364594E-01
 2.591837E+01  4.199724E-01
 2.632653E+01  5.442564E-02
 2.673469E+01  1.989198E-03
 2.714286E+01  1.875319E-03
 2.755102E+01  1.753250E-03
 2.795918E+01  1.625713E-03
 2.836735E+01  1.496828E-03
 2.877551E+01  1.356094E-03
 2.918367E+01  1.214202E-03
 2.959184E+01  1.072970E-03
 3.000000E+01  9.251630E-04
