 1.000000E+01  1.118109E-07
 1.100000E+01  9.369419E-08
 1.200000E+01  7.718622E-08
 1.300000E+01  6.238016E-08
 1.400000E+01  4.928422E-08
 1.500000E+01  3.797004E-08
 1.600000E+01  2.832312E-08
 1.700000E+01  2.044455E-08
 1.800000E+01  1.411036E-08
 1.900000E+01  9.228312E-09
 2.000000E+01  5.626379E-09
 2.100000E+01  3.121381E-09
 2.200000E+01  1.511832E-09
 2.300000E+01  5.951264E-10
 2.400000E+01  1.622396E-10
 2.500000E+01  1.924533E-11
 2.600000E+01  1.585450E-13
 2.700000E+01  1.233973E-13
 2.800000E+01  1.126195E-13
 2.900000E+01  1.032994E-13
 3.000000E+01  9.512403E-14
 3.100000E+01  8.792584E-14
 3.200000E+01  8.133996E-14
 3.300000E+01  7.559064E-14
 3.400000E+01  7.036742E-14
 3.500000E+01  6.554575E-14
 3.600000E+01  6.124707E-14
 3.700000E+01  5.726667E-14
 3.800000E+01  5.359484E-14
 3.900000E+01  5.030930E-14
 4.000000E+01  4.721150E-14
 4.100000E+01  4.439987E-14
 4.200000E+01  4.173127E-14
 4.300000E+01  3.926111E-14
 4.400000E+01  3.705129E-14
 4.500000E+01  3.495291E-14
 4.600000E+01  3.298205E-14
 4.700000E+01  3.116176E-14
 4.800000E+01  2.947524E-14
 4.900000E+01  2.792138E-14
 5.000000E+01  2.641999E-14
 5.100000E+01  2.503058E-14
 5.200000E+01  2.371519E-14
 5.300000E+01  2.253183E-14
 5.400000E+01  2.136242E-14
 5.500000E+01  2.031225E-14
 5.600000E+01  1.928860E-14
 5.700000E+01  1.834228E-14
 5.800000E+01  1.745028E-14
 5.900000E+01  1.661709E-14
 6.000000E+01  1.581430E-14
 6.100000E+01  1.507422E-14
 6.200000E+01  1.436875E-14
 6.300000E+01  1.369670E-14
 6.400000E+01  1.305717E-14
 6.500000E+01  1.246470E-14
 6.600000E+01  1.189737E-14
 6.700000E+01  1.136165E-14
 6.800000E+01  1.085050E-14
 6.900000E+01  1.037886E-14
 7.000000E+01  9.912723E-15
 7.100000E+01  9.476936E-15
 7.200000E+01  9.073028E-15
 7.300000E+01  8.686093E-15
 7.400000E+01  8.305704E-15
 7.500000E+01  7.954799E-15
 7.600000E+01  7.617473E-15
 7.700000E+01  7.300278E-15
 7.800000E+01  6.995484E-15
 7.900000E+01  6.710771E-15
 8.000000E+01  6.436354E-15
 8.100000E+01  6.173848E-15
 8.200000E+01  5.925082E-15
 8.300000E+01  5.679696E-15
 8.400000E+01  5.454329E-15
 8.500000E+01  5.240446E-15
 8.600000E+01  5.030175E-15
 8.700000E+01  4.831198E-15
 8.800000E+01  4.641861E-15
 8.900000E+01  4.464122E-15
 9.000000E+01  4.288321E-15
 9.100000E+01  4.123443E-15
 9.200000E+01  3.964712E-15
 9.300000E+01  3.819011E-15
 9.400000E+01  3.671009E-15
 9.500000E+01  3.533982E-15
 9.600000E+01  3.402272E-15
 9.700000E+01  3.276746E-15
 9.800000E+01  3.153848E-15
 9.900000E+01  3.034879E-15
 1.000000E+02  2.923681E-15
 1.010000E+02  2.817529E-15
 1.020000E+02  2.714500E-15
 1.030000E+02  2.615357E-15
 1.040000E+02  2.520475E-15
 1.050000E+02  2.432648E-15
 1.060000E+02  2.342360E-15
 1.070000E+02  2.261500E-15
 1.080000E+02  2.180328E-15
 1.090000E+02  2.104023E-15
 1.100000E+02  2.030147E-15
 1.110000E+02  1.959578E-15
 1.120000E+02  1.892066E-15
 1.130000E+02  1.825382E-15
 1.140000E+02  1.762568E-15
 1.150000E+02  1.702916E-15
 1.160000E+02  1.644165E-15
 1.170000E+02  1.587747E-15
 1.180000E+02  1.534449E-15
 1.190000E+02  1.482468E-15
 1.200000E+02  1.432189E-15
 1.210000E+02  1.383993E-15
 1.220000E+02  1.337450E-15
 1.230000E+02  1.293663E-15
 1.240000E+02  1.249818E-15
 1.250000E+02  1.208873E-15
 1.260000E+02  1.169487E-15
 1.270000E+02  1.131227E-15
 1.280000E+02  1.094281E-15
 1.290000E+02  1.057781E-15
 1.300000E+02  1.023995E-15
 1.310000E+02  9.909978E-16
 1.320000E+02  9.601697E-16
 1.330000E+02  9.273514E-16
 1.340000E+02  8.985973E-16
 1.350000E+02  8.700271E-16
 1.360000E+02  8.419828E-16
 1.370000E+02  8.145321E-16
 1.380000E+02  7.895970E-16
 1.390000E+02  7.646864E-16
 1.400000E+02  7.399176E-16
 1.410000E+02  7.171303E-16
 1.420000E+02  6.954145E-16
 1.430000E+02  6.732031E-16
 1.440000E+02  6.526941E-16
 1.450000E+02  6.322503E-16
 1.460000E+02  6.129045E-16
 1.470000E+02  5.942854E-16
 1.480000E+02  5.759694E-16
 1.490000E+02  5.584158E-16
 1.500000E+02  5.412980E-16
 1.510000E+02  5.250685E-16
 1.520000E+02  5.087733E-16
 1.530000E+02  4.937409E-16
 1.540000E+02  4.782787E-16
 1.550000E+02  4.642019E-16
 1.560000E+02  4.508160E-16
 1.570000E+02  4.370938E-16
 1.580000E+02  4.243701E-16
 1.590000E+02  4.115277E-16
 1.600000E+02  3.989486E-16
 1.610000E+02  3.875747E-16
 1.620000E+02  3.762513E-16
 1.630000E+02  3.650031E-16
 1.640000E+02  3.544480E-16
 1.650000E+02  3.441212E-16
 1.660000E+02  3.341873E-16
 1.670000E+02  3.243560E-16
 1.680000E+02  3.153269E-16
 1.690000E+02  3.060373E-16
 1.700000E+02  2.970372E-16
 1.710000E+02  2.887715E-16
 1.720000E+02  2.805566E-16
 1.730000E+02  2.722529E-16
 1.740000E+02  2.643800E-16
 1.750000E+02  2.568784E-16
 1.760000E+02  2.496176E-16
 1.770000E+02  2.426043E-16
 1.780000E+02  2.359194E-16
 1.790000E+02  2.291799E-16
 1.800000E+02  2.226948E-16
 1.810000E+02  2.163294E-16
 1.820000E+02  2.103520E-16
 1.830000E+02  2.043933E-16
 1.840000E+02  1.987512E-16
 1.850000E+02  1.932878E-16
 1.860000E+02  1.878511E-16
 1.870000E+02  1.826958E-16
 1.880000E+02  1.775876E-16
 1.890000E+02  1.727412E-16
 1.900000E+02  1.681884E-16
 1.910000E+02  1.634012E-16
 1.920000E+02  1.587898E-16
 1.930000E+02  1.546493E-16
 1.940000E+02  1.504082E-16
 1.950000E+02  1.463854E-16
 1.960000E+02  1.422718E-16
 1.970000E+02  1.384545E-16
 1.980000E+02  1.347918E-16
 1.990000E+02  1.309877E-16
 2.000000E+02  1.275147E-16
