 1.000000E+01  3.606037E-07
 1.100000E+01  2.881615E-07
 1.200000E+01  2.243677E-07
 1.300000E+01  1.693566E-07
 1.400000E+01  1.232447E-07
 1.500000E+01  8.598847E-08
 1.600000E+01  5.666823E-08
 1.700000E+01  3.492463E-08
 1.800000E+01  1.955762E-08
 1.900000E+01  9.611452E-09
 2.000000E+01  3.840733E-09
 2.100000E+01  1.071121E-09
 2.200000E+01  1.337261E-10
 2.300000E+01  8.331333E-13
 2.400000E+01  4.962229E-13
 2.500000E+01  4.481679E-13
 2.600000E+01  4.070181E-13
 2.700000E+01  3.713745E-13
 2.800000E+01  3.403346E-13
 2.900000E+01  3.128130E-13
 3.000000E+01  2.881124E-13
 3.100000E+01  2.662436E-13
 3.200000E+01  2.464203E-13
 3.300000E+01  2.286053E-13
 3.400000E+01  2.124382E-13
 3.500000E+01  1.976205E-13
 3.600000E+01  1.840646E-13
 3.700000E+01  1.717260E-13
 3.800000E+01  1.604984E-13
 3.900000E+01  1.501546E-13
 4.000000E+01  1.407596E-13
 4.100000E+01  1.319391E-13
 4.200000E+01  1.238201E-13
 4.300000E+01  1.162780E-13
 4.400000E+01  1.093021E-13
 4.500000E+01  1.028702E-13
 4.600000E+01  9.675964E-14
 4.700000E+01  9.126373E-14
 4.800000E+01  8.603013E-14
 4.900000E+01  8.118226E-14
 5.000000E+01  7.670906E-14
 5.100000E+01  7.250509E-14
 5.200000E+01  6.850889E-14
 5.300000E+01  6.486577E-14
 5.400000E+01  6.136234E-14
 5.500000E+01  5.817856E-14
 5.600000E+01  5.513086E-14
 5.700000E+01  5.230765E-14
 5.800000E+01  4.963581E-14
 5.900000E+01  4.707560E-14
 6.000000E+01  4.470866E-14
 6.100000E+01  4.250314E-14
 6.200000E+01  4.041615E-14
 6.300000E+01  3.839335E-14
 6.400000E+01  3.649259E-14
 6.500000E+01  3.473445E-14
 6.600000E+01  3.310492E-14
 6.700000E+01  3.151096E-14
 6.800000E+01  3.006030E-14
 6.900000E+01  2.863539E-14
 7.000000E+01  2.730068E-14
 7.100000E+01  2.604320E-14
 7.200000E+01  2.483528E-14
 7.300000E+01  2.370073E-14
 7.400000E+01  2.265984E-14
 7.500000E+01  2.164386E-14
 7.600000E+01  2.065771E-14
 7.700000E+01  1.977910E-14
 7.800000E+01  1.887787E-14
 7.900000E+01  1.806700E-14
 8.000000E+01  1.727727E-14
 8.100000E+01  1.652899E-14
 8.200000E+01  1.581843E-14
 8.300000E+01  1.514804E-14
 8.400000E+01  1.449311E-14
 8.500000E+01  1.390219E-14
 8.600000E+01  1.331101E-14
 8.700000E+01  1.275560E-14
 8.800000E+01  1.222743E-14
 8.900000E+01  1.171239E-14
 9.000000E+01  1.124043E-14
 9.100000E+01  1.077994E-14
 9.200000E+01  1.033053E-14
 9.300000E+01  9.920931E-15
 9.400000E+01  9.532291E-15
 9.500000E+01  9.144691E-15
 9.600000E+01  8.786540E-15
 9.700000E+01  8.442119E-15
 9.800000E+01  8.099539E-15
 9.900000E+01  7.782854E-15
 1.000000E+02  7.481022E-15
 1.010000E+02  7.193735E-15
 1.020000E+02  6.910921E-15
 1.030000E+02  6.645521E-15
 1.040000E+02  6.392013E-15
 1.050000E+02  6.146351E-15
 1.060000E+02  5.918911E-15
 1.070000E+02  5.691755E-15
 1.080000E+02  5.476581E-15
 1.090000E+02  5.274388E-15
 1.100000E+02  5.069799E-15
 1.110000E+02  4.887365E-15
 1.120000E+02  4.706079E-15
 1.130000E+02  4.529938E-15
 1.140000E+02  4.369303E-15
 1.150000E+02  4.207983E-15
 1.160000E+02  4.053065E-15
 1.170000E+02  3.909280E-15
 1.180000E+02  3.763979E-15
 1.190000E+02  3.628701E-15
 1.200000E+02  3.501593E-15
 1.210000E+02  3.372501E-15
 1.220000E+02  3.253892E-15
 1.230000E+02  3.138799E-15
 1.240000E+02  3.031385E-15
 1.250000E+02  2.920960E-15
 1.260000E+02  2.817388E-15
 1.270000E+02  2.722537E-15
 1.280000E+02  2.625328E-15
 1.290000E+02  2.534824E-15
 1.300000E+02  2.447947E-15
 1.310000E+02  2.363306E-15
 1.320000E+02  2.282637E-15
 1.330000E+02  2.204199E-15
 1.340000E+02  2.128308E-15
 1.350000E+02  2.057816E-15
 1.360000E+02  1.985055E-15
 1.370000E+02  1.919625E-15
 1.380000E+02  1.854111E-15
 1.390000E+02  1.792175E-15
 1.400000E+02  1.732868E-15
 1.410000E+02  1.675154E-15
 1.420000E+02  1.618803E-15
 1.430000E+02  1.564573E-15
 1.440000E+02  1.513526E-15
 1.450000E+02  1.463806E-15
 1.460000E+02  1.415702E-15
 1.470000E+02  1.369591E-15
 1.480000E+02  1.324324E-15
 1.490000E+02  1.281563E-15
 1.500000E+02  1.238797E-15
 1.510000E+02  1.199762E-15
 1.520000E+02  1.161021E-15
 1.530000E+02  1.123335E-15
 1.540000E+02  1.087573E-15
 1.550000E+02  1.053537E-15
 1.560000E+02  1.019471E-15
 1.570000E+02  9.857753E-16
 1.580000E+02  9.550963E-16
 1.590000E+02  9.249330E-16
 1.600000E+02  8.955720E-16
 1.610000E+02  8.672089E-16
 1.620000E+02  8.401269E-16
 1.630000E+02  8.131881E-16
 1.640000E+02  7.889139E-16
 1.650000E+02  7.645350E-16
 1.660000E+02  7.401807E-16
 1.670000E+02  7.172474E-16
 1.680000E+02  6.943103E-16
 1.690000E+02  6.730604E-16
 1.700000E+02  6.527369E-16
 1.710000E+02  6.320460E-16
 1.720000E+02  6.136152E-16
 1.730000E+02  5.946176E-16
 1.740000E+02  5.759157E-16
 1.750000E+02  5.585857E-16
 1.760000E+02  5.414684E-16
 1.770000E+02  5.249847E-16
 1.780000E+02  5.096617E-16
 1.790000E+02  4.939890E-16
 1.800000E+02  4.793243E-16
 1.810000E+02  4.645866E-16
 1.820000E+02  4.508151E-16
 1.830000E+02  4.372526E-16
 1.840000E+02  4.240888E-16
 1.850000E+02  4.117556E-16
 1.860000E+02  3.992776E-16
 1.870000E+02  3.878279E-16
 1.880000E+02  3.763110E-16
 1.890000E+02  3.649380E-16
 1.900000E+02  3.544096E-16
 1.910000E+02  3.438541E-16
 1.920000E+02  3.339765E-16
 1.930000E+02  3.240055E-16
 1.940000E+02  3.144539E-16
 1.950000E+02  3.053735E-16
 1.960000E+02  2.963898E-16
 1.970000E+02  2.880327E-16
 1.980000E+02  2.796443E-16
 1.990000E+02  2.714894E-16
 2.000000E+02  2.636094E-16
