 1.000000E+01  3.604891E-07
 1.100000E+01  2.881816E-07
 1.200000E+01  2.242198E-07
 1.300000E+01  1.693109E-07
 1.400000E+01  1.233636E-07
 1.500000E+01  8.596901E-08
 1.600000E+01  5.669574E-08
 1.700000E+01  3.492672E-08
 1.800000E+01  1.957571E-08
 1.900000E+01  9.601001E-09
 2.000000E+01  3.839919E-09
 2.100000E+01  1.071492E-09
 2.200000E+01  1.338313E-10
 2.300000E+01  8.335314E-13
 2.400000E+01  4.962344E-13
 2.500000E+01  4.483031E-13
 2.600000E+01  4.070096E-13
 2.700000E+01  3.713819E-13
 2.800000E+01  3.402106E-13
 2.900000E+01  3.129357E-13
 3.000000E+01  2.884979E-13
 3.100000E+01  2.664917E-13
 3.200000E+01  2.463529E-13
 3.300000E+01  2.284274E-13
 3.400000E+01  2.123875E-13
 3.500000E+01  1.976229E-13
 3.600000E+01  1.842405E-13
 3.700000E+01  1.717690E-13
 3.800000E+01  1.605442E-13
 3.900000E+01  1.502682E-13
 4.000000E+01  1.406730E-13
 4.100000E+01  1.318491E-13
 4.200000E+01  1.236261E-13
 4.300000E+01  1.162178E-13
 4.400000E+01  1.092509E-13
 4.500000E+01  1.027584E-13
 4.600000E+01  9.683718E-14
 4.700000E+01  9.135758E-14
 4.800000E+01  8.611917E-14
 4.900000E+01  8.118413E-14
 5.000000E+01  7.671237E-14
 5.100000E+01  7.249339E-14
 5.200000E+01  6.856518E-14
 5.300000E+01  6.488305E-14
 5.400000E+01  6.138783E-14
 5.500000E+01  5.815822E-14
 5.600000E+01  5.512295E-14
 5.700000E+01  5.230675E-14
 5.800000E+01  4.959341E-14
 5.900000E+01  4.707310E-14
 6.000000E+01  4.471431E-14
 6.100000E+01  4.245392E-14
 6.200000E+01  4.037034E-14
 6.300000E+01  3.838987E-14
 6.400000E+01  3.648414E-14
 6.500000E+01  3.476875E-14
 6.600000E+01  3.310714E-14
 6.700000E+01  3.152995E-14
 6.800000E+01  3.003826E-14
 6.900000E+01  2.864953E-14
 7.000000E+01  2.730089E-14
 7.100000E+01  2.604337E-14
 7.200000E+01  2.484017E-14
 7.300000E+01  2.372643E-14
 7.400000E+01  2.265469E-14
 7.500000E+01  2.163925E-14
 7.600000E+01  2.066841E-14
 7.700000E+01  1.974956E-14
 7.800000E+01  1.887352E-14
 7.900000E+01  1.805720E-14
 8.000000E+01  1.726808E-14
 8.100000E+01  1.653369E-14
 8.200000E+01  1.581692E-14
 8.300000E+01  1.514009E-14
 8.400000E+01  1.451623E-14
 8.500000E+01  1.389293E-14
 8.600000E+01  1.329061E-14
 8.700000E+01  1.275127E-14
 8.800000E+01  1.221638E-14
 8.900000E+01  1.170963E-14
 9.000000E+01  1.123594E-14
 9.100000E+01  1.078102E-14
 9.200000E+01  1.034733E-14
 9.300000E+01  9.925503E-15
 9.400000E+01  9.526832E-15
 9.500000E+01  9.150277E-15
 9.600000E+01  8.780819E-15
 9.700000E+01  8.436348E-15
 9.800000E+01  8.101613E-15
 9.900000E+01  7.783253E-15
 1.000000E+02  7.478026E-15
 1.010000E+02  7.190476E-15
 1.020000E+02  6.912069E-15
 1.030000E+02  6.644139E-15
 1.040000E+02  6.391011E-15
 1.050000E+02  6.146010E-15
 1.060000E+02  5.918541E-15
 1.070000E+02  5.694997E-15
 1.080000E+02  5.474934E-15
 1.090000E+02  5.270400E-15
 1.100000E+02  5.075181E-15
 1.110000E+02  4.887777E-15
 1.120000E+02  4.706041E-15
 1.130000E+02  4.536815E-15
 1.140000E+02  4.364826E-15
 1.150000E+02  4.205898E-15
 1.160000E+02  4.054887E-15
 1.170000E+02  3.905341E-15
 1.180000E+02  3.766193E-15
 1.190000E+02  3.630847E-15
 1.200000E+02  3.498193E-15
 1.210000E+02  3.373995E-15
 1.220000E+02  3.254931E-15
 1.230000E+02  3.140661E-15
 1.240000E+02  3.028655E-15
 1.250000E+02  2.921270E-15
 1.260000E+02  2.820258E-15
 1.270000E+02  2.718756E-15
 1.280000E+02  2.626461E-15
 1.290000E+02  2.534677E-15
 1.300000E+02  2.448363E-15
 1.310000E+02  2.363681E-15
 1.320000E+02  2.280392E-15
 1.330000E+02  2.204097E-15
 1.340000E+02  2.129920E-15
 1.350000E+02  2.056261E-15
 1.360000E+02  1.987011E-15
 1.370000E+02  1.919034E-15
 1.380000E+02  1.854913E-15
 1.390000E+02  1.794083E-15
 1.400000E+02  1.732438E-15
 1.410000E+02  1.673857E-15
 1.420000E+02  1.619588E-15
 1.430000E+02  1.565886E-15
 1.440000E+02  1.513719E-15
 1.450000E+02  1.465118E-15
 1.460000E+02  1.417085E-15
 1.470000E+02  1.369281E-15
 1.480000E+02  1.325043E-15
 1.490000E+02  1.280684E-15
 1.500000E+02  1.239710E-15
 1.510000E+02  1.199536E-15
 1.520000E+02  1.160819E-15
 1.530000E+02  1.123135E-15
 1.540000E+02  1.088347E-15
 1.550000E+02  1.052161E-15
 1.560000E+02  1.018472E-15
 1.570000E+02  9.867881E-16
 1.580000E+02  9.559263E-16
 1.590000E+02  9.244076E-16
 1.600000E+02  8.954928E-16
 1.610000E+02  8.673163E-16
 1.620000E+02  8.393383E-16
 1.630000E+02  8.145816E-16
 1.640000E+02  7.890079E-16
 1.650000E+02  7.644431E-16
 1.660000E+02  7.403618E-16
 1.670000E+02  7.172500E-16
 1.680000E+02  6.947716E-16
 1.690000E+02  6.732928E-16
 1.700000E+02  6.526792E-16
 1.710000E+02  6.324886E-16
 1.720000E+02  6.130570E-16
 1.730000E+02  5.941050E-16
 1.740000E+02  5.762129E-16
 1.750000E+02  5.587670E-16
 1.760000E+02  5.420605E-16
 1.770000E+02  5.250193E-16
 1.780000E+02  5.099351E-16
 1.790000E+02  4.944295E-16
 1.800000E+02  4.794074E-16
 1.810000E+02  4.644089E-16
 1.820000E+02  4.510268E-16
 1.830000E+02  4.374485E-16
 1.840000E+02  4.241549E-16
 1.850000E+02  4.119263E-16
 1.860000E+02  3.994552E-16
 1.870000E+02  3.876073E-16
 1.880000E+02  3.761778E-16
 1.890000E+02  3.648374E-16
 1.900000E+02  3.542327E-16
 1.910000E+02  3.444359E-16
 1.920000E+02  3.342875E-16
 1.930000E+02  3.238683E-16
 1.940000E+02  3.146041E-16
 1.950000E+02  3.054598E-16
 1.960000E+02  2.966223E-16
 1.970000E+02  2.876861E-16
 1.980000E+02  2.798969E-16
 1.990000E+02  2.713588E-16
 2.000000E+02  2.638219E-16
