 1.000000E+01  4.080531E-07
 1.100000E+01  3.568902E-07
 1.200000E+01  3.082112E-07
 1.300000E+01  2.632062E-07
 1.400000E+01  2.212047E-07
 1.500000E+01  1.830318E-07
 1.600000E+01  1.487891E-07
 1.700000E+01  1.189583E-07
 1.800000E+01  9.284007E-08
 1.900000E+01  7.056250E-08
 2.000000E+01  5.205705E-08
 2.100000E+01  3.708944E-08
 2.200000E+01  2.526794E-08
 2.300000E+01  1.625694E-08
 2.400000E+01  9.736060E-09
 2.500000E+01  5.269659E-09
 2.600000E+01  2.473938E-09
 2.700000E+01  9.255878E-10
 2.800000E+01  2.295020E-10
 2.900000E+01  2.115558E-11
 3.000000E+01  4.005526E-13
 3.100000E+01  3.676641E-13
 3.200000E+01  3.395265E-13
 3.300000E+01  3.144476E-13
 3.400000E+01  2.926068E-13
 3.500000E+01  2.727823E-13
 3.600000E+01  2.547903E-13
 3.700000E+01  2.386062E-13
 3.800000E+01  2.237558E-13
 3.900000E+01  2.101652E-13
 4.000000E+01  1.974995E-13
 4.100000E+01  1.862113E-13
 4.200000E+01  1.755939E-13
 4.300000E+01  1.656169E-13
 4.400000E+01  1.566092E-13
 4.500000E+01  1.478767E-13
 4.600000E+01  1.400871E-13
 4.700000E+01  1.327009E-13
 4.800000E+01  1.258956E-13
 4.900000E+01  1.193530E-13
 5.000000E+01  1.132556E-13
 5.100000E+01  1.076720E-13
 5.200000E+01  1.024019E-13
 5.300000E+01  9.749324E-14
 5.400000E+01  9.270320E-14
 5.500000E+01  8.829058E-14
 5.600000E+01  8.416707E-14
 5.700000E+01  8.023650E-14
 5.800000E+01  7.654971E-14
 5.900000E+01  7.306828E-14
 6.000000E+01  6.969805E-14
 6.100000E+01  6.662745E-14
 6.200000E+01  6.362812E-14
 6.300000E+01  6.087244E-14
 6.400000E+01  5.820321E-14
 6.500000E+01  5.571811E-14
 6.600000E+01  5.330566E-14
 6.700000E+01  5.102516E-14
 6.800000E+01  4.890444E-14
 6.900000E+01  4.686501E-14
 7.000000E+01  4.495302E-14
 7.100000E+01  4.309724E-14
 7.200000E+01  4.131132E-14
 7.300000E+01  3.965074E-14
 7.400000E+01  3.805602E-14
 7.500000E+01  3.653978E-14
 7.600000E+01  3.511555E-14
 7.700000E+01  3.367804E-14
 7.800000E+01  3.240120E-14
 7.900000E+01  3.114340E-14
 8.000000E+01  2.995169E-14
 8.100000E+01  2.879732E-14
 8.200000E+01  2.769126E-14
 8.300000E+01  2.666980E-14
 8.400000E+01  2.566738E-14
 8.500000E+01  2.469971E-14
 8.600000E+01  2.376075E-14
 8.700000E+01  2.291034E-14
 8.800000E+01  2.206095E-14
 8.900000E+01  2.126470E-14
 9.000000E+01  2.047109E-14
 9.100000E+01  1.975877E-14
 9.200000E+01  1.904215E-14
 9.300000E+01  1.836256E-14
 9.400000E+01  1.770804E-14
 9.500000E+01  1.710147E-14
 9.600000E+01  1.647658E-14
 9.700000E+01  1.591953E-14
 9.800000E+01  1.536594E-14
 9.900000E+01  1.483575E-14
 1.000000E+02  1.432059E-14
 1.010000E+02  1.381938E-14
 1.020000E+02  1.336089E-14
 1.030000E+02  1.291556E-14
 1.040000E+02  1.247893E-14
 1.050000E+02  1.204386E-14
 1.060000E+02  1.164706E-14
 1.070000E+02  1.126506E-14
 1.080000E+02  1.089761E-14
 1.090000E+02  1.053878E-14
 1.100000E+02  1.018913E-14
 1.110000E+02  9.847393E-15
 1.120000E+02  9.534087E-15
 1.130000E+02  9.224712E-15
 1.140000E+02  8.932016E-15
 1.150000E+02  8.643315E-15
 1.160000E+02  8.362337E-15
 1.170000E+02  8.104506E-15
 1.180000E+02  7.838123E-15
 1.190000E+02  7.602530E-15
 1.200000E+02  7.360933E-15
 1.210000E+02  7.131850E-15
 1.220000E+02  6.906127E-15
 1.230000E+02  6.694532E-15
 1.240000E+02  6.482236E-15
 1.250000E+02  6.288181E-15
 1.260000E+02  6.091398E-15
 1.270000E+02  5.904751E-15
 1.280000E+02  5.728023E-15
 1.290000E+02  5.557358E-15
 1.300000E+02  5.382466E-15
 1.310000E+02  5.221907E-15
 1.320000E+02  5.063007E-15
 1.330000E+02  4.913648E-15
 1.340000E+02  4.765884E-15
 1.350000E+02  4.623214E-15
 1.360000E+02  4.489580E-15
 1.370000E+02  4.351738E-15
 1.380000E+02  4.228763E-15
 1.390000E+02  4.103947E-15
 1.400000E+02  3.982666E-15
 1.410000E+02  3.864772E-15
 1.420000E+02  3.756265E-15
 1.430000E+02  3.644046E-15
 1.440000E+02  3.541092E-15
 1.450000E+02  3.438276E-15
 1.460000E+02  3.340998E-15
 1.470000E+02  3.245873E-15
 1.480000E+02  3.150794E-15
 1.490000E+02  3.062879E-15
 1.500000E+02  2.977886E-15
 1.510000E+02  2.892920E-15
 1.520000E+02  2.810853E-15
 1.530000E+02  2.732300E-15
 1.540000E+02  2.656273E-15
 1.550000E+02  2.583026E-15
 1.560000E+02  2.511081E-15
 1.570000E+02  2.439124E-15
 1.580000E+02  2.375765E-15
 1.590000E+02  2.306504E-15
 1.600000E+02  2.243528E-15
 1.610000E+02  2.184024E-15
 1.620000E+02  2.124357E-15
 1.630000E+02  2.066396E-15
 1.640000E+02  2.009889E-15
 1.650000E+02  1.955885E-15
 1.660000E+02  1.901129E-15
 1.670000E+02  1.851808E-15
 1.680000E+02  1.800586E-15
 1.690000E+02  1.753213E-15
 1.700000E+02  1.706079E-15
 1.710000E+02  1.662926E-15
 1.720000E+02  1.615872E-15
 1.730000E+02  1.573379E-15
 1.740000E+02  1.531351E-15
 1.750000E+02  1.492647E-15
 1.760000E+02  1.452287E-15
 1.770000E+02  1.413314E-15
 1.780000E+02  1.376337E-15
 1.790000E+02  1.340626E-15
 1.800000E+02  1.306030E-15
 1.810000E+02  1.272850E-15
 1.820000E+02  1.239774E-15
 1.830000E+02  1.205808E-15
 1.840000E+02  1.175991E-15
 1.850000E+02  1.146129E-15
 1.860000E+02  1.116325E-15
 1.870000E+02  1.088529E-15
 1.880000E+02  1.060216E-15
 1.890000E+02  1.034093E-15
 1.900000E+02  1.006796E-15
 1.910000E+02  9.812115E-16
 1.920000E+02  9.555498E-16
 1.930000E+02  9.329881E-16
 1.940000E+02  9.091059E-16
 1.950000E+02  8.858746E-16
 1.960000E+02  8.644459E-16
 1.970000E+02  8.422103E-16
 1.980000E+02  8.197656E-16
 1.990000E+02  8.006411E-16
 2.000000E+02  7.806229E-16
