 1.000000E+01  1.116824E-07
 1.100000E+01  9.361964E-08
 1.200000E+01  7.713299E-08
 1.300000E+01  6.237697E-08
 1.400000E+01  4.929974E-08
 1.500000E+01  3.794698E-08
 1.600000E+01  2.833474E-08
 1.700000E+01  2.042352E-08
 1.800000E+01  1.412070E-08
 1.900000E+01  9.225428E-09
 2.000000E+01  5.625908E-09
 2.100000E+01  3.116429E-09
 2.200000E+01  1.512689E-09
 2.300000E+01  5.952202E-10
 2.400000E+01  1.623461E-10
 2.500000E+01  1.923786E-11
 2.600000E+01  1.585032E-13
 2.700000E+01  1.234234E-13
 2.800000E+01  1.126556E-13
 2.900000E+01  1.033110E-13
 3.000000E+01  9.518822E-14
 3.100000E+01  8.790674E-14
 3.200000E+01  8.146030E-14
 3.300000E+01  7.563602E-14
 3.400000E+01  7.037361E-14
 3.500000E+01  6.561143E-14
 3.600000E+01  6.125111E-14
 3.700000E+01  5.726398E-14
 3.800000E+01  5.366226E-14
 3.900000E+01  5.029300E-14
 4.000000E+01  4.719277E-14
 4.100000E+01  4.438169E-14
 4.200000E+01  4.174895E-14
 4.300000E+01  3.929082E-14
 4.400000E+01  3.705071E-14
 4.500000E+01  3.493442E-14
 4.600000E+01  3.298417E-14
 4.700000E+01  3.118049E-14
 4.800000E+01  2.948837E-14
 4.900000E+01  2.791941E-14
 5.000000E+01  2.641115E-14
 5.100000E+01  2.501999E-14
 5.200000E+01  2.374662E-14
 5.300000E+01  2.252393E-14
 5.400000E+01  2.138208E-14
 5.500000E+01  2.028404E-14
 5.600000E+01  1.929877E-14
 5.700000E+01  1.834608E-14
 5.800000E+01  1.745606E-14
 5.900000E+01  1.660510E-14
 6.000000E+01  1.582400E-14
 6.100000E+01  1.507463E-14
 6.200000E+01  1.435480E-14
 6.300000E+01  1.369409E-14
 6.400000E+01  1.305979E-14
 6.500000E+01  1.247049E-14
 6.600000E+01  1.189194E-14
 6.700000E+01  1.136066E-14
 6.800000E+01  1.085704E-14
 6.900000E+01  1.037727E-14
 7.000000E+01  9.914561E-15
 7.100000E+01  9.491064E-15
 7.200000E+01  9.076806E-15
 7.300000E+01  8.684528E-15
 7.400000E+01  8.310875E-15
 7.500000E+01  7.964033E-15
 7.600000E+01  7.621726E-15
 7.700000E+01  7.308657E-15
 7.800000E+01  6.996598E-15
 7.900000E+01  6.714639E-15
 8.000000E+01  6.431637E-15
 8.100000E+01  6.174381E-15
 8.200000E+01  5.920433E-15
 8.300000E+01  5.684851E-15
 8.400000E+01  5.452469E-15
 8.500000E+01  5.234502E-15
 8.600000E+01  5.031337E-15
 8.700000E+01  4.833411E-15
 8.800000E+01  4.646348E-15
 8.900000E+01  4.458880E-15
 9.000000E+01  4.290655E-15
 9.100000E+01  4.126575E-15
 9.200000E+01  3.969324E-15
 9.300000E+01  3.816547E-15
 9.400000E+01  3.674079E-15
 9.500000E+01  3.533609E-15
 9.600000E+01  3.399469E-15
 9.700000E+01  3.272815E-15
 9.800000E+01  3.152873E-15
 9.900000E+01  3.037141E-15
 1.000000E+02  2.922903E-15
 1.010000E+02  2.815966E-15
 1.020000E+02  2.714655E-15
 1.030000E+02  2.614323E-15
 1.040000E+02  2.521915E-15
 1.050000E+02  2.431336E-15
 1.060000E+02  2.344693E-15
 1.070000E+02  2.261097E-15
 1.080000E+02  2.183509E-15
 1.090000E+02  2.105592E-15
 1.100000E+02  2.030326E-15
 1.110000E+02  1.960077E-15
 1.120000E+02  1.890631E-15
 1.130000E+02  1.825373E-15
 1.140000E+02  1.762955E-15
 1.150000E+02  1.701084E-15
 1.160000E+02  1.644006E-15
 1.170000E+02  1.587812E-15
 1.180000E+02  1.533474E-15
 1.190000E+02  1.481707E-15
 1.200000E+02  1.433277E-15
 1.210000E+02  1.385232E-15
 1.220000E+02  1.337396E-15
 1.230000E+02  1.293626E-15
 1.240000E+02  1.249496E-15
 1.250000E+02  1.208627E-15
 1.260000E+02  1.169348E-15
 1.270000E+02  1.130716E-15
 1.280000E+02  1.094199E-15
 1.290000E+02  1.058106E-15
 1.300000E+02  1.023102E-15
 1.310000E+02  9.903542E-16
 1.320000E+02  9.582382E-16
 1.330000E+02  9.275133E-16
 1.340000E+02  8.982891E-16
 1.350000E+02  8.705606E-16
 1.360000E+02  8.418786E-16
 1.370000E+02  8.153702E-16
 1.380000E+02  7.895729E-16
 1.390000E+02  7.642316E-16
 1.400000E+02  7.406833E-16
 1.410000E+02  7.177189E-16
 1.420000E+02  6.947848E-16
 1.430000E+02  6.732733E-16
 1.440000E+02  6.528189E-16
 1.450000E+02  6.321353E-16
 1.460000E+02  6.134081E-16
 1.470000E+02  5.942617E-16
 1.480000E+02  5.757439E-16
 1.490000E+02  5.583281E-16
 1.500000E+02  5.411635E-16
 1.510000E+02  5.248544E-16
 1.520000E+02  5.089426E-16
 1.530000E+02  4.939041E-16
 1.540000E+02  4.789146E-16
 1.550000E+02  4.644461E-16
 1.560000E+02  4.504826E-16
 1.570000E+02  4.373040E-16
 1.580000E+02  4.242017E-16
 1.590000E+02  4.115717E-16
 1.600000E+02  3.990909E-16
 1.610000E+02  3.874312E-16
 1.620000E+02  3.762295E-16
 1.630000E+02  3.652559E-16
 1.640000E+02  3.543904E-16
 1.650000E+02  3.440350E-16
 1.660000E+02  3.341243E-16
 1.670000E+02  3.241874E-16
 1.680000E+02  3.152450E-16
 1.690000E+02  3.060017E-16
 1.700000E+02  2.968980E-16
 1.710000E+02  2.886830E-16
 1.720000E+02  2.803186E-16
 1.730000E+02  2.721709E-16
 1.740000E+02  2.644716E-16
 1.750000E+02  2.570734E-16
 1.760000E+02  2.497334E-16
 1.770000E+02  2.427058E-16
 1.780000E+02  2.357363E-16
 1.790000E+02  2.291435E-16
 1.800000E+02  2.227347E-16
 1.810000E+02  2.162440E-16
 1.820000E+02  2.102428E-16
 1.830000E+02  2.045151E-16
 1.840000E+02  1.988213E-16
 1.850000E+02  1.932719E-16
 1.860000E+02  1.877370E-16
 1.870000E+02  1.827053E-16
 1.880000E+02  1.776777E-16
 1.890000E+02  1.728115E-16
 1.900000E+02  1.679190E-16
 1.910000E+02  1.633876E-16
 1.920000E+02  1.588425E-16
 1.930000E+02  1.545851E-16
 1.940000E+02  1.502674E-16
 1.950000E+02  1.461550E-16
 1.960000E+02  1.422274E-16
 1.970000E+02  1.384561E-16
 1.980000E+02  1.346940E-16
 1.990000E+02  1.310481E-16
 2.000000E+02  1.275392E-16
