 1.000000E+01  4.079717E-07
 1.100000E+01  3.574532E-07
 1.200000E+01  3.080775E-07
 1.300000E+01  2.628329E-07
 1.400000E+01  2.210941E-07
 1.500000E+01  1.829810E-07
 1.600000E+01  1.489163E-07
 1.700000E+01  1.188319E-07
 1.800000E+01  9.270566E-08
 1.900000E+01  7.060913E-08
 2.000000E+01  5.213990E-08
 2.100000E+01  3.710067E-08
 2.200000E+01  2.522794E-08
 2.300000E+01  1.626253E-08
 2.400000E+01  9.729369E-09
 2.500000E+01  5.276041E-09
 2.600000E+01  2.475186E-09
 2.700000E+01  9.254011E-10
 2.800000E+01  2.296128E-10
 2.900000E+01  2.112483E-11
 3.000000E+01  4.002358E-13
 3.100000E+01  3.677407E-13
 3.200000E+01  3.397494E-13
 3.300000E+01  3.148062E-13
 3.400000E+01  2.926278E-13
 3.500000E+01  2.727287E-13
 3.600000E+01  2.549268E-13
 3.700000E+01  2.388092E-13
 3.800000E+01  2.237439E-13
 3.900000E+01  2.103318E-13
 4.000000E+01  1.976394E-13
 4.100000E+01  1.861504E-13
 4.200000E+01  1.755425E-13
 4.300000E+01  1.655767E-13
 4.400000E+01  1.566186E-13
 4.500000E+01  1.480978E-13
 4.600000E+01  1.400115E-13
 4.700000E+01  1.326931E-13
 4.800000E+01  1.258678E-13
 4.900000E+01  1.193060E-13
 5.000000E+01  1.133881E-13
 5.100000E+01  1.076920E-13
 5.200000E+01  1.021830E-13
 5.300000E+01  9.746769E-14
 5.400000E+01  9.267707E-14
 5.500000E+01  8.828650E-14
 5.600000E+01  8.415611E-14
 5.700000E+01  8.023016E-14
 5.800000E+01  7.653286E-14
 5.900000E+01  7.312040E-14
 6.000000E+01  6.968426E-14
 6.100000E+01  6.656512E-14
 6.200000E+01  6.363348E-14
 6.300000E+01  6.082216E-14
 6.400000E+01  5.826889E-14
 6.500000E+01  5.575323E-14
 6.600000E+01  5.335319E-14
 6.700000E+01  5.107035E-14
 6.800000E+01  4.892452E-14
 6.900000E+01  4.687154E-14
 7.000000E+01  4.488634E-14
 7.100000E+01  4.311505E-14
 7.200000E+01  4.128985E-14
 7.300000E+01  3.964793E-14
 7.400000E+01  3.809227E-14
 7.500000E+01  3.654754E-14
 7.600000E+01  3.510167E-14
 7.700000E+01  3.371691E-14
 7.800000E+01  3.241795E-14
 7.900000E+01  3.114994E-14
 8.000000E+01  2.996004E-14
 8.100000E+01  2.880145E-14
 8.200000E+01  2.770542E-14
 8.300000E+01  2.663034E-14
 8.400000E+01  2.565818E-14
 8.500000E+01  2.470075E-14
 8.600000E+01  2.380074E-14
 8.700000E+01  2.289753E-14
 8.800000E+01  2.205552E-14
 8.900000E+01  2.126949E-14
 9.000000E+01  2.050523E-14
 9.100000E+01  1.974847E-14
 9.200000E+01  1.905503E-14
 9.300000E+01  1.835536E-14
 9.400000E+01  1.771267E-14
 9.500000E+01  1.706975E-14
 9.600000E+01  1.650159E-14
 9.700000E+01  1.590114E-14
 9.800000E+01  1.536286E-14
 9.900000E+01  1.483757E-14
 1.000000E+02  1.432721E-14
 1.010000E+02  1.383589E-14
 1.020000E+02  1.337276E-14
 1.030000E+02  1.289889E-14
 1.040000E+02  1.246612E-14
 1.050000E+02  1.205312E-14
 1.060000E+02  1.165607E-14
 1.070000E+02  1.126243E-14
 1.080000E+02  1.089192E-14
 1.090000E+02  1.053425E-14
 1.100000E+02  1.018825E-14
 1.110000E+02  9.858266E-15
 1.120000E+02  9.539969E-15
 1.130000E+02  9.228562E-15
 1.140000E+02  8.934700E-15
 1.150000E+02  8.648225E-15
 1.160000E+02  8.369101E-15
 1.170000E+02  8.104398E-15
 1.180000E+02  7.838191E-15
 1.190000E+02  7.589514E-15
 1.200000E+02  7.358811E-15
 1.210000E+02  7.124247E-15
 1.220000E+02  6.900619E-15
 1.230000E+02  6.691245E-15
 1.240000E+02  6.484448E-15
 1.250000E+02  6.281509E-15
 1.260000E+02  6.093327E-15
 1.270000E+02  5.907082E-15
 1.280000E+02  5.727850E-15
 1.290000E+02  5.545836E-15
 1.300000E+02  5.383181E-15
 1.310000E+02  5.222979E-15
 1.320000E+02  5.066977E-15
 1.330000E+02  4.912765E-15
 1.340000E+02  4.766682E-15
 1.350000E+02  4.627123E-15
 1.360000E+02  4.488653E-15
 1.370000E+02  4.357784E-15
 1.380000E+02  4.227420E-15
 1.390000E+02  4.102416E-15
 1.400000E+02  3.984965E-15
 1.410000E+02  3.868364E-15
 1.420000E+02  3.751591E-15
 1.430000E+02  3.647327E-15
 1.440000E+02  3.541633E-15
 1.450000E+02  3.440213E-15
 1.460000E+02  3.340469E-15
 1.470000E+02  3.247551E-15
 1.480000E+02  3.155189E-15
 1.490000E+02  3.065327E-15
 1.500000E+02  2.977734E-15
 1.510000E+02  2.897312E-15
 1.520000E+02  2.812466E-15
 1.530000E+02  2.731000E-15
 1.540000E+02  2.656619E-15
 1.550000E+02  2.582620E-15
 1.560000E+02  2.511164E-15
 1.570000E+02  2.443800E-15
 1.580000E+02  2.375282E-15
 1.590000E+02  2.308819E-15
 1.600000E+02  2.243945E-15
 1.610000E+02  2.183369E-15
 1.620000E+02  2.124205E-15
 1.630000E+02  2.065978E-15
 1.640000E+02  2.011334E-15
 1.650000E+02  1.956402E-15
 1.660000E+02  1.903027E-15
 1.670000E+02  1.851433E-15
 1.680000E+02  1.803669E-15
 1.690000E+02  1.753427E-15
 1.700000E+02  1.706979E-15
 1.710000E+02  1.661767E-15
 1.720000E+02  1.617942E-15
 1.730000E+02  1.575048E-15
 1.740000E+02  1.532603E-15
 1.750000E+02  1.490268E-15
 1.760000E+02  1.452217E-15
 1.770000E+02  1.413677E-15
 1.780000E+02  1.377407E-15
 1.790000E+02  1.341468E-15
 1.800000E+02  1.305882E-15
 1.810000E+02  1.273027E-15
 1.820000E+02  1.239176E-15
 1.830000E+02  1.208438E-15
 1.840000E+02  1.176619E-15
 1.850000E+02  1.145095E-15
 1.860000E+02  1.116951E-15
 1.870000E+02  1.088542E-15
 1.880000E+02  1.059559E-15
 1.890000E+02  1.034276E-15
 1.900000E+02  1.006571E-15
 1.910000E+02  9.812053E-16
 1.920000E+02  9.567946E-16
 1.930000E+02  9.321494E-16
 1.940000E+02  9.090859E-16
 1.950000E+02  8.855086E-16
 1.960000E+02  8.634638E-16
 1.970000E+02  8.416133E-16
 1.980000E+02  8.212538E-16
 1.990000E+02  8.006817E-16
 2.000000E+02  7.805462E-16
