 1.000000E+01  2.563884E-08
 1.100000E+01  2.112286E-08
 1.200000E+01  1.703643E-08
 1.300000E+01  1.343791E-08
 1.400000E+01  1.032758E-08
 1.500000E+01  7.679366E-09
 1.600000E+01  5.517346E-09
 1.700000E+01  3.780806E-09
 1.800000E+01  2.449709E-09
 1.900000E+01  1.473728E-09
 2.000000E+01  8.016866E-10
 2.100000E+01  3.781715E-10
 2.200000E+01  1.420088E-10
 2.300000E+01  3.530529E-11
 2.400000E+01  3.231519E-12
 2.500000E+01  3.329099E-14
 2.600000E+01  3.004062E-14
 2.700000E+01  2.736701E-14
 2.800000E+01  2.502235E-14
 2.900000E+01  2.298767E-14
 3.000000E+01  2.117971E-14
 3.100000E+01  1.957320E-14
 3.200000E+01  1.813136E-14
 3.300000E+01  1.683414E-14
 3.400000E+01  1.565037E-14
 3.500000E+01  1.458265E-14
 3.600000E+01  1.360849E-14
 3.700000E+01  1.271063E-14
 3.800000E+01  1.190884E-14
 3.900000E+01  1.113301E-14
 4.000000E+01  1.045800E-14
 4.100000E+01  9.808669E-15
 4.200000E+01  9.223027E-15
 4.300000E+01  8.679828E-15
 4.400000E+01  8.174996E-15
 4.500000E+01  7.704361E-15
 4.600000E+01  7.259343E-15
 4.700000E+01  6.854923E-15
 4.800000E+01  6.481022E-15
 4.900000E+01  6.122834E-15
 5.000000E+01  5.788089E-15
 5.100000E+01  5.487910E-15
 5.200000E+01  5.195257E-15
 5.300000E+01  4.922657E-15
 5.400000E+01  4.668784E-15
 5.500000E+01  4.430126E-15
 5.600000E+01  4.204677E-15
 5.700000E+01  3.998277E-15
 5.800000E+01  3.793240E-15
 5.900000E+01  3.608296E-15
 6.000000E+01  3.431889E-15
 6.100000E+01  3.266811E-15
 6.200000E+01  3.109952E-15
 6.300000E+01  2.964792E-15
 6.400000E+01  2.823420E-15
 6.500000E+01  2.689652E-15
 6.600000E+01  2.567829E-15
 6.700000E+01  2.449926E-15
 6.800000E+01  2.335788E-15
 6.900000E+01  2.229941E-15
 7.000000E+01  2.129516E-15
 7.100000E+01  2.035859E-15
 7.200000E+01  1.944558E-15
 7.300000E+01  1.859501E-15
 7.400000E+01  1.777112E-15
 7.500000E+01  1.701222E-15
 7.600000E+01  1.628951E-15
 7.700000E+01  1.558464E-15
 7.800000E+01  1.491644E-15
 7.900000E+01  1.428880E-15
 8.000000E+01  1.368571E-15
 8.100000E+01  1.312237E-15
 8.200000E+01  1.257295E-15
 8.300000E+01  1.205967E-15
 8.400000E+01  1.156800E-15
 8.500000E+01  1.109956E-15
 8.600000E+01  1.064311E-15
 8.700000E+01  1.021546E-15
 8.800000E+01  9.803533E-16
 8.900000E+01  9.408848E-16
 9.000000E+01  9.033625E-16
 9.100000E+01  8.684487E-16
 9.200000E+01  8.342586E-16
 9.300000E+01  8.016920E-16
 9.400000E+01  7.711196E-16
 9.500000E+01  7.410654E-16
 9.600000E+01  7.121234E-16
 9.700000E+01  6.854023E-16
 9.800000E+01  6.594322E-16
 9.900000E+01  6.344113E-16
 1.000000E+02  6.105613E-16
 1.010000E+02  5.877696E-16
 1.020000E+02  5.653876E-16
 1.030000E+02  5.449520E-16
 1.040000E+02  5.245266E-16
 1.050000E+02  5.057427E-16
 1.060000E+02  4.867490E-16
 1.070000E+02  4.691468E-16
 1.080000E+02  4.517918E-16
 1.090000E+02  4.360077E-16
 1.100000E+02  4.201976E-16
 1.110000E+02  4.050252E-16
 1.120000E+02  3.908233E-16
 1.130000E+02  3.767650E-16
 1.140000E+02  3.635709E-16
 1.150000E+02  3.506061E-16
 1.160000E+02  3.384644E-16
 1.170000E+02  3.267158E-16
 1.180000E+02  3.153812E-16
 1.190000E+02  3.039404E-16
 1.200000E+02  2.939661E-16
 1.210000E+02  2.836222E-16
 1.220000E+02  2.742676E-16
 1.230000E+02  2.644454E-16
 1.240000E+02  2.556041E-16
 1.250000E+02  2.469053E-16
 1.260000E+02  2.386056E-16
 1.270000E+02  2.305696E-16
 1.280000E+02  2.229351E-16
 1.290000E+02  2.155143E-16
 1.300000E+02  2.083102E-16
 1.310000E+02  2.014394E-16
 1.320000E+02  1.947162E-16
 1.330000E+02  1.881609E-16
 1.340000E+02  1.820501E-16
 1.350000E+02  1.761448E-16
 1.360000E+02  1.703416E-16
 1.370000E+02  1.648570E-16
 1.380000E+02  1.595265E-16
 1.390000E+02  1.542545E-16
 1.400000E+02  1.493643E-16
 1.410000E+02  1.445419E-16
 1.420000E+02  1.399987E-16
 1.430000E+02  1.355870E-16
 1.440000E+02  1.311547E-16
 1.450000E+02  1.270863E-16
 1.460000E+02  1.229512E-16
 1.470000E+02  1.190904E-16
 1.480000E+02  1.154279E-16
 1.490000E+02  1.117007E-16
 1.500000E+02  1.082874E-16
 1.510000E+02  1.048054E-16
 1.520000E+02  1.016220E-16
 1.530000E+02  9.854538E-17
 1.540000E+02  9.543855E-17
 1.550000E+02  9.250190E-17
 1.560000E+02  8.969680E-17
 1.570000E+02  8.701886E-17
 1.580000E+02  8.437028E-17
 1.590000E+02  8.177360E-17
 1.600000E+02  7.923087E-17
 1.610000E+02  7.684473E-17
 1.620000E+02  7.450276E-17
 1.630000E+02  7.228574E-17
 1.640000E+02  7.010438E-17
 1.650000E+02  6.804326E-17
 1.660000E+02  6.599060E-17
 1.670000E+02  6.403480E-17
 1.680000E+02  6.210008E-17
 1.690000E+02  6.025417E-17
 1.700000E+02  5.855023E-17
 1.710000E+02  5.678026E-17
 1.720000E+02  5.509882E-17
 1.730000E+02  5.347117E-17
 1.740000E+02  5.187629E-17
 1.750000E+02  5.039319E-17
 1.760000E+02  4.892846E-17
 1.770000E+02  4.753275E-17
 1.780000E+02  4.615326E-17
 1.790000E+02  4.477022E-17
 1.800000E+02  4.345214E-17
 1.810000E+02  4.231169E-17
 1.820000E+02  4.107949E-17
 1.830000E+02  3.984897E-17
 1.840000E+02  3.873560E-17
 1.850000E+02  3.757757E-17
 1.860000E+02  3.649742E-17
 1.870000E+02  3.551828E-17
 1.880000E+02  3.448016E-17
 1.890000E+02  3.351514E-17
 1.900000E+02  3.256917E-17
 1.910000E+02  3.165126E-17
 1.920000E+02  3.077430E-17
 1.930000E+02  2.988947E-17
 1.940000E+02  2.907482E-17
 1.950000E+02  2.825477E-17
 1.960000E+02  2.745173E-17
 1.970000E+02  2.669988E-17
 1.980000E+02  2.595041E-17
 1.990000E+02  2.525070E-17
 2.000000E+02  2.453504E-17
