 1.000000E+01  2.427291E-07
 1.100000E+01  2.070747E-07
 1.200000E+01  1.738794E-07
 1.300000E+01  1.436946E-07
 1.400000E+01  1.164407E-07
 1.500000E+01  9.247091E-08
 1.600000E+01  7.152774E-08
 1.700000E+01  5.386466E-08
 1.800000E+01  3.921942E-08
 1.900000E+01  2.736857E-08
 2.000000E+01  1.818032E-08
 2.100000E+01  1.133559E-08
 2.200000E+01  6.471749E-09
 2.300000E+01  3.274879E-09
 2.400000E+01  1.381389E-09
 2.500000E+01  4.286837E-10
 2.600000E+01  7.049232E-11
 2.700000E+01  1.489849E-12
 2.800000E+01  2.561129E-13
 2.900000E+01  2.343121E-13
 3.000000E+01  2.155161E-13
 3.100000E+01  1.989266E-13
 3.200000E+01  1.842004E-13
 3.300000E+01  1.709694E-13
 3.400000E+01  1.591983E-13
 3.500000E+01  1.483927E-13
 3.600000E+01  1.384931E-13
 3.700000E+01  1.295515E-13
 3.800000E+01  1.215761E-13
 3.900000E+01  1.141002E-13
 4.000000E+01  1.071174E-13
 4.100000E+01  1.008031E-13
 4.200000E+01  9.493774E-14
 4.300000E+01  8.945674E-14
 4.400000E+01  8.433598E-14
 4.500000E+01  7.964503E-14
 4.600000E+01  7.532130E-14
 4.700000E+01  7.118536E-14
 4.800000E+01  6.742284E-14
 4.900000E+01  6.387047E-14
 5.000000E+01  6.054600E-14
 5.100000E+01  5.740905E-14
 5.200000E+01  5.455635E-14
 5.300000E+01  5.178329E-14
 5.400000E+01  4.918779E-14
 5.500000E+01  4.681851E-14
 5.600000E+01  4.449941E-14
 5.700000E+01  4.239579E-14
 5.800000E+01  4.034123E-14
 5.900000E+01  3.842500E-14
 6.000000E+01  3.663351E-14
 6.100000E+01  3.494207E-14
 6.200000E+01  3.335990E-14
 6.300000E+01  3.183527E-14
 6.400000E+01  3.039621E-14
 6.500000E+01  2.903126E-14
 6.600000E+01  2.772866E-14
 6.700000E+01  2.649225E-14
 6.800000E+01  2.535174E-14
 6.900000E+01  2.427086E-14
 7.000000E+01  2.322983E-14
 7.100000E+01  2.220746E-14
 7.200000E+01  2.129660E-14
 7.300000E+01  2.038798E-14
 7.400000E+01  1.952084E-14
 7.500000E+01  1.872712E-14
 7.600000E+01  1.795366E-14
 7.700000E+01  1.721032E-14
 7.800000E+01  1.651048E-14
 7.900000E+01  1.584805E-14
 8.000000E+01  1.520328E-14
 8.100000E+01  1.460212E-14
 8.200000E+01  1.402570E-14
 8.300000E+01  1.348747E-14
 8.400000E+01  1.294355E-14
 8.500000E+01  1.244179E-14
 8.600000E+01  1.197465E-14
 8.700000E+01  1.151067E-14
 8.800000E+01  1.107225E-14
 8.900000E+01  1.065343E-14
 9.000000E+01  1.024382E-14
 9.100000E+01  9.853509E-15
 9.200000E+01  9.491892E-15
 9.300000E+01  9.137771E-15
 9.400000E+01  8.796290E-15
 9.500000E+01  8.475972E-15
 9.600000E+01  8.163843E-15
 9.700000E+01  7.872144E-15
 9.800000E+01  7.587306E-15
 9.900000E+01  7.308444E-15
 1.000000E+02  7.054363E-15
 1.010000E+02  6.792131E-15
 1.020000E+02  6.552163E-15
 1.030000E+02  6.323971E-15
 1.040000E+02  6.100514E-15
 1.050000E+02  5.880121E-15
 1.060000E+02  5.683256E-15
 1.070000E+02  5.481869E-15
 1.080000E+02  5.293124E-15
 1.090000E+02  5.112739E-15
 1.100000E+02  4.938581E-15
 1.110000E+02  4.769994E-15
 1.120000E+02  4.610350E-15
 1.130000E+02  4.452742E-15
 1.140000E+02  4.299715E-15
 1.150000E+02  4.159275E-15
 1.160000E+02  4.021660E-15
 1.170000E+02  3.886645E-15
 1.180000E+02  3.758962E-15
 1.190000E+02  3.634940E-15
 1.200000E+02  3.510875E-15
 1.210000E+02  3.397220E-15
 1.220000E+02  3.286764E-15
 1.230000E+02  3.181853E-15
 1.240000E+02  3.078089E-15
 1.250000E+02  2.976308E-15
 1.260000E+02  2.882357E-15
 1.270000E+02  2.794228E-15
 1.280000E+02  2.702307E-15
 1.290000E+02  2.614110E-15
 1.300000E+02  2.533306E-15
 1.310000E+02  2.452610E-15
 1.320000E+02  2.375087E-15
 1.330000E+02  2.301100E-15
 1.340000E+02  2.230340E-15
 1.350000E+02  2.160582E-15
 1.360000E+02  2.092996E-15
 1.370000E+02  2.029513E-15
 1.380000E+02  1.966473E-15
 1.390000E+02  1.905121E-15
 1.400000E+02  1.848874E-15
 1.410000E+02  1.790877E-15
 1.420000E+02  1.737830E-15
 1.430000E+02  1.685198E-15
 1.440000E+02  1.633083E-15
 1.450000E+02  1.584904E-15
 1.460000E+02  1.536088E-15
 1.470000E+02  1.490149E-15
 1.480000E+02  1.446774E-15
 1.490000E+02  1.404481E-15
 1.500000E+02  1.361736E-15
 1.510000E+02  1.321779E-15
 1.520000E+02  1.282664E-15
 1.530000E+02  1.245896E-15
 1.540000E+02  1.210028E-15
 1.550000E+02  1.173335E-15
 1.560000E+02  1.138884E-15
 1.570000E+02  1.106097E-15
 1.580000E+02  1.074411E-15
 1.590000E+02  1.042617E-15
 1.600000E+02  1.012645E-15
 1.610000E+02  9.837094E-16
 1.620000E+02  9.551841E-16
 1.630000E+02  9.285937E-16
 1.640000E+02  9.022280E-16
 1.650000E+02  8.764088E-16
 1.660000E+02  8.522890E-16
 1.670000E+02  8.270314E-16
 1.680000E+02  8.039270E-16
 1.690000E+02  7.814712E-16
 1.700000E+02  7.593747E-16
 1.710000E+02  7.385301E-16
 1.720000E+02  7.179001E-16
 1.730000E+02  6.975612E-16
 1.740000E+02  6.786352E-16
 1.750000E+02  6.594645E-16
 1.760000E+02  6.417293E-16
 1.770000E+02  6.239425E-16
 1.780000E+02  6.064413E-16
 1.790000E+02  5.894718E-16
 1.800000E+02  5.739069E-16
 1.810000E+02  5.584555E-16
 1.820000E+02  5.429629E-16
 1.830000E+02  5.279189E-16
 1.840000E+02  5.138736E-16
 1.850000E+02  5.001470E-16
 1.860000E+02  4.861099E-16
 1.870000E+02  4.734490E-16
 1.880000E+02  4.607941E-16
 1.890000E+02  4.481512E-16
 1.900000E+02  4.363817E-16
 1.910000E+02  4.249136E-16
 1.920000E+02  4.136495E-16
 1.930000E+02  4.024263E-16
 1.940000E+02  3.917284E-16
 1.950000E+02  3.812067E-16
 1.960000E+02  3.714298E-16
 1.970000E+02  3.617742E-16
 1.980000E+02  3.522837E-16
 1.990000E+02  3.428589E-16
 2.000000E+02  3.337292E-16
