 1.000000E+01  6.068286E-08
 1.100000E+01  5.178718E-08
 1.200000E+01  4.343974E-08
 1.300000E+01  3.587682E-08
 1.400000E+01  2.911086E-08
 1.500000E+01  2.308688E-08
 1.600000E+01  1.788045E-08
 1.700000E+01  1.347198E-08
 1.800000E+01  9.791192E-09
 1.900000E+01  6.849016E-09
 2.000000E+01  4.551839E-09
 2.100000E+01  2.831116E-09
 2.200000E+01  1.617171E-09
 2.300000E+01  8.181453E-10
 2.400000E+01  3.454611E-10
 2.500000E+01  1.070896E-10
 2.600000E+01  1.764024E-11
 2.700000E+01  3.730042E-13
 2.800000E+01  6.396698E-14
 2.900000E+01  5.853592E-14
 3.000000E+01  5.386018E-14
 3.100000E+01  4.968567E-14
 3.200000E+01  4.604012E-14
 3.300000E+01  4.277360E-14
 3.400000E+01  3.975572E-14
 3.500000E+01  3.708399E-14
 3.600000E+01  3.462555E-14
 3.700000E+01  3.242639E-14
 3.800000E+01  3.040990E-14
 3.900000E+01  2.851127E-14
 4.000000E+01  2.678081E-14
 4.100000E+01  2.519494E-14
 4.200000E+01  2.369880E-14
 4.300000E+01  2.237551E-14
 4.400000E+01  2.108182E-14
 4.500000E+01  1.992641E-14
 4.600000E+01  1.883141E-14
 4.700000E+01  1.781897E-14
 4.800000E+01  1.686591E-14
 4.900000E+01  1.598243E-14
 5.000000E+01  1.514485E-14
 5.100000E+01  1.436227E-14
 5.200000E+01  1.362986E-14
 5.300000E+01  1.294751E-14
 5.400000E+01  1.229450E-14
 5.500000E+01  1.169198E-14
 5.600000E+01  1.113264E-14
 5.700000E+01  1.059794E-14
 5.800000E+01  1.008521E-14
 5.900000E+01  9.605145E-15
 6.000000E+01  9.164147E-15
 6.100000E+01  8.738795E-15
 6.200000E+01  8.341368E-15
 6.300000E+01  7.954526E-15
 6.400000E+01  7.595452E-15
 6.500000E+01  7.249644E-15
 6.600000E+01  6.937948E-15
 6.700000E+01  6.631880E-15
 6.800000E+01  6.339234E-15
 6.900000E+01  6.062056E-15
 7.000000E+01  5.801069E-15
 7.100000E+01  5.558060E-15
 7.200000E+01  5.319607E-15
 7.300000E+01  5.093335E-15
 7.400000E+01  4.880178E-15
 7.500000E+01  4.681753E-15
 7.600000E+01  4.483701E-15
 7.700000E+01  4.305045E-15
 7.800000E+01  4.130092E-15
 7.900000E+01  3.965243E-15
 8.000000E+01  3.807120E-15
 8.100000E+01  3.650985E-15
 8.200000E+01  3.507382E-15
 8.300000E+01  3.369859E-15
 8.400000E+01  3.233726E-15
 8.500000E+01  3.111544E-15
 8.600000E+01  2.991664E-15
 8.700000E+01  2.876797E-15
 8.800000E+01  2.767108E-15
 8.900000E+01  2.661170E-15
 9.000000E+01  2.560999E-15
 9.100000E+01  2.463591E-15
 9.200000E+01  2.370891E-15
 9.300000E+01  2.283404E-15
 9.400000E+01  2.200371E-15
 9.500000E+01  2.118270E-15
 9.600000E+01  2.042322E-15
 9.700000E+01  1.968670E-15
 9.800000E+01  1.896169E-15
 9.900000E+01  1.827842E-15
 1.000000E+02  1.761645E-15
 1.010000E+02  1.699164E-15
 1.020000E+02  1.638920E-15
 1.030000E+02  1.580634E-15
 1.040000E+02  1.524391E-15
 1.050000E+02  1.472136E-15
 1.060000E+02  1.420068E-15
 1.070000E+02  1.370505E-15
 1.080000E+02  1.324889E-15
 1.090000E+02  1.278079E-15
 1.100000E+02  1.234792E-15
 1.110000E+02  1.192712E-15
 1.120000E+02  1.151798E-15
 1.130000E+02  1.112560E-15
 1.140000E+02  1.074834E-15
 1.150000E+02  1.039780E-15
 1.160000E+02  1.004461E-15
 1.170000E+02  9.710468E-16
 1.180000E+02  9.394174E-16
 1.190000E+02  9.088164E-16
 1.200000E+02  8.790241E-16
 1.210000E+02  8.502010E-16
 1.220000E+02  8.221111E-16
 1.230000E+02  7.952545E-16
 1.240000E+02  7.695692E-16
 1.250000E+02  7.450526E-16
 1.260000E+02  7.204886E-16
 1.270000E+02  6.973159E-16
 1.280000E+02  6.753357E-16
 1.290000E+02  6.546071E-16
 1.300000E+02  6.333055E-16
 1.310000E+02  6.131897E-16
 1.320000E+02  5.939166E-16
 1.330000E+02  5.756399E-16
 1.340000E+02  5.572393E-16
 1.350000E+02  5.405514E-16
 1.360000E+02  5.239700E-16
 1.370000E+02  5.070824E-16
 1.380000E+02  4.917612E-16
 1.390000E+02  4.769762E-16
 1.400000E+02  4.623301E-16
 1.410000E+02  4.480893E-16
 1.420000E+02  4.341838E-16
 1.430000E+02  4.212119E-16
 1.440000E+02  4.084215E-16
 1.450000E+02  3.958002E-16
 1.460000E+02  3.843894E-16
 1.470000E+02  3.725230E-16
 1.480000E+02  3.617464E-16
 1.490000E+02  3.508747E-16
 1.500000E+02  3.405280E-16
 1.510000E+02  3.303423E-16
 1.520000E+02  3.207586E-16
 1.530000E+02  3.111918E-16
 1.540000E+02  3.020621E-16
 1.550000E+02  2.934746E-16
 1.560000E+02  2.847367E-16
 1.570000E+02  2.763671E-16
 1.580000E+02  2.688059E-16
 1.590000E+02  2.609902E-16
 1.600000E+02  2.532960E-16
 1.610000E+02  2.459661E-16
 1.620000E+02  2.390179E-16
 1.630000E+02  2.320383E-16
 1.640000E+02  2.255515E-16
 1.650000E+02  2.191336E-16
 1.660000E+02  2.129852E-16
 1.670000E+02  2.069029E-16
 1.680000E+02  2.010475E-16
 1.690000E+02  1.952769E-16
 1.700000E+02  1.898323E-16
 1.710000E+02  1.845961E-16
 1.720000E+02  1.795359E-16
 1.730000E+02  1.744632E-16
 1.740000E+02  1.695070E-16
 1.750000E+02  1.650187E-16
 1.760000E+02  1.603801E-16
 1.770000E+02  1.560159E-16
 1.780000E+02  1.516184E-16
 1.790000E+02  1.475109E-16
 1.800000E+02  1.433684E-16
 1.810000E+02  1.395862E-16
 1.820000E+02  1.355110E-16
 1.830000E+02  1.320123E-16
 1.840000E+02  1.284387E-16
 1.850000E+02  1.251171E-16
 1.860000E+02  1.216004E-16
 1.870000E+02  1.183020E-16
 1.880000E+02  1.151598E-16
 1.890000E+02  1.121276E-16
 1.900000E+02  1.090992E-16
 1.910000E+02  1.061479E-16
 1.920000E+02  1.033906E-16
 1.930000E+02  1.005434E-16
 1.940000E+02  9.796706E-17
 1.950000E+02  9.534146E-17
 1.960000E+02  9.286656E-17
 1.970000E+02  9.041622E-17
 1.980000E+02  8.795010E-17
 1.990000E+02  8.575544E-17
 2.000000E+02  8.350006E-17
