 1.000000E+01  6.062741E-08
 1.100000E+01  5.176496E-08
 1.200000E+01  4.347447E-08
 1.300000E+01  3.592095E-08
 1.400000E+01  2.910716E-08
 1.500000E+01  2.311296E-08
 1.600000E+01  1.787948E-08
 1.700000E+01  1.344805E-08
 1.800000E+01  9.790685E-09
 1.900000E+01  6.837020E-09
 2.000000E+01  4.546925E-09
 2.100000E+01  2.830772E-09
 2.200000E+01  1.616628E-09
 2.300000E+01  8.183365E-10
 2.400000E+01  3.458707E-10
 2.500000E+01  1.071385E-10
 2.600000E+01  1.764856E-11
 2.700000E+01  3.733179E-13
 2.800000E+01  6.400798E-14
 2.900000E+01  5.854064E-14
 3.000000E+01  5.383556E-14
 3.100000E+01  4.970244E-14
 3.200000E+01  4.601211E-14
 3.300000E+01  4.271464E-14
 3.400000E+01  3.976525E-14
 3.500000E+01  3.708834E-14
 3.600000E+01  3.465161E-14
 3.700000E+01  3.242465E-14
 3.800000E+01  3.035511E-14
 3.900000E+01  2.851663E-14
 4.000000E+01  2.675455E-14
 4.100000E+01  2.520495E-14
 4.200000E+01  2.371467E-14
 4.300000E+01  2.237822E-14
 4.400000E+01  2.109549E-14
 4.500000E+01  1.992258E-14
 4.600000E+01  1.882917E-14
 4.700000E+01  1.781788E-14
 4.800000E+01  1.684854E-14
 4.900000E+01  1.597127E-14
 5.000000E+01  1.514135E-14
 5.100000E+01  1.436245E-14
 5.200000E+01  1.362752E-14
 5.300000E+01  1.295934E-14
 5.400000E+01  1.230377E-14
 5.500000E+01  1.170117E-14
 5.600000E+01  1.113301E-14
 5.700000E+01  1.058384E-14
 5.800000E+01  1.008927E-14
 5.900000E+01  9.611869E-15
 6.000000E+01  9.155274E-15
 6.100000E+01  8.737221E-15
 6.200000E+01  8.331864E-15
 6.300000E+01  7.953409E-15
 6.400000E+01  7.592751E-15
 6.500000E+01  7.256148E-15
 6.600000E+01  6.933182E-15
 6.700000E+01  6.632013E-15
 6.800000E+01  6.339131E-15
 6.900000E+01  6.059558E-15
 7.000000E+01  5.807397E-15
 7.100000E+01  5.558822E-15
 7.200000E+01  5.319422E-15
 7.300000E+01  5.095746E-15
 7.400000E+01  4.879318E-15
 7.500000E+01  4.682579E-15
 7.600000E+01  4.487360E-15
 7.700000E+01  4.305447E-15
 7.800000E+01  4.131804E-15
 7.900000E+01  3.961214E-15
 8.000000E+01  3.804100E-15
 8.100000E+01  3.653232E-15
 8.200000E+01  3.507308E-15
 8.300000E+01  3.369584E-15
 8.400000E+01  3.236267E-15
 8.500000E+01  3.113432E-15
 8.600000E+01  2.990983E-15
 8.700000E+01  2.874685E-15
 8.800000E+01  2.768695E-15
 8.900000E+01  2.662153E-15
 9.000000E+01  2.560094E-15
 9.100000E+01  2.466068E-15
 9.200000E+01  2.371667E-15
 9.300000E+01  2.282799E-15
 9.400000E+01  2.199267E-15
 9.500000E+01  2.119631E-15
 9.600000E+01  2.039804E-15
 9.700000E+01  1.966600E-15
 9.800000E+01  1.894167E-15
 9.900000E+01  1.828698E-15
 1.000000E+02  1.761299E-15
 1.010000E+02  1.697966E-15
 1.020000E+02  1.638418E-15
 1.030000E+02  1.581616E-15
 1.040000E+02  1.523936E-15
 1.050000E+02  1.472166E-15
 1.060000E+02  1.421056E-15
 1.070000E+02  1.371136E-15
 1.080000E+02  1.323735E-15
 1.090000E+02  1.278801E-15
 1.100000E+02  1.233622E-15
 1.110000E+02  1.193269E-15
 1.120000E+02  1.152588E-15
 1.130000E+02  1.112882E-15
 1.140000E+02  1.075209E-15
 1.150000E+02  1.039542E-15
 1.160000E+02  1.005195E-15
 1.170000E+02  9.717474E-16
 1.180000E+02  9.391598E-16
 1.190000E+02  9.081302E-16
 1.200000E+02  8.781919E-16
 1.210000E+02  8.496512E-16
 1.220000E+02  8.213430E-16
 1.230000E+02  7.950947E-16
 1.240000E+02  7.698980E-16
 1.250000E+02  7.447390E-16
 1.260000E+02  7.205638E-16
 1.270000E+02  6.974749E-16
 1.280000E+02  6.754985E-16
 1.290000E+02  6.538938E-16
 1.300000E+02  6.326755E-16
 1.310000E+02  6.134241E-16
 1.320000E+02  5.942211E-16
 1.330000E+02  5.753693E-16
 1.340000E+02  5.576859E-16
 1.350000E+02  5.402102E-16
 1.360000E+02  5.236760E-16
 1.370000E+02  5.068969E-16
 1.380000E+02  4.917199E-16
 1.390000E+02  4.763430E-16
 1.400000E+02  4.618453E-16
 1.410000E+02  4.480214E-16
 1.420000E+02  4.342195E-16
 1.430000E+02  4.208989E-16
 1.440000E+02  4.084368E-16
 1.450000E+02  3.962569E-16
 1.460000E+02  3.842544E-16
 1.470000E+02  3.728471E-16
 1.480000E+02  3.617354E-16
 1.490000E+02  3.506589E-16
 1.500000E+02  3.405938E-16
 1.510000E+02  3.305145E-16
 1.520000E+02  3.209094E-16
 1.530000E+02  3.114500E-16
 1.540000E+02  3.020583E-16
 1.550000E+02  2.933246E-16
 1.560000E+02  2.847880E-16
 1.570000E+02  2.767775E-16
 1.580000E+02  2.684788E-16
 1.590000E+02  2.606012E-16
 1.600000E+02  2.532208E-16
 1.610000E+02  2.459962E-16
 1.620000E+02  2.389627E-16
 1.630000E+02  2.322001E-16
 1.640000E+02  2.253481E-16
 1.650000E+02  2.191660E-16
 1.660000E+02  2.130384E-16
 1.670000E+02  2.067678E-16
 1.680000E+02  2.011486E-16
 1.690000E+02  1.953046E-16
 1.700000E+02  1.899878E-16
 1.710000E+02  1.846450E-16
 1.720000E+02  1.792282E-16
 1.730000E+02  1.745341E-16
 1.740000E+02  1.695435E-16
 1.750000E+02  1.649031E-16
 1.760000E+02  1.603040E-16
 1.770000E+02  1.560460E-16
 1.780000E+02  1.515895E-16
 1.790000E+02  1.474989E-16
 1.800000E+02  1.434793E-16
 1.810000E+02  1.395744E-16
 1.820000E+02  1.356738E-16
 1.830000E+02  1.321135E-16
 1.840000E+02  1.283843E-16
 1.850000E+02  1.249342E-16
 1.860000E+02  1.217672E-16
 1.870000E+02  1.183475E-16
 1.880000E+02  1.151686E-16
 1.890000E+02  1.120657E-16
 1.900000E+02  1.091172E-16
 1.910000E+02  1.062027E-16
 1.920000E+02  1.034007E-16
 1.930000E+02  1.005549E-16
 1.940000E+02  9.797780E-17
 1.950000E+02  9.535769E-17
 1.960000E+02  9.285766E-17
 1.970000E+02  9.041004E-17
 1.980000E+02  8.796211E-17
 1.990000E+02  8.578261E-17
 2.000000E+02  8.351588E-17
