 1.000000E+01  3.517246E-07
 1.100000E+01  3.231074E-07
 1.200000E+01  2.937116E-07
 1.300000E+01  2.656902E-07
 1.400000E+01  2.387510E-07
 1.500000E+01  2.126542E-07
 1.600000E+01  1.877452E-07
 1.700000E+01  1.644915E-07
 1.800000E+01  1.426607E-07
 1.900000E+01  1.225003E-07
 2.000000E+01  1.040546E-07
 2.100000E+01  8.735503E-08
 2.200000E+01  7.221392E-08
 2.300000E+01  5.878269E-08
 2.400000E+01  4.705835E-08
 2.500000E+01  3.694935E-08
 2.600000E+01  2.832762E-08
 2.700000E+01  2.112029E-08
 2.800000E+01  1.525631E-08
 2.900000E+01  1.058494E-08
 3.000000E+01  7.005543E-09
 3.100000E+01  4.343641E-09
 3.200000E+01  2.474221E-09
 3.300000E+01  1.255500E-09
 3.400000E+01  5.318912E-10
 3.500000E+01  1.676614E-10
 3.600000E+01  2.887923E-11
 3.700000E+01  9.103251E-13
 3.800000E+01  2.664679E-13
 3.900000E+01  2.491708E-13
 4.000000E+01  2.339989E-13
 4.100000E+01  2.203663E-13
 4.200000E+01  2.075550E-13
 4.300000E+01  1.961359E-13
 4.400000E+01  1.855305E-13
 4.500000E+01  1.756834E-13
 4.600000E+01  1.666394E-13
 4.700000E+01  1.582588E-13
 4.800000E+01  1.503054E-13
 4.900000E+01  1.430685E-13
 5.000000E+01  1.362408E-13
 5.100000E+01  1.299610E-13
 5.200000E+01  1.238059E-13
 5.300000E+01  1.182953E-13
 5.400000E+01  1.128898E-13
 5.500000E+01  1.079853E-13
 5.600000E+01  1.031932E-13
 5.700000E+01  9.876832E-14
 5.800000E+01  9.456091E-14
 5.900000E+01  9.065754E-14
 6.000000E+01  8.679324E-14
 6.100000E+01  8.330421E-14
 6.200000E+01  7.992570E-14
 6.300000E+01  7.666202E-14
 6.400000E+01  7.364100E-14
 6.500000E+01  7.072503E-14
 6.600000E+01  6.799144E-14
 6.700000E+01  6.535600E-14
 6.800000E+01  6.278883E-14
 6.900000E+01  6.046330E-14
 7.000000E+01  5.816890E-14
 7.100000E+01  5.600291E-14
 7.200000E+01  5.395582E-14
 7.300000E+01  5.193780E-14
 7.400000E+01  5.006246E-14
 7.500000E+01  4.823705E-14
 7.600000E+01  4.646397E-14
 7.700000E+01  4.485366E-14
 7.800000E+01  4.330863E-14
 7.900000E+01  4.178352E-14
 8.000000E+01  4.029625E-14
 8.100000E+01  3.891569E-14
 8.200000E+01  3.757063E-14
 8.300000E+01  3.628059E-14
 8.400000E+01  3.507936E-14
 8.500000E+01  3.388708E-14
 8.600000E+01  3.276489E-14
 8.700000E+01  3.166754E-14
 8.800000E+01  3.063200E-14
 8.900000E+01  2.963337E-14
 9.000000E+01  2.863792E-14
 9.100000E+01  2.771904E-14
 9.200000E+01  2.684351E-14
 9.300000E+01  2.596140E-14
 9.400000E+01  2.513736E-14
 9.500000E+01  2.433662E-14
 9.600000E+01  2.359430E-14
 9.700000E+01  2.283059E-14
 9.800000E+01  2.212364E-14
 9.900000E+01  2.144019E-14
 1.000000E+02  2.077576E-14
 1.010000E+02  2.014289E-14
 1.020000E+02  1.952372E-14
 1.030000E+02  1.892068E-14
 1.040000E+02  1.837399E-14
 1.050000E+02  1.780807E-14
 1.060000E+02  1.727096E-14
 1.070000E+02  1.675427E-14
 1.080000E+02  1.628284E-14
 1.090000E+02  1.577628E-14
 1.100000E+02  1.531849E-14
 1.110000E+02  1.487510E-14
 1.120000E+02  1.444098E-14
 1.130000E+02  1.403194E-14
 1.140000E+02  1.362121E-14
 1.150000E+02  1.322992E-14
 1.160000E+02  1.285038E-14
 1.170000E+02  1.249618E-14
 1.180000E+02  1.213167E-14
 1.190000E+02  1.178223E-14
 1.200000E+02  1.146442E-14
 1.210000E+02  1.114483E-14
 1.220000E+02  1.083286E-14
 1.230000E+02  1.053888E-14
 1.240000E+02  1.024037E-14
 1.250000E+02  9.961206E-15
 1.260000E+02  9.689899E-15
 1.270000E+02  9.418428E-15
 1.280000E+02  9.169735E-15
 1.290000E+02  8.917746E-15
 1.300000E+02  8.684452E-15
 1.310000E+02  8.446872E-15
 1.320000E+02  8.213975E-15
 1.330000E+02  8.006127E-15
 1.340000E+02  7.793730E-15
 1.350000E+02  7.586238E-15
 1.360000E+02  7.381734E-15
 1.370000E+02  7.192274E-15
 1.380000E+02  7.001902E-15
 1.390000E+02  6.815943E-15
 1.400000E+02  6.642920E-15
 1.410000E+02  6.465531E-15
 1.420000E+02  6.299515E-15
 1.430000E+02  6.136064E-15
 1.440000E+02  5.983489E-15
 1.450000E+02  5.831965E-15
 1.460000E+02  5.681566E-15
 1.470000E+02  5.536664E-15
 1.480000E+02  5.395748E-15
 1.490000E+02  5.261130E-15
 1.500000E+02  5.126148E-15
 1.510000E+02  5.003054E-15
 1.520000E+02  4.877553E-15
 1.530000E+02  4.755218E-15
 1.540000E+02  4.637136E-15
 1.550000E+02  4.523408E-15
 1.560000E+02  4.409034E-15
 1.570000E+02  4.301967E-15
 1.580000E+02  4.195690E-15
 1.590000E+02  4.092739E-15
 1.600000E+02  3.992950E-15
 1.610000E+02  3.893859E-15
 1.620000E+02  3.805641E-15
 1.630000E+02  3.712062E-15
 1.640000E+02  3.622270E-15
 1.650000E+02  3.535488E-15
 1.660000E+02  3.446536E-15
 1.670000E+02  3.365561E-15
 1.680000E+02  3.284124E-15
 1.690000E+02  3.207826E-15
 1.700000E+02  3.132407E-15
 1.710000E+02  3.058443E-15
 1.720000E+02  2.985713E-15
 1.730000E+02  2.914748E-15
 1.740000E+02  2.847096E-15
 1.750000E+02  2.783482E-15
 1.760000E+02  2.717686E-15
 1.770000E+02  2.654953E-15
 1.780000E+02  2.590383E-15
 1.790000E+02  2.532424E-15
 1.800000E+02  2.474601E-15
 1.810000E+02  2.416955E-15
 1.820000E+02  2.362561E-15
 1.830000E+02  2.308090E-15
 1.840000E+02  2.254601E-15
 1.850000E+02  2.203165E-15
 1.860000E+02  2.152718E-15
 1.870000E+02  2.103519E-15
 1.880000E+02  2.055606E-15
 1.890000E+02  2.011966E-15
 1.900000E+02  1.965279E-15
 1.910000E+02  1.921386E-15
 1.920000E+02  1.878692E-15
 1.930000E+02  1.836250E-15
 1.940000E+02  1.795830E-15
 1.950000E+02  1.755573E-15
 1.960000E+02  1.714987E-15
 1.970000E+02  1.678830E-15
 1.980000E+02  1.641854E-15
 1.990000E+02  1.606993E-15
 2.000000E+02  1.569774E-15
