 1.000000E+01  2.206376E-04
 1.142857E+01  2.416248E-04
 1.285714E+01  2.452702E-04
 1.428571E+01  2.455458E-04
 1.571429E+01  2.258197E-04
 1.714286E+01  1.929463E-04
 1.857143E+01  1.483439E-04
 2.000000E+01  1.022245E-04
 2.142857E+01  6.141782E-05
 2.285714E+01  2.579451E-05
 2.428571E+01  3.383662E-06
 2.571429E+01  5.679303E-10
 2.714286E+01  5.433954E-10
 2.857143E+01  5.244112E-10
 3.000000E+01  5.012807E-10
 3.142857E+01  4.801391E-10
 3.285714E+01  4.596672E-10
 3.428571E+01  4.412504E-10
 3.571429E+01  4.254245E-10
 3.714286E+01  4.106281E-10
 3.857143E+01  3.946009E-10
 4.000000E+01  3.823762E-10
 4.142857E+01  3.704770E-10
 4.285714E+01  3.583947E-10
 4.428571E+01  3.469890E-10
 4.571429E+01  3.352950E-10
 4.714286E+01  3.256536E-10
 4.857143E+01  3.158328E-10
 5.000000E+01  3.069667E-10
 5.142857E+01  2.977794E-10
 5.285714E+01  2.895680E-10
 5.428571E+01  2.812539E-10
 5.571429E+01  2.734809E-10
 5.714286E+01  2.664533E-10
 5.857143E+01  2.593721E-10
 6.000000E+01  2.526284E-10
 6.142857E+01  2.466818E-10
 6.285714E+01  2.398799E-10
 6.428571E+01  2.337441E-10
 6.571429E+01  2.286989E-10
 6.714286E+01  2.218930E-10
 6.857143E+01  2.171154E-10
 7.000000E+01  2.121178E-10
 7.142857E+01  2.071401E-10
 7.285714E+01  2.022786E-10
 7.428571E+01  1.973730E-10
 7.571429E+01  1.923349E-10
 7.714286E+01  1.885851E-10
 7.857143E+01  1.844301E-10
 8.000000E+01  1.803645E-10
