10.0 0.008818278
11.42857 0.01044043458711411
12.85714 0.01133328
14.28571 0.01123633
15.71429 0.01105235
17.14286 0.01030937
18.57143 0.008953752
20.0 0.006483468
21.42857 0.005206831
22.85714 0.003628208
24.28571 0.001946278
25.71429 0.0006771026
27.14286 2.473791e-05
28.57143 2.53189e-08
30.0 2.442542e-08
31.42857 2.347717e-08
32.85714 2.261539e-08
34.28571 2.172104e-08
35.71429 2.096222e-08
37.14286 2.025973e-08
38.57143 1.948082e-08
40.0 1.880488e-08
41.42857 1.826024e-08
42.85714 1.765263e-08
44.28571 1.70893e-08
45.71429 1.657804e-08
47.14286 1.616164e-08
48.57143 1.563477e-08
50.0 1.523611e-08
51.42857 1.477446e-08
52.85714 1.444037e-08
54.28571 1.402084e-08
55.71429 1.365267e-08
57.14286 1.333641e-08
58.57143 1.297681e-08
60.0 1.265621e-08
61.42857 1.228711e-08
62.85714 1.201667e-08
64.28571 1.174995e-08
65.71429 1.14554e-08
67.14286 1.116407e-08
68.57143 1.091276e-08
70.0 1.068007e-08
71.42857 1.041633e-08
72.85714 1.019805e-08
74.28571 9.934226e-09
75.71429 9.757729e-09
77.14286 9.527356e-09
78.57143 9.310661e-09
80.0 9.138531e-09
