10.0 0.003950945
11.42857 0.004786417
12.85714 0.005559391
14.28571 0.006306014
15.71429 0.006928332
17.14286 0.007143443
18.57143 0.007248307
20.0 0.007400836
21.42857 0.007154433
22.85714 0.006813619
24.28571 0.006239789
25.71429 0.005512207
27.14286 0.004742457
28.57143 0.0038365
30.0 0.00292998
31.42857 0.002433878
32.85714 0.0014871720769791886
34.28571 0.000728224
35.71429 0.0002497786
37.14286 1.007828e-05
38.57143 1.675698e-08
40.0 1.620392e-08
41.42857 1.578617e-08
42.85714 1.523569e-08
44.28571 1.48124e-08
45.71429 1.440563e-08
47.14286 1.403631e-08
48.57143 1.369111e-08
50.0 1.330031e-08
51.42857 1.295597e-08
52.85714 1.263511e-08
54.28571 1.23091e-08
55.71429 1.204353e-08
57.14286 1.170192e-08
58.57143 1.145791e-08
60.0 1.120982e-08
61.42857 1.09399e-08
62.85714 1.071099e-08
64.28571 1.048914e-08
65.71429 1.026151e-08
67.14286 1.004037e-08
68.57143 9.823544e-09
70.0 9.649853e-09
71.42857 9.451896e-09
72.85714 9.226151e-09
74.28571 9.055534e-09
75.71429 8.902056e-09
77.14286 8.707203e-09
78.57143 8.581157e-09
80.0 8.401302e-09
