 1.000000E+01  2.255773E-03
 1.142857E+01  2.602415E-03
 1.285714E+01  2.857490E-03
 1.428571E+01  2.996099E-03
 1.571429E+01  2.969746E-03
 1.714286E+01  2.885337E-03
 1.857143E+01  2.609004E-03
 2.000000E+01  2.266719E-03
 2.142857E+01  1.807881E-03
 2.285714E+01  1.303547E-03
 2.428571E+01  8.678758E-04
 2.571429E+01  5.010920E-04
 2.714286E+01  1.333668E-04
 2.857143E+01  5.478439E-06
 3.000000E+01  6.445579E-09
 3.142857E+01  6.515290E-09
 3.285714E+01  6.295852E-09
 3.428571E+01  6.033621E-09
 3.571429E+01  5.846325E-09
 3.714286E+01  5.597854E-09
 3.857143E+01  5.425712E-09
 4.000000E+01  5.251176E-09
 4.142857E+01  5.074741E-09
 4.285714E+01  4.933414E-09
 4.428571E+01  4.778868E-09
 4.571429E+01  4.632005E-09
 4.714286E+01  4.487793E-09
 4.857143E+01  4.367007E-09
 5.000000E+01  4.251597E-09
 5.142857E+01  4.123795E-09
 5.285714E+01  4.021488E-09
 5.428571E+01  3.929959E-09
 5.571429E+01  3.810978E-09
 5.714286E+01  3.712147E-09
 5.857143E+01  3.633686E-09
 6.000000E+01  3.543088E-09
 6.142857E+01  3.442876E-09
 6.285714E+01  3.380374E-09
 6.428571E+01  3.305783E-09
 6.571429E+01  3.216458E-09
 6.714286E+01  3.144103E-09
 6.857143E+01  3.068329E-09
 7.000000E+01  2.998717E-09
 7.142857E+01  2.929929E-09
 7.285714E+01  2.862630E-09
 7.428571E+01  2.810596E-09
 7.571429E+01  2.739686E-09
 7.714286E+01  2.688080E-09
 7.857143E+01  2.629097E-09
 8.000000E+01  2.575228E-09
