 1.000000E+01  8.379195E-04
 1.142857E+01  9.803933E-04
 1.285714E+01  1.114766E-03
 1.428571E+01  1.237636E-03
 1.571429E+01  1.296977E-03
 1.714286E+01  1.370889E-03
 1.857143E+01  1.330628E-03
 2.000000E+01  1.272395E-03
 2.142857E+01  1.192632E-03
 2.285714E+01  1.024949E-03
 2.428571E+01  8.641572E-04
 2.571429E+01  6.753427E-04
 2.714286E+01  5.113934E-04
 2.857143E+01  3.508794E-04
 3.000000E+01  1.997125E-04
 3.142857E+01  8.168677E-05
 3.285714E+01  1.061767E-05
 3.428571E+01  3.031568E-09
 3.571429E+01  2.941713E-09
 3.714286E+01  2.863935E-09
 3.857143E+01  2.766279E-09
 4.000000E+01  2.673868E-09
 4.142857E+01  2.591406E-09
 4.285714E+01  2.506241E-09
 4.428571E+01  2.447230E-09
 4.571429E+01  2.360064E-09
 4.714286E+01  2.300390E-09
 4.857143E+01  2.247526E-09
 5.000000E+01  2.180732E-09
 5.142857E+01  2.117059E-09
 5.285714E+01  2.062348E-09
 5.428571E+01  2.016727E-09
 5.571429E+01  1.959934E-09
 5.714286E+01  1.918005E-09
 5.857143E+01  1.875484E-09
 6.000000E+01  1.832358E-09
 6.142857E+01  1.785468E-09
 6.285714E+01  1.750059E-09
 6.428571E+01  1.719144E-09
 6.571429E+01  1.673450E-09
 6.714286E+01  1.632071E-09
 6.857143E+01  1.601651E-09
 7.000000E+01  1.562862E-09
 7.142857E+01  1.531632E-09
 7.285714E+01  1.507591E-09
 7.428571E+01  1.469279E-09
 7.571429E+01  1.442144E-09
 7.714286E+01  1.413320E-09
 7.857143E+01  1.382289E-09
 8.000000E+01  1.353536E-09
