 1.000000E+01  8.355465E-04
 1.142857E+01  9.863058E-04
 1.285714E+01  1.134655E-03
 1.428571E+01  1.214803E-03
 1.571429E+01  1.344558E-03
 1.714286E+01  1.340165E-03
 1.857143E+01  1.330310E-03
 2.000000E+01  1.274933E-03
 2.142857E+01  1.176695E-03
 2.285714E+01  1.039362E-03
 2.428571E+01  8.285142E-04
 2.571429E+01  6.910383E-04
 2.714286E+01  5.208797E-04
 2.857143E+01  3.339499E-04
 3.000000E+01  2.001820E-04
 3.142857E+01  8.143788E-05
 3.285714E+01  1.066333E-05
 3.428571E+01  2.982862E-09
 3.571429E+01  2.947692E-09
 3.714286E+01  2.861661E-09
 3.857143E+01  2.762082E-09
 4.000000E+01  2.683424E-09
 4.142857E+01  2.588397E-09
 4.285714E+01  2.519146E-09
 4.428571E+01  2.443696E-09
 4.571429E+01  2.371862E-09
 4.714286E+01  2.306541E-09
 4.857143E+01  2.237832E-09
 5.000000E+01  2.182588E-09
 5.142857E+01  2.117203E-09
 5.285714E+01  2.068656E-09
 5.428571E+01  2.016982E-09
 5.571429E+01  1.965270E-09
 5.714286E+01  1.917397E-09
 5.857143E+01  1.872823E-09
 6.000000E+01  1.830275E-09
 6.142857E+01  1.788412E-09
 6.285714E+01  1.740844E-09
 6.428571E+01  1.706084E-09
 6.571429E+01  1.664273E-09
 6.714286E+01  1.638387E-09
 6.857143E+01  1.598300E-09
 7.000000E+01  1.568280E-09
 7.142857E+01  1.530588E-09
 7.285714E+01  1.504060E-09
 7.428571E+01  1.474895E-09
 7.571429E+01  1.443028E-09
 7.714286E+01  1.409777E-09
 7.857143E+01  1.385792E-09
 8.000000E+01  1.353414E-09
