 1.000000E+01  8.194020E-03
 1.142857E+01  9.979838E-03
 1.285714E+01  1.177717E-02
 1.428571E+01  1.336608E-02
 1.571429E+01  1.475142E-02
 1.714286E+01  1.592517E-02
 1.857143E+01  1.676829E-02
 2.000000E+01  1.716402E-02
 2.142857E+01  1.761117E-02
 2.285714E+01  1.667553E-02
 2.428571E+01  1.520009E-02
 2.571429E+01  1.496882E-02
 2.714286E+01  1.362087E-02
 2.857143E+01  1.177187E-02
 3.000000E+01  9.990087E-03
 3.142857E+01  7.884711E-03
 3.285714E+01  5.995645E-03
 3.428571E+01  4.315680E-03
 3.571429E+01  2.677172E-03
 3.714286E+01  1.387614E-03
 3.857143E+01  4.334564E-04
 4.000000E+01  6.758760E-06
 4.142857E+01  3.866018E-08
 4.285714E+01  3.768030E-08
 4.428571E+01  3.684346E-08
 4.571429E+01  3.589084E-08
 4.714286E+01  3.472639E-08
 4.857143E+01  3.387495E-08
 5.000000E+01  3.295447E-08
 5.142857E+01  3.218261E-08
 5.285714E+01  3.131182E-08
 5.428571E+01  3.058506E-08
 5.571429E+01  2.994046E-08
 5.714286E+01  2.896982E-08
 5.857143E+01  2.841150E-08
 6.000000E+01  2.786662E-08
 6.142857E+01  2.726811E-08
 6.285714E+01  2.672619E-08
 6.428571E+01  2.604099E-08
 6.571429E+01  2.559107E-08
 6.714286E+01  2.501644E-08
 6.857143E+01  2.455355E-08
 7.000000E+01  2.395089E-08
 7.142857E+01  2.355806E-08
 7.285714E+01  2.307413E-08
 7.428571E+01  2.265264E-08
 7.571429E+01  2.230759E-08
 7.714286E+01  2.179485E-08
 7.857143E+01  2.139682E-08
 8.000000E+01  2.105876E-08
