 1.000000E+01  2.273933E-03
 1.142857E+01  2.603699E-03
 1.285714E+01  2.866394E-03
 1.428571E+01  3.011321E-03
 1.571429E+01  3.009519E-03
 1.714286E+01  2.894181E-03
 1.857143E+01  2.615419E-03
 2.000000E+01  2.255959E-03
 2.142857E+01  1.803814E-03
 2.285714E+01  1.318270E-03
 2.428571E+01  8.263671E-04
 2.571429E+01  4.733585E-04
 2.714286E+01  1.542985E-04
 2.857143E+01  5.484093E-06
 3.000000E+01  6.734084E-09
 3.142857E+01  6.536359E-09
 3.285714E+01  6.290439E-09
 3.428571E+01  6.055361E-09
 3.571429E+01  5.840487E-09
 3.714286E+01  5.616558E-09
 3.857143E+01  5.434391E-09
 4.000000E+01  5.232757E-09
 4.142857E+01  5.080907E-09
 4.285714E+01  4.915044E-09
 4.428571E+01  4.785600E-09
 4.571429E+01  4.645563E-09
 4.714286E+01  4.498015E-09
 4.857143E+01  4.358658E-09
 5.000000E+01  4.262443E-09
 5.142857E+01  4.124302E-09
 5.285714E+01  4.023830E-09
 5.428571E+01  3.927401E-09
 5.571429E+01  3.813912E-09
 5.714286E+01  3.716097E-09
 5.857143E+01  3.636431E-09
 6.000000E+01  3.545488E-09
 6.142857E+01  3.464839E-09
 6.285714E+01  3.372242E-09
 6.428571E+01  3.285476E-09
 6.571429E+01  3.205685E-09
 6.714286E+01  3.142004E-09
 6.857143E+01  3.069034E-09
 7.000000E+01  3.012262E-09
 7.142857E+01  2.929515E-09
 7.285714E+01  2.866677E-09
 7.428571E+01  2.803582E-09
 7.571429E+01  2.752061E-09
 7.714286E+01  2.680847E-09
 7.857143E+01  2.631501E-09
 8.000000E+01  2.574107E-09
