10.0 0.008240466
11.42857 0.01009196
12.85714 0.01184414
14.28571 0.01333005
15.71429 0.01481107
17.14286 0.01599548
18.57143 0.01657654
20.0 0.01734148
21.42857 0.01721778
22.85714 0.01683588
24.28571 0.01611916
25.71429 0.015287
27.14286 0.01353631
28.57143 0.01181942
30.0 0.010117370439903907
31.42857 0.007934438
32.85714 0.00593593
34.28571 0.004311502
35.71429 0.002710114
37.14286 0.001399001
38.57143 0.0004339506
40.0 6.673932e-06
41.42857 3.852637e-08
42.85714 3.799456e-08
44.28571 3.67612e-08
45.71429 3.573284e-08
47.14286 3.475344e-08
48.57143 3.386672e-08
50.0 3.310473e-08
51.42857 3.221424e-08
52.85714 3.131502e-08
54.28571 3.073867e-08
55.71429 2.994532e-08
57.14286 2.914963e-08
58.57143 2.840552e-08
60.0 2.790488e-08
61.42857 2.720059e-08
62.85714 2.6751e-08
64.28571 2.606227e-08
65.71429 2.561758e-08
67.14286 2.49643e-08
68.57143 2.446012e-08
70.0 2.405346e-08
71.42857 2.355498e-08
72.85714 2.313726e-08
74.28571 2.261056e-08
75.71429 2.224941e-08
77.14286 2.185124e-08
78.57143 2.148587e-08
80.0 2.097373e-08
