 1.000000E+01  3.350391E-04
 1.142857E+01  4.159879E-04
 1.285714E+01  5.001428E-04
 1.428571E+01  5.757061E-04
 1.571429E+01  5.938092E-04
 1.714286E+01  7.397442E-04
 1.857143E+01  8.112283E-04
 2.000000E+01  8.765388E-04
 2.142857E+01  9.277878E-04
 2.285714E+01  9.474922E-04
 2.428571E+01  9.682324E-04
 2.571429E+01  1.003530E-03
 2.714286E+01  1.012753E-03
 2.857143E+01  1.006801E-03
 3.000000E+01  9.577253E-04
 3.142857E+01  9.042075E-04
 3.285714E+01  8.384133E-04
 3.428571E+01  7.738086E-04
 3.571429E+01  6.783609E-04
 3.714286E+01  6.051548E-04
 3.857143E+01  4.927306E-04
 4.000000E+01  4.077216E-04
 4.142857E+01  3.274187E-04
 4.285714E+01  2.502386E-04
 4.428571E+01  1.719707E-04
 4.571429E+01  1.053309E-04
 4.714286E+01  4.979488E-05
 4.857143E+01  1.344768E-05
 5.000000E+01  2.343799E-09
 5.142857E+01  2.264354E-09
 5.285714E+01  2.230392E-09
 5.428571E+01  2.187955E-09
 5.571429E+01  2.133844E-09
 5.714286E+01  2.082588E-09
 5.857143E+01  2.046888E-09
 6.000000E+01  2.006515E-09
 6.142857E+01  1.952638E-09
 6.285714E+01  1.913097E-09
 6.428571E+01  1.879581E-09
 6.571429E+01  1.834462E-09
 6.714286E+01  1.806115E-09
 6.857143E+01  1.776169E-09
 7.000000E+01  1.735606E-09
 7.142857E+01  1.701320E-09
 7.285714E+01  1.668866E-09
 7.428571E+01  1.640287E-09
 7.571429E+01  1.609252E-09
 7.714286E+01  1.582188E-09
 7.857143E+01  1.554811E-09
 8.000000E+01  1.531409E-09
