 1.000000E+01  3.256982E-04
 1.142857E+01  4.164626E-04
 1.285714E+01  4.983761E-04
 1.428571E+01  5.860532E-04
 1.571429E+01  6.692783E-04
 1.714286E+01  7.454194E-04
 1.857143E+01  8.183575E-04
 2.000000E+01  8.839883E-04
 2.142857E+01  9.246402E-04
 2.285714E+01  9.764288E-04
 2.428571E+01  9.907045E-04
 2.571429E+01  1.016202E-03
 2.714286E+01  1.002659E-03
 2.857143E+01  9.715250E-04
 3.000000E+01  9.591481E-04
 3.142857E+01  9.063239E-04
 3.285714E+01  8.379726E-04
 3.428571E+01  7.731955E-04
 3.571429E+01  6.927663E-04
 3.714286E+01  5.975729E-04
 3.857143E+01  5.085892E-04
 4.000000E+01  4.107033E-04
 4.142857E+01  3.324101E-04
 4.285714E+01  2.454454E-04
 4.428571E+01  1.706794E-04
 4.571429E+01  1.046843E-04
 4.714286E+01  4.980901E-05
 4.857143E+01  1.347078E-05
 5.000000E+01  2.348584E-09
 5.142857E+01  2.278412E-09
 5.285714E+01  2.229790E-09
 5.428571E+01  2.178327E-09
 5.571429E+01  2.139627E-09
 5.714286E+01  2.077420E-09
 5.857143E+01  2.049131E-09
 6.000000E+01  1.997740E-09
 6.142857E+01  1.952364E-09
 6.285714E+01  1.913888E-09
 6.428571E+01  1.873026E-09
 6.571429E+01  1.838054E-09
 6.714286E+01  1.795614E-09
 6.857143E+01  1.771726E-09
 7.000000E+01  1.733780E-09
 7.142857E+01  1.704695E-09
 7.285714E+01  1.668667E-09
 7.428571E+01  1.642315E-09
 7.571429E+01  1.612217E-09
 7.714286E+01  1.580081E-09
 7.857143E+01  1.555441E-09
 8.000000E+01  1.527166E-09
