 1.000000E+01  1.538113E-03
 1.142857E+01  1.265389E-03
 1.285714E+01  1.033412E-03
 1.428571E+01  7.704590E-04
 1.571429E+01  5.899634E-04
 1.714286E+01  4.137282E-04
 1.857143E+01  2.758821E-04
 2.000000E+01  1.644695E-04
 2.142857E+01  8.896019E-05
 2.285714E+01  3.826786E-05
 2.428571E+01  1.307905E-05
 2.571429E+01  1.872323E-06
 2.714286E+01  4.902147E-09
 2.857143E+01  4.349315E-09
 3.000000E+01  4.187991E-09
 3.142857E+01  3.962830E-09
 3.285714E+01  3.778522E-09
 3.428571E+01  3.577356E-09
 3.571429E+01  3.398587E-09
 3.714286E+01  3.220170E-09
 3.857143E+01  3.103975E-09
 4.000000E+01  2.965645E-09
 4.142857E+01  2.842547E-09
 4.285714E+01  2.715337E-09
 4.428571E+01  2.600367E-09
 4.571429E+01  2.494144E-09
 4.714286E+01  2.396601E-09
 4.857143E+01  2.312028E-09
 5.000000E+01  2.225216E-09
 5.142857E+01  2.139804E-09
 5.285714E+01  2.064403E-09
 5.428571E+01  1.983075E-09
 5.571429E+01  1.906880E-09
 5.714286E+01  1.835424E-09
 5.857143E+01  1.773413E-09
 6.000000E+01  1.715969E-09
 6.142857E+01  1.660402E-09
 6.285714E+01  1.609901E-09
 6.428571E+01  1.557779E-09
 6.571429E+01  1.507082E-09
 6.714286E+01  1.454843E-09
 6.857143E+01  1.406922E-09
 7.000000E+01  1.370878E-09
 7.142857E+01  1.332761E-09
 7.285714E+01  1.279440E-09
 7.428571E+01  1.249880E-09
 7.571429E+01  1.209681E-09
 7.714286E+01  1.177002E-09
 7.857143E+01  1.142868E-09
 8.000000E+01  1.113962E-09
