 1.000000E+01  1.554395E-03
 1.142857E+01  1.284186E-03
 1.285714E+01  9.847094E-04
 1.428571E+01  8.009728E-04
 1.571429E+01  5.894206E-04
 1.714286E+01  4.189742E-04
 1.857143E+01  2.752567E-04
 2.000000E+01  1.647721E-04
 2.142857E+01  8.896251E-05
 2.285714E+01  3.978710E-05
 2.428571E+01  1.301056E-05
 2.571429E+01  1.865882E-06
 2.714286E+01  4.912202E-09
 2.857143E+01  4.410555E-09
 3.000000E+01  4.173645E-09
 3.142857E+01  3.960080E-09
 3.285714E+01  3.770257E-09
 3.428571E+01  3.575664E-09
 3.571429E+01  3.409428E-09
 3.714286E+01  3.250785E-09
 3.857143E+01  3.081534E-09
 4.000000E+01  2.955112E-09
 4.142857E+01  2.833749E-09
 4.285714E+01  2.710987E-09
 4.428571E+01  2.601724E-09
 4.571429E+01  2.486326E-09
 4.714286E+01  2.390502E-09
 4.857143E+01  2.308017E-09
 5.000000E+01  2.217322E-09
 5.142857E+01  2.127530E-09
 5.285714E+01  2.058122E-09
 5.428571E+01  1.979685E-09
 5.571429E+01  1.910145E-09
 5.714286E+01  1.837894E-09
 5.857143E+01  1.780364E-09
 6.000000E+01  1.718689E-09
 6.142857E+01  1.663335E-09
 6.285714E+01  1.607235E-09
 6.428571E+01  1.557689E-09
 6.571429E+01  1.507517E-09
 6.714286E+01  1.461984E-09
 6.857143E+01  1.408690E-09
 7.000000E+01  1.368511E-09
 7.142857E+01  1.323967E-09
 7.285714E+01  1.286004E-09
 7.428571E+01  1.246305E-09
 7.571429E+01  1.209142E-09
 7.714286E+01  1.178426E-09
 7.857143E+01  1.139867E-09
 8.000000E+01  1.111428E-09
