 1.000000E+01  1.853942E-03
 1.142857E+01  1.653124E-03
 1.285714E+01  1.408347E-03
 1.428571E+01  1.141156E-03
 1.571429E+01  9.498450E-04
 1.714286E+01  7.406144E-04
 1.857143E+01  5.768037E-04
 2.000000E+01  4.246640E-04
 2.142857E+01  2.888127E-04
 2.285714E+01  1.928551E-04
 2.428571E+01  1.144114E-04
 2.571429E+01  6.177927E-05
 2.714286E+01  2.668634E-05
 2.857143E+01  8.293354E-06
 3.000000E+01  9.932991E-07
 3.142857E+01  4.830208E-09
 3.285714E+01  4.608340E-09
 3.428571E+01  4.384021E-09
 3.571429E+01  4.162758E-09
 3.714286E+01  4.000207E-09
 3.857143E+01  3.821412E-09
 4.000000E+01  3.649952E-09
 4.142857E+01  3.509703E-09
 4.285714E+01  3.359541E-09
 4.428571E+01  3.230583E-09
 4.571429E+01  3.106397E-09
 4.714286E+01  2.972426E-09
 4.857143E+01  2.868590E-09
 5.000000E+01  2.763416E-09
 5.142857E+01  2.672527E-09
 5.285714E+01  2.583273E-09
 5.428571E+01  2.484754E-09
 5.571429E+01  2.402578E-09
 5.714286E+01  2.322946E-09
 5.857143E+01  2.244519E-09
 6.000000E+01  2.173345E-09
 6.142857E+01  2.105574E-09
 6.285714E+01  2.036360E-09
 6.428571E+01  1.974076E-09
 6.571429E+01  1.912276E-09
 6.714286E+01  1.860233E-09
 6.857143E+01  1.807322E-09
 7.000000E+01  1.757619E-09
 7.142857E+01  1.707803E-09
 7.285714E+01  1.660806E-09
 7.428571E+01  1.615499E-09
 7.571429E+01  1.560111E-09
 7.714286E+01  1.528543E-09
 7.857143E+01  1.482941E-09
 8.000000E+01  1.445590E-09
