 1.000000E+01  1.394964E-01
 1.142857E+01  1.155516E-01
 1.285714E+01  9.102922E-02
 1.428571E+01  6.765713E-02
 1.571429E+01  4.701062E-02
 1.714286E+01  3.191205E-02
 1.857143E+01  1.848339E-02
 2.000000E+01  1.068239E-02
 2.142857E+01  4.847932E-03
 2.285714E+01  1.675682E-03
 2.428571E+01  2.775949E-04
 2.571429E+01  1.329502E-06
 2.714286E+01  4.391319E-07
 2.857143E+01  4.135162E-07
 3.000000E+01  3.881805E-07
 3.142857E+01  3.683421E-07
 3.285714E+01  3.503673E-07
 3.428571E+01  3.335345E-07
 3.571429E+01  3.165441E-07
 3.714286E+01  3.005371E-07
 3.857143E+01  2.871819E-07
 4.000000E+01  2.747082E-07
 4.142857E+01  2.626097E-07
 4.285714E+01  2.525995E-07
 4.428571E+01  2.404134E-07
 4.571429E+01  2.294070E-07
 4.714286E+01  2.209591E-07
 4.857143E+01  2.126713E-07
 5.000000E+01  2.055872E-07
 5.142857E+01  1.963596E-07
 5.285714E+01  1.886583E-07
 5.428571E+01  1.820378E-07
 5.571429E+01  1.759853E-07
 5.714286E+01  1.696063E-07
 5.857143E+01  1.627633E-07
 6.000000E+01  1.581417E-07
 6.142857E+01  1.526283E-07
 6.285714E+01  1.471079E-07
 6.428571E+01  1.420021E-07
 6.571429E+01  1.376348E-07
 6.714286E+01  1.335903E-07
 6.857143E+01  1.293027E-07
 7.000000E+01  1.250485E-07
 7.142857E+01  1.211102E-07
 7.285714E+01  1.171220E-07
 7.428571E+01  1.139961E-07
 7.571429E+01  1.105872E-07
 7.714286E+01  1.072211E-07
 7.857143E+01  1.041846E-07
 8.000000E+01  1.006862E-07
