 1.000000E+01  1.861093E-03
 1.142857E+01  1.641411E-03
 1.285714E+01  1.411164E-03
 1.428571E+01  1.181161E-03
 1.571429E+01  9.558676E-04
 1.714286E+01  7.584278E-04
 1.857143E+01  5.854557E-04
 2.000000E+01  4.185550E-04
 2.142857E+01  2.936177E-04
 2.285714E+01  1.892030E-04
 2.428571E+01  1.140366E-04
 2.571429E+01  6.133313E-05
 2.714286E+01  2.674665E-05
 2.857143E+01  8.273523E-06
 3.000000E+01  1.041638E-06
 3.142857E+01  4.831014E-09
 3.285714E+01  4.577100E-09
 3.428571E+01  4.374486E-09
 3.571429E+01  4.179185E-09
 3.714286E+01  3.969737E-09
 3.857143E+01  3.814242E-09
 4.000000E+01  3.644181E-09
 4.142857E+01  3.501534E-09
 4.285714E+01  3.364556E-09
 4.428571E+01  3.231513E-09
 4.571429E+01  3.092070E-09
 4.714286E+01  2.973282E-09
 4.857143E+01  2.880206E-09
 5.000000E+01  2.770188E-09
 5.142857E+01  2.682401E-09
 5.285714E+01  2.576981E-09
 5.428571E+01  2.490195E-09
 5.571429E+01  2.402177E-09
 5.714286E+01  2.324238E-09
 5.857143E+01  2.242080E-09
 6.000000E+01  2.187051E-09
 6.142857E+01  2.117297E-09
 6.285714E+01  2.045503E-09
 6.428571E+01  1.987526E-09
 6.571429E+01  1.919103E-09
 6.714286E+01  1.860439E-09
 6.857143E+01  1.810775E-09
 7.000000E+01  1.757698E-09
 7.142857E+01  1.706841E-09
 7.285714E+01  1.655573E-09
 7.428571E+01  1.611375E-09
 7.571429E+01  1.566492E-09
 7.714286E+01  1.516242E-09
 7.857143E+01  1.482880E-09
 8.000000E+01  1.439894E-09
