 1.000000E+01  1.436067E-01
 1.142857E+01  1.134411E-01
 1.285714E+01  8.684861E-02
 1.428571E+01  6.810379E-02
 1.571429E+01  4.783786E-02
 1.714286E+01  3.097828E-02
 1.857143E+01  1.942715E-02
 2.000000E+01  1.065790E-02
 2.142857E+01  4.741741E-03
 2.285714E+01  1.653627E-03
 2.428571E+01  2.733005E-04
 2.571429E+01  1.337239E-06
 2.714286E+01  4.401313E-07
 2.857143E+01  4.127601E-07
 3.000000E+01  3.900568E-07
 3.142857E+01  3.699272E-07
 3.285714E+01  3.500056E-07
 3.428571E+01  3.326610E-07
 3.571429E+01  3.164734E-07
 3.714286E+01  2.997472E-07
 3.857143E+01  2.865430E-07
 4.000000E+01  2.744247E-07
 4.142857E+01  2.618592E-07
 4.285714E+01  2.510831E-07
 4.428571E+01  2.405515E-07
 4.571429E+01  2.301999E-07
 4.714286E+01  2.208824E-07
 4.857143E+01  2.125185E-07
 5.000000E+01  2.038431E-07
 5.142857E+01  1.955859E-07
 5.285714E+01  1.896377E-07
 5.428571E+01  1.824347E-07
 5.571429E+01  1.771755E-07
 5.714286E+01  1.689299E-07
 5.857143E+01  1.641259E-07
 6.000000E+01  1.575272E-07
 6.142857E+01  1.523654E-07
 6.285714E+01  1.470239E-07
 6.428571E+01  1.421096E-07
 6.571429E+01  1.373775E-07
 6.714286E+01  1.329008E-07
 6.857143E+01  1.288392E-07
 7.000000E+01  1.250078E-07
 7.142857E+01  1.209719E-07
 7.285714E+01  1.177867E-07
 7.428571E+01  1.135168E-07
 7.571429E+01  1.104741E-07
 7.714286E+01  1.067128E-07
 7.857143E+01  1.041092E-07
 8.000000E+01  1.012910E-07
