 1.000000E+01  8.179982E-06
 1.100000E+01  6.843986E-06
 1.200000E+01  5.648824E-06
 1.300000E+01  4.564150E-06
 1.400000E+01  3.614971E-06
 1.500000E+01  2.783158E-06
 1.600000E+01  2.078762E-06
 1.700000E+01  1.484987E-06
 1.800000E+01  1.035116E-06
 1.900000E+01  6.760523E-07
 2.000000E+01  4.125723E-07
 2.100000E+01  2.283000E-07
 2.200000E+01  1.109934E-07
 2.300000E+01  4.360833E-08
 2.400000E+01  1.192653E-08
 2.500000E+01  1.427131E-09
 2.600000E+01  2.793433E-11
 2.700000E+01  2.483729E-11
 2.800000E+01  2.359599E-11
 2.900000E+01  2.244542E-11
 3.000000E+01  2.137047E-11
 3.100000E+01  2.042548E-11
 3.200000E+01  1.955995E-11
 3.300000E+01  1.876272E-11
 3.400000E+01  1.798646E-11
 3.500000E+01  1.730861E-11
 3.600000E+01  1.663911E-11
 3.700000E+01  1.602344E-11
 3.800000E+01  1.543872E-11
 3.900000E+01  1.488252E-11
 4.000000E+01  1.435511E-11
 4.100000E+01  1.387615E-11
 4.200000E+01  1.340859E-11
 4.300000E+01  1.295345E-11
 4.400000E+01  1.254625E-11
 4.500000E+01  1.213872E-11
 4.600000E+01  1.174878E-11
 4.700000E+01  1.141028E-11
 4.800000E+01  1.105946E-11
 4.900000E+01  1.072558E-11
 5.000000E+01  1.040535E-11
 5.100000E+01  1.010800E-11
 5.200000E+01  9.836399E-12
 5.300000E+01  9.563974E-12
 5.400000E+01  9.292524E-12
 5.500000E+01  9.037778E-12
 5.600000E+01  8.773836E-12
 5.700000E+01  8.536551E-12
 5.800000E+01  8.320576E-12
 5.900000E+01  8.103947E-12
 6.000000E+01  7.899046E-12
 6.100000E+01  7.701943E-12
 6.200000E+01  7.495357E-12
 6.300000E+01  7.314279E-12
 6.400000E+01  7.133624E-12
 6.500000E+01  6.965346E-12
 6.600000E+01  6.781932E-12
 6.700000E+01  6.628492E-12
 6.800000E+01  6.470134E-12
 6.900000E+01  6.312537E-12
 7.000000E+01  6.157903E-12
 7.100000E+01  6.029921E-12
 7.200000E+01  5.893325E-12
 7.300000E+01  5.762427E-12
 7.400000E+01  5.637587E-12
 7.500000E+01  5.508032E-12
 7.600000E+01  5.387783E-12
 7.700000E+01  5.258664E-12
 7.800000E+01  5.152409E-12
 7.900000E+01  5.041175E-12
 8.000000E+01  4.928848E-12
 8.100000E+01  4.830342E-12
 8.200000E+01  4.728904E-12
 8.300000E+01  4.626709E-12
 8.400000E+01  4.531240E-12
 8.500000E+01  4.443198E-12
 8.600000E+01  4.347727E-12
 8.700000E+01  4.258606E-12
 8.800000E+01  4.179799E-12
 8.900000E+01  4.093928E-12
 9.000000E+01  4.015752E-12
 9.100000E+01  3.938162E-12
 9.200000E+01  3.854692E-12
 9.300000E+01  3.782403E-12
 9.400000E+01  3.717403E-12
 9.500000E+01  3.641961E-12
 9.600000E+01  3.567107E-12
 9.700000E+01  3.509517E-12
 9.800000E+01  3.441559E-12
 9.900000E+01  3.371667E-12
 1.000000E+02  3.311982E-12
 1.010000E+02  3.248727E-12
 1.020000E+02  3.195529E-12
 1.030000E+02  3.138706E-12
 1.040000E+02  3.083325E-12
 1.050000E+02  3.024981E-12
 1.060000E+02  2.976089E-12
 1.070000E+02  2.919932E-12
 1.080000E+02  2.867703E-12
 1.090000E+02  2.818545E-12
 1.100000E+02  2.771882E-12
 1.110000E+02  2.721887E-12
 1.120000E+02  2.671494E-12
 1.130000E+02  2.626645E-12
 1.140000E+02  2.588293E-12
 1.150000E+02  2.540796E-12
 1.160000E+02  2.497217E-12
 1.170000E+02  2.456864E-12
 1.180000E+02  2.415761E-12
 1.190000E+02  2.373960E-12
 1.200000E+02  2.340265E-12
 1.210000E+02  2.301671E-12
 1.220000E+02  2.263387E-12
 1.230000E+02  2.229797E-12
 1.240000E+02  2.192888E-12
 1.250000E+02  2.158715E-12
 1.260000E+02  2.122134E-12
 1.270000E+02  2.089314E-12
 1.280000E+02  2.058888E-12
 1.290000E+02  2.021706E-12
 1.300000E+02  1.987560E-12
 1.310000E+02  1.962701E-12
 1.320000E+02  1.930192E-12
 1.330000E+02  1.899380E-12
 1.340000E+02  1.872721E-12
 1.350000E+02  1.844756E-12
 1.360000E+02  1.814851E-12
 1.370000E+02  1.787543E-12
 1.380000E+02  1.760544E-12
 1.390000E+02  1.732683E-12
 1.400000E+02  1.711223E-12
 1.410000E+02  1.684360E-12
 1.420000E+02  1.660227E-12
 1.430000E+02  1.635292E-12
 1.440000E+02  1.611702E-12
 1.450000E+02  1.583881E-12
 1.460000E+02  1.566793E-12
 1.470000E+02  1.543101E-12
 1.480000E+02  1.519946E-12
 1.490000E+02  1.499891E-12
 1.500000E+02  1.477317E-12
 1.510000E+02  1.456908E-12
 1.520000E+02  1.436683E-12
 1.530000E+02  1.416647E-12
 1.540000E+02  1.396438E-12
 1.550000E+02  1.377350E-12
 1.560000E+02  1.358291E-12
 1.570000E+02  1.339957E-12
 1.580000E+02  1.321917E-12
 1.590000E+02  1.303342E-12
 1.600000E+02  1.285247E-12
 1.610000E+02  1.267407E-12
 1.620000E+02  1.250472E-12
 1.630000E+02  1.233831E-12
 1.640000E+02  1.218195E-12
 1.650000E+02  1.199717E-12
 1.660000E+02  1.185207E-12
 1.670000E+02  1.168176E-12
 1.680000E+02  1.154596E-12
 1.690000E+02  1.138392E-12
 1.700000E+02  1.124623E-12
 1.710000E+02  1.110946E-12
 1.720000E+02  1.093971E-12
 1.730000E+02  1.081261E-12
 1.740000E+02  1.066294E-12
 1.750000E+02  1.053794E-12
 1.760000E+02  1.038786E-12
 1.770000E+02  1.027579E-12
 1.780000E+02  1.013406E-12
 1.790000E+02  1.000793E-12
 1.800000E+02  9.871113E-13
 1.810000E+02  9.753291E-13
 1.820000E+02  9.629164E-13
 1.830000E+02  9.506253E-13
 1.840000E+02  9.381399E-13
 1.850000E+02  9.262024E-13
 1.860000E+02  9.153578E-13
 1.870000E+02  9.039739E-13
 1.880000E+02  8.935266E-13
 1.890000E+02  8.833854E-13
 1.900000E+02  8.718651E-13
 1.910000E+02  8.607000E-13
 1.920000E+02  8.499430E-13
 1.930000E+02  8.405193E-13
 1.940000E+02  8.302258E-13
 1.950000E+02  8.196494E-13
 1.960000E+02  8.095802E-13
 1.970000E+02  8.004739E-13
 1.980000E+02  7.918635E-13
 1.990000E+02  7.818928E-13
 2.000000E+02  7.726032E-13
