 1.000000E+01  2.632163E-05
 1.100000E+01  2.111894E-05
 1.200000E+01  1.643373E-05
 1.300000E+01  1.240236E-05
 1.400000E+01  9.031782E-06
 1.500000E+01  6.303663E-06
 1.600000E+01  4.050103E-06
 1.700000E+01  2.559339E-06
 1.800000E+01  1.432578E-06
 1.900000E+01  7.083882E-07
 2.000000E+01  2.815253E-07
 2.100000E+01  7.862152E-08
 2.200000E+01  9.876975E-09
 2.300000E+01  1.266122E-10
 2.400000E+01  9.977702E-11
 2.500000E+01  9.396203E-11
 2.600000E+01  8.904744E-11
 2.700000E+01  8.452492E-11
 2.800000E+01  8.024039E-11
 2.900000E+01  7.638960E-11
 3.000000E+01  7.293710E-11
 3.100000E+01  6.984364E-11
 3.200000E+01  6.684654E-11
 3.300000E+01  6.408447E-11
 3.400000E+01  6.148685E-11
 3.500000E+01  5.902375E-11
 3.600000E+01  5.675346E-11
 3.700000E+01  5.454449E-11
 3.800000E+01  5.254564E-11
 3.900000E+01  5.060432E-11
 4.000000E+01  4.894645E-11
 4.100000E+01  4.712407E-11
 4.200000E+01  4.548419E-11
 4.300000E+01  4.399896E-11
 4.400000E+01  4.248919E-11
 4.500000E+01  4.110820E-11
 4.600000E+01  3.979094E-11
 4.700000E+01  3.852813E-11
 4.800000E+01  3.730405E-11
 4.900000E+01  3.618239E-11
 5.000000E+01  3.509102E-11
 5.100000E+01  3.404519E-11
 5.200000E+01  3.296672E-11
 5.300000E+01  3.208957E-11
 5.400000E+01  3.110286E-11
 5.500000E+01  3.023707E-11
 5.600000E+01  2.941577E-11
 5.700000E+01  2.861995E-11
 5.800000E+01  2.781791E-11
 5.900000E+01  2.703322E-11
 6.000000E+01  2.634317E-11
 6.100000E+01  2.563376E-11
 6.200000E+01  2.496247E-11
 6.300000E+01  2.431007E-11
 6.400000E+01  2.368223E-11
 6.500000E+01  2.307860E-11
 6.600000E+01  2.251093E-11
 6.700000E+01  2.194307E-11
 6.800000E+01  2.143347E-11
 6.900000E+01  2.091420E-11
 7.000000E+01  2.038762E-11
 7.100000E+01  1.987238E-11
 7.200000E+01  1.939660E-11
 7.300000E+01  1.893915E-11
 7.400000E+01  1.853232E-11
 7.500000E+01  1.808824E-11
 7.600000E+01  1.766182E-11
 7.700000E+01  1.729383E-11
 7.800000E+01  1.688640E-11
 7.900000E+01  1.652211E-11
 8.000000E+01  1.615305E-11
 8.100000E+01  1.578970E-11
 8.200000E+01  1.544954E-11
 8.300000E+01  1.511539E-11
 8.400000E+01  1.479883E-11
 8.500000E+01  1.448860E-11
 8.600000E+01  1.416403E-11
 8.700000E+01  1.387255E-11
 8.800000E+01  1.359495E-11
 8.900000E+01  1.330010E-11
 9.000000E+01  1.302095E-11
 9.100000E+01  1.277280E-11
 9.200000E+01  1.248773E-11
 9.300000E+01  1.223413E-11
 9.400000E+01  1.201073E-11
 9.500000E+01  1.175885E-11
 9.600000E+01  1.154124E-11
 9.700000E+01  1.131069E-11
 9.800000E+01  1.109342E-11
 9.900000E+01  1.088629E-11
 1.000000E+02  1.067903E-11
 1.010000E+02  1.047683E-11
 1.020000E+02  1.026113E-11
 1.030000E+02  1.006668E-11
 1.040000E+02  9.881539E-12
 1.050000E+02  9.707532E-12
 1.060000E+02  9.516837E-12
 1.070000E+02  9.343946E-12
 1.080000E+02  9.181633E-12
 1.090000E+02  9.017957E-12
 1.100000E+02  8.847062E-12
 1.110000E+02  8.700457E-12
 1.120000E+02  8.531186E-12
 1.130000E+02  8.396293E-12
 1.140000E+02  8.239373E-12
 1.150000E+02  8.092955E-12
 1.160000E+02  7.949739E-12
 1.170000E+02  7.819472E-12
 1.180000E+02  7.686970E-12
 1.190000E+02  7.542912E-12
 1.200000E+02  7.427155E-12
 1.210000E+02  7.278261E-12
 1.220000E+02  7.160799E-12
 1.230000E+02  7.053427E-12
 1.240000E+02  6.944506E-12
 1.250000E+02  6.807868E-12
 1.260000E+02  6.702921E-12
 1.270000E+02  6.592786E-12
 1.280000E+02  6.478489E-12
 1.290000E+02  6.385333E-12
 1.300000E+02  6.283944E-12
 1.310000E+02  6.168128E-12
 1.320000E+02  6.072845E-12
 1.330000E+02  5.987531E-12
 1.340000E+02  5.886623E-12
 1.350000E+02  5.795086E-12
 1.360000E+02  5.693346E-12
 1.370000E+02  5.606635E-12
 1.380000E+02  5.523172E-12
 1.390000E+02  5.435752E-12
 1.400000E+02  5.349483E-12
 1.410000E+02  5.272210E-12
 1.420000E+02  5.191062E-12
 1.430000E+02  5.108422E-12
 1.440000E+02  5.034469E-12
 1.450000E+02  4.957842E-12
 1.460000E+02  4.883542E-12
 1.470000E+02  4.811911E-12
 1.480000E+02  4.738099E-12
 1.490000E+02  4.668042E-12
 1.500000E+02  4.595783E-12
 1.510000E+02  4.528994E-12
 1.520000E+02  4.462239E-12
 1.530000E+02  4.396318E-12
 1.540000E+02  4.333483E-12
 1.550000E+02  4.276498E-12
 1.560000E+02  4.215573E-12
 1.570000E+02  4.147206E-12
 1.580000E+02  4.087677E-12
 1.590000E+02  4.029000E-12
 1.600000E+02  3.975893E-12
 1.610000E+02  3.923484E-12
 1.620000E+02  3.861450E-12
 1.630000E+02  3.813160E-12
 1.640000E+02  3.757094E-12
 1.650000E+02  3.704065E-12
 1.660000E+02  3.651989E-12
 1.670000E+02  3.599668E-12
 1.680000E+02  3.550673E-12
 1.690000E+02  3.502209E-12
 1.700000E+02  3.458539E-12
 1.710000E+02  3.404916E-12
 1.720000E+02  3.363538E-12
 1.730000E+02  3.317699E-12
 1.740000E+02  3.272117E-12
 1.750000E+02  3.225876E-12
 1.760000E+02  3.186636E-12
 1.770000E+02  3.139827E-12
 1.780000E+02  3.099805E-12
 1.790000E+02  3.062702E-12
 1.800000E+02  3.020712E-12
 1.810000E+02  2.981322E-12
 1.820000E+02  2.937740E-12
 1.830000E+02  2.900131E-12
 1.840000E+02  2.861188E-12
 1.850000E+02  2.826798E-12
 1.860000E+02  2.788642E-12
 1.870000E+02  2.754530E-12
 1.880000E+02  2.721508E-12
 1.890000E+02  2.685691E-12
 1.900000E+02  2.649920E-12
 1.910000E+02  2.613612E-12
 1.920000E+02  2.584521E-12
 1.930000E+02  2.548682E-12
 1.940000E+02  2.515831E-12
 1.950000E+02  2.484859E-12
 1.960000E+02  2.454132E-12
 1.970000E+02  2.425411E-12
 1.980000E+02  2.393054E-12
 1.990000E+02  2.366566E-12
 2.000000E+02  2.334591E-12
