 1.000000E+01  2.985108E-05
 1.100000E+01  2.617007E-05
 1.200000E+01  2.255176E-05
 1.300000E+01  1.922328E-05
 1.400000E+01  1.621995E-05
 1.500000E+01  1.340798E-05
 1.600000E+01  1.086398E-05
 1.700000E+01  8.695001E-06
 1.800000E+01  6.781922E-06
 1.900000E+01  5.171378E-06
 2.000000E+01  3.817094E-06
 2.100000E+01  2.719216E-06
 2.200000E+01  1.844480E-06
 2.300000E+01  1.191091E-06
 2.400000E+01  7.131052E-07
 2.500000E+01  3.868372E-07
 2.600000E+01  1.814464E-07
 2.700000E+01  6.791375E-08
 2.800000E+01  1.692582E-08
 2.900000E+01  1.597340E-09
 3.000000E+01  7.776525E-11
 3.100000E+01  7.413129E-11
 3.200000E+01  7.085369E-11
 3.300000E+01  6.781181E-11
 3.400000E+01  6.503670E-11
 3.500000E+01  6.245937E-11
 3.600000E+01  6.015040E-11
 3.700000E+01  5.786507E-11
 3.800000E+01  5.574012E-11
 3.900000E+01  5.384453E-11
 4.000000E+01  5.193874E-11
 4.100000E+01  5.029026E-11
 4.200000E+01  4.857829E-11
 4.300000E+01  4.701819E-11
 4.400000E+01  4.556179E-11
 4.500000E+01  4.410710E-11
 4.600000E+01  4.279607E-11
 4.700000E+01  4.147925E-11
 4.800000E+01  4.034641E-11
 4.900000E+01  3.913657E-11
 5.000000E+01  3.804189E-11
 5.100000E+01  3.697759E-11
 5.200000E+01  3.586382E-11
 5.300000E+01  3.502365E-11
 5.400000E+01  3.402505E-11
 5.500000E+01  3.310347E-11
 5.600000E+01  3.226217E-11
 5.700000E+01  3.143571E-11
 5.800000E+01  3.065410E-11
 5.900000E+01  2.986673E-11
 6.000000E+01  2.913734E-11
 6.100000E+01  2.840082E-11
 6.200000E+01  2.774250E-11
 6.300000E+01  2.701575E-11
 6.400000E+01  2.642665E-11
 6.500000E+01  2.580719E-11
 6.600000E+01  2.517807E-11
 6.700000E+01  2.460109E-11
 6.800000E+01  2.409223E-11
 6.900000E+01  2.354034E-11
 7.000000E+01  2.296054E-11
 7.100000E+01  2.251009E-11
 7.200000E+01  2.197938E-11
 7.300000E+01  2.149676E-11
 7.400000E+01  2.104006E-11
 7.500000E+01  2.059952E-11
 7.600000E+01  2.016056E-11
 7.700000E+01  1.975272E-11
 7.800000E+01  1.933770E-11
 7.900000E+01  1.894996E-11
 8.000000E+01  1.855745E-11
 8.100000E+01  1.818772E-11
 8.200000E+01  1.783482E-11
 8.300000E+01  1.746994E-11
 8.400000E+01  1.715183E-11
 8.500000E+01  1.677948E-11
 8.600000E+01  1.647771E-11
 8.700000E+01  1.613698E-11
 8.800000E+01  1.583210E-11
 8.900000E+01  1.553183E-11
 9.000000E+01  1.523522E-11
 9.100000E+01  1.497542E-11
 9.200000E+01  1.467838E-11
 9.300000E+01  1.440568E-11
 9.400000E+01  1.415807E-11
 9.500000E+01  1.386689E-11
 9.600000E+01  1.363574E-11
 9.700000E+01  1.340186E-11
 9.800000E+01  1.316621E-11
 9.900000E+01  1.291898E-11
 1.000000E+02  1.270416E-11
 1.010000E+02  1.246439E-11
 1.020000E+02  1.227277E-11
 1.030000E+02  1.203755E-11
 1.040000E+02  1.182716E-11
 1.050000E+02  1.163647E-11
 1.060000E+02  1.143568E-11
 1.070000E+02  1.124327E-11
 1.080000E+02  1.106054E-11
 1.090000E+02  1.088666E-11
 1.100000E+02  1.071338E-11
 1.110000E+02  1.051874E-11
 1.120000E+02  1.035542E-11
 1.130000E+02  1.018972E-11
 1.140000E+02  1.002009E-11
 1.150000E+02  9.855163E-12
 1.160000E+02  9.703804E-12
 1.170000E+02  9.532260E-12
 1.180000E+02  9.378128E-12
 1.190000E+02  9.238154E-12
 1.200000E+02  9.117012E-12
 1.210000E+02  8.968332E-12
 1.220000E+02  8.817476E-12
 1.230000E+02  8.689789E-12
 1.240000E+02  8.553843E-12
 1.250000E+02  8.414798E-12
 1.260000E+02  8.297708E-12
 1.270000E+02  8.170677E-12
 1.280000E+02  8.049572E-12
 1.290000E+02  7.928250E-12
 1.300000E+02  7.808771E-12
 1.310000E+02  7.702193E-12
 1.320000E+02  7.585844E-12
 1.330000E+02  7.474745E-12
 1.340000E+02  7.367708E-12
 1.350000E+02  7.260905E-12
 1.360000E+02  7.158600E-12
 1.370000E+02  7.050165E-12
 1.380000E+02  6.951298E-12
 1.390000E+02  6.849621E-12
 1.400000E+02  6.756749E-12
 1.410000E+02  6.667352E-12
 1.420000E+02  6.562268E-12
 1.430000E+02  6.471882E-12
 1.440000E+02  6.395095E-12
 1.450000E+02  6.297854E-12
 1.460000E+02  6.214752E-12
 1.470000E+02  6.141777E-12
 1.480000E+02  6.051754E-12
 1.490000E+02  5.958829E-12
 1.500000E+02  5.884498E-12
 1.510000E+02  5.807462E-12
 1.520000E+02  5.733916E-12
 1.530000E+02  5.645242E-12
 1.540000E+02  5.573484E-12
 1.550000E+02  5.497976E-12
 1.560000E+02  5.425477E-12
 1.570000E+02  5.360821E-12
 1.580000E+02  5.292378E-12
 1.590000E+02  5.222154E-12
 1.600000E+02  5.150864E-12
 1.610000E+02  5.081937E-12
 1.620000E+02  5.020638E-12
 1.630000E+02  4.949651E-12
 1.640000E+02  4.889877E-12
 1.650000E+02  4.836801E-12
 1.660000E+02  4.767281E-12
 1.670000E+02  4.708971E-12
 1.680000E+02  4.650818E-12
 1.690000E+02  4.593442E-12
 1.700000E+02  4.528255E-12
 1.710000E+02  4.477483E-12
 1.720000E+02  4.417769E-12
 1.730000E+02  4.365727E-12
 1.740000E+02  4.309223E-12
 1.750000E+02  4.252799E-12
 1.760000E+02  4.207558E-12
 1.770000E+02  4.148450E-12
 1.780000E+02  4.104406E-12
 1.790000E+02  4.052810E-12
 1.800000E+02  4.001546E-12
 1.810000E+02  3.959187E-12
 1.820000E+02  3.911305E-12
 1.830000E+02  3.865924E-12
 1.840000E+02  3.822458E-12
 1.850000E+02  3.775945E-12
 1.860000E+02  3.733058E-12
 1.870000E+02  3.689500E-12
 1.880000E+02  3.640620E-12
 1.890000E+02  3.595399E-12
 1.900000E+02  3.555366E-12
 1.910000E+02  3.521658E-12
 1.920000E+02  3.483362E-12
 1.930000E+02  3.434280E-12
 1.940000E+02  3.397708E-12
 1.950000E+02  3.349678E-12
 1.960000E+02  3.323405E-12
 1.970000E+02  3.280632E-12
 1.980000E+02  3.246333E-12
 1.990000E+02  3.213338E-12
 2.000000E+02  3.174356E-12
