 1.000000E+01  1.875642E-06
 1.100000E+01  1.549190E-06
 1.200000E+01  1.249797E-06
 1.300000E+01  9.839722E-07
 1.400000E+01  7.572116E-07
 1.500000E+01  5.615380E-07
 1.600000E+01  4.047533E-07
 1.700000E+01  2.768427E-07
 1.800000E+01  1.794602E-07
 1.900000E+01  1.078746E-07
 2.000000E+01  5.863447E-08
 2.100000E+01  2.771276E-08
 2.200000E+01  1.041268E-08
 2.300000E+01  2.588058E-09
 2.400000E+01  2.404085E-10
 2.500000E+01  6.487917E-12
 2.600000E+01  6.109933E-12
 2.700000E+01  5.785778E-12
 2.800000E+01  5.498212E-12
 2.900000E+01  5.241652E-12
 3.000000E+01  4.993886E-12
 3.100000E+01  4.782458E-12
 3.200000E+01  4.569743E-12
 3.300000E+01  4.382951E-12
 3.400000E+01  4.209850E-12
 3.500000E+01  4.042659E-12
 3.600000E+01  3.889364E-12
 3.700000E+01  3.743077E-12
 3.800000E+01  3.610353E-12
 3.900000E+01  3.478034E-12
 4.000000E+01  3.357891E-12
 4.100000E+01  3.239412E-12
 4.200000E+01  3.129829E-12
 4.300000E+01  3.024804E-12
 4.400000E+01  2.929610E-12
 4.500000E+01  2.829089E-12
 4.600000E+01  2.741227E-12
 4.700000E+01  2.658789E-12
 4.800000E+01  2.576729E-12
 4.900000E+01  2.499397E-12
 5.000000E+01  2.421197E-12
 5.100000E+01  2.354694E-12
 5.200000E+01  2.286413E-12
 5.300000E+01  2.218592E-12
 5.400000E+01  2.156428E-12
 5.500000E+01  2.097372E-12
 5.600000E+01  2.040927E-12
 5.700000E+01  1.986001E-12
 5.800000E+01  1.929703E-12
 5.900000E+01  1.879889E-12
 6.000000E+01  1.828949E-12
 6.100000E+01  1.783281E-12
 6.200000E+01  1.735932E-12
 6.300000E+01  1.691805E-12
 6.400000E+01  1.649648E-12
 6.500000E+01  1.608850E-12
 6.600000E+01  1.567855E-12
 6.700000E+01  1.532647E-12
 6.800000E+01  1.494846E-12
 6.900000E+01  1.458755E-12
 7.000000E+01  1.424684E-12
 7.100000E+01  1.389744E-12
 7.200000E+01  1.358157E-12
 7.300000E+01  1.328376E-12
 7.400000E+01  1.295178E-12
 7.500000E+01  1.267552E-12
 7.600000E+01  1.240414E-12
 7.700000E+01  1.212155E-12
 7.800000E+01  1.185360E-12
 7.900000E+01  1.159956E-12
 8.000000E+01  1.134417E-12
 8.100000E+01  1.109684E-12
 8.200000E+01  1.085873E-12
 8.300000E+01  1.062813E-12
 8.400000E+01  1.041515E-12
 8.500000E+01  1.020352E-12
 8.600000E+01  9.994545E-13
 8.700000E+01  9.772230E-13
 8.800000E+01  9.574825E-13
 8.900000E+01  9.385302E-13
 9.000000E+01  9.198109E-13
 9.100000E+01  9.023109E-13
 9.200000E+01  8.829158E-13
 9.300000E+01  8.658380E-13
 9.400000E+01  8.505532E-13
 9.500000E+01  8.333669E-13
 9.600000E+01  8.173568E-13
 9.700000E+01  8.020311E-13
 9.800000E+01  7.854287E-13
 9.900000E+01  7.721488E-13
 1.000000E+02  7.572451E-13
 1.010000E+02  7.437327E-13
 1.020000E+02  7.283160E-13
 1.030000E+02  7.172990E-13
 1.040000E+02  7.022425E-13
 1.050000E+02  6.906694E-13
 1.060000E+02  6.769530E-13
 1.070000E+02  6.644028E-13
 1.080000E+02  6.533443E-13
 1.090000E+02  6.428109E-13
 1.100000E+02  6.314941E-13
 1.110000E+02  6.194366E-13
 1.120000E+02  6.087928E-13
 1.130000E+02  5.990591E-13
 1.140000E+02  5.881341E-13
 1.150000E+02  5.775630E-13
 1.160000E+02  5.682547E-13
 1.170000E+02  5.584331E-13
 1.180000E+02  5.491726E-13
 1.190000E+02  5.406446E-13
 1.200000E+02  5.313533E-13
 1.210000E+02  5.218372E-13
 1.220000E+02  5.139336E-13
 1.230000E+02  5.048984E-13
 1.240000E+02  4.971449E-13
 1.250000E+02  4.884997E-13
 1.260000E+02  4.816617E-13
 1.270000E+02  4.727905E-13
 1.280000E+02  4.657439E-13
 1.290000E+02  4.586509E-13
 1.300000E+02  4.511373E-13
 1.310000E+02  4.438087E-13
 1.320000E+02  4.369622E-13
 1.330000E+02  4.300174E-13
 1.340000E+02  4.235783E-13
 1.350000E+02  4.171801E-13
 1.360000E+02  4.104537E-13
 1.370000E+02  4.039729E-13
 1.380000E+02  3.986995E-13
 1.390000E+02  3.922159E-13
 1.400000E+02  3.858487E-13
 1.410000E+02  3.805391E-13
 1.420000E+02  3.750731E-13
 1.430000E+02  3.698756E-13
 1.440000E+02  3.641302E-13
 1.450000E+02  3.581865E-13
 1.460000E+02  3.530923E-13
 1.470000E+02  3.480039E-13
 1.480000E+02  3.432400E-13
 1.490000E+02  3.373659E-13
 1.500000E+02  3.328424E-13
 1.510000E+02  3.281193E-13
 1.520000E+02  3.234436E-13
 1.530000E+02  3.191064E-13
 1.540000E+02  3.141712E-13
 1.550000E+02  3.095612E-13
 1.560000E+02  3.057915E-13
 1.570000E+02  3.016511E-13
 1.580000E+02  2.972722E-13
 1.590000E+02  2.931467E-13
 1.600000E+02  2.887990E-13
 1.610000E+02  2.848158E-13
 1.620000E+02  2.807560E-13
 1.630000E+02  2.771804E-13
 1.640000E+02  2.734095E-13
 1.650000E+02  2.694554E-13
 1.660000E+02  2.659987E-13
 1.670000E+02  2.621490E-13
 1.680000E+02  2.585916E-13
 1.690000E+02  2.552722E-13
 1.700000E+02  2.522518E-13
 1.710000E+02  2.487051E-13
 1.720000E+02  2.451270E-13
 1.730000E+02  2.421474E-13
 1.740000E+02  2.386434E-13
 1.750000E+02  2.359029E-13
 1.760000E+02  2.329191E-13
 1.770000E+02  2.296480E-13
 1.780000E+02  2.267894E-13
 1.790000E+02  2.240873E-13
 1.800000E+02  2.207839E-13
 1.810000E+02  2.186410E-13
 1.820000E+02  2.154310E-13
 1.830000E+02  2.125863E-13
 1.840000E+02  2.099357E-13
 1.850000E+02  2.070863E-13
 1.860000E+02  2.045228E-13
 1.870000E+02  2.023825E-13
 1.880000E+02  1.996775E-13
 1.890000E+02  1.970058E-13
 1.900000E+02  1.945537E-13
 1.910000E+02  1.922404E-13
 1.920000E+02  1.898665E-13
 1.930000E+02  1.873952E-13
 1.940000E+02  1.853746E-13
 1.950000E+02  1.831840E-13
 1.960000E+02  1.807042E-13
 1.970000E+02  1.787049E-13
 1.980000E+02  1.763022E-13
 1.990000E+02  1.742500E-13
 2.000000E+02  1.718749E-13
