 1.000000E+01  8.136356E-06
 1.100000E+01  6.865550E-06
 1.200000E+01  5.649438E-06
 1.300000E+01  4.561413E-06
 1.400000E+01  3.607845E-06
 1.500000E+01  2.780941E-06
 1.600000E+01  2.074829E-06
 1.700000E+01  1.498366E-06
 1.800000E+01  1.032322E-06
 1.900000E+01  6.762901E-07
 2.000000E+01  4.125131E-07
 2.100000E+01  2.277524E-07
 2.200000E+01  1.110046E-07
 2.300000E+01  4.365062E-08
 2.400000E+01  1.191644E-08
 2.500000E+01  1.427272E-09
 2.600000E+01  2.792795E-11
 2.700000E+01  2.482795E-11
 2.800000E+01  2.355951E-11
 2.900000E+01  2.241787E-11
 3.000000E+01  2.137343E-11
 3.100000E+01  2.042948E-11
 3.200000E+01  1.953345E-11
 3.300000E+01  1.873875E-11
 3.400000E+01  1.798945E-11
 3.500000E+01  1.726010E-11
 3.600000E+01  1.662958E-11
 3.700000E+01  1.600696E-11
 3.800000E+01  1.541302E-11
 3.900000E+01  1.488323E-11
 4.000000E+01  1.436062E-11
 4.100000E+01  1.386459E-11
 4.200000E+01  1.340458E-11
 4.300000E+01  1.297907E-11
 4.400000E+01  1.255059E-11
 4.500000E+01  1.215829E-11
 4.600000E+01  1.175403E-11
 4.700000E+01  1.140526E-11
 4.800000E+01  1.105647E-11
 4.900000E+01  1.072720E-11
 5.000000E+01  1.041551E-11
 5.100000E+01  1.011854E-11
 5.200000E+01  9.822130E-12
 5.300000E+01  9.557525E-12
 5.400000E+01  9.275771E-12
 5.500000E+01  9.044306E-12
 5.600000E+01  8.777625E-12
 5.700000E+01  8.539851E-12
 5.800000E+01  8.326512E-12
 5.900000E+01  8.110632E-12
 6.000000E+01  7.900016E-12
 6.100000E+01  7.692904E-12
 6.200000E+01  7.509722E-12
 6.300000E+01  7.319935E-12
 6.400000E+01  7.130692E-12
 6.500000E+01  6.959848E-12
 6.600000E+01  6.795152E-12
 6.700000E+01  6.624552E-12
 6.800000E+01  6.472223E-12
 6.900000E+01  6.318956E-12
 7.000000E+01  6.164655E-12
 7.100000E+01  6.024631E-12
 7.200000E+01  5.892500E-12
 7.300000E+01  5.761512E-12
 7.400000E+01  5.626138E-12
 7.500000E+01  5.505283E-12
 7.600000E+01  5.377995E-12
 7.700000E+01  5.269691E-12
 7.800000E+01  5.146484E-12
 7.900000E+01  5.037814E-12
 8.000000E+01  4.933633E-12
 8.100000E+01  4.828550E-12
 8.200000E+01  4.724379E-12
 8.300000E+01  4.626459E-12
 8.400000E+01  4.532510E-12
 8.500000E+01  4.441751E-12
 8.600000E+01  4.352980E-12
 8.700000E+01  4.256927E-12
 8.800000E+01  4.175299E-12
 8.900000E+01  4.095173E-12
 9.000000E+01  4.010444E-12
 9.100000E+01  3.936717E-12
 9.200000E+01  3.858385E-12
 9.300000E+01  3.785742E-12
 9.400000E+01  3.707331E-12
 9.500000E+01  3.639025E-12
 9.600000E+01  3.574343E-12
 9.700000E+01  3.506606E-12
 9.800000E+01  3.438955E-12
 9.900000E+01  3.371335E-12
 1.000000E+02  3.307318E-12
 1.010000E+02  3.256668E-12
 1.020000E+02  3.192885E-12
 1.030000E+02  3.134802E-12
 1.040000E+02  3.078905E-12
 1.050000E+02  3.024373E-12
 1.060000E+02  2.968551E-12
 1.070000E+02  2.919794E-12
 1.080000E+02  2.867086E-12
 1.090000E+02  2.812400E-12
 1.100000E+02  2.768320E-12
 1.110000E+02  2.723423E-12
 1.120000E+02  2.676410E-12
 1.130000E+02  2.632129E-12
 1.140000E+02  2.587279E-12
 1.150000E+02  2.542310E-12
 1.160000E+02  2.497133E-12
 1.170000E+02  2.458408E-12
 1.180000E+02  2.418386E-12
 1.190000E+02  2.380086E-12
 1.200000E+02  2.338183E-12
 1.210000E+02  2.297295E-12
 1.220000E+02  2.261501E-12
 1.230000E+02  2.227289E-12
 1.240000E+02  2.191436E-12
 1.250000E+02  2.154256E-12
 1.260000E+02  2.119950E-12
 1.270000E+02  2.092400E-12
 1.280000E+02  2.056029E-12
 1.290000E+02  2.020505E-12
 1.300000E+02  1.988290E-12
 1.310000E+02  1.964160E-12
 1.320000E+02  1.934156E-12
 1.330000E+02  1.900032E-12
 1.340000E+02  1.871792E-12
 1.350000E+02  1.843490E-12
 1.360000E+02  1.816935E-12
 1.370000E+02  1.787590E-12
 1.380000E+02  1.760383E-12
 1.390000E+02  1.735913E-12
 1.400000E+02  1.709062E-12
 1.410000E+02  1.686282E-12
 1.420000E+02  1.659646E-12
 1.430000E+02  1.635040E-12
 1.440000E+02  1.610914E-12
 1.450000E+02  1.588697E-12
 1.460000E+02  1.563361E-12
 1.470000E+02  1.544202E-12
 1.480000E+02  1.520187E-12
 1.490000E+02  1.499735E-12
 1.500000E+02  1.476377E-12
 1.510000E+02  1.458053E-12
 1.520000E+02  1.435419E-12
 1.530000E+02  1.416477E-12
 1.540000E+02  1.395690E-12
 1.550000E+02  1.377161E-12
 1.560000E+02  1.359512E-12
 1.570000E+02  1.338799E-12
 1.580000E+02  1.321840E-12
 1.590000E+02  1.303465E-12
 1.600000E+02  1.284821E-12
 1.610000E+02  1.270789E-12
 1.620000E+02  1.250332E-12
 1.630000E+02  1.234062E-12
 1.640000E+02  1.217370E-12
 1.650000E+02  1.202496E-12
 1.660000E+02  1.184985E-12
 1.670000E+02  1.168557E-12
 1.680000E+02  1.154676E-12
 1.690000E+02  1.139745E-12
 1.700000E+02  1.123405E-12
 1.710000E+02  1.109512E-12
 1.720000E+02  1.095180E-12
 1.730000E+02  1.080296E-12
 1.740000E+02  1.066155E-12
 1.750000E+02  1.053324E-12
 1.760000E+02  1.040714E-12
 1.770000E+02  1.026888E-12
 1.780000E+02  1.013109E-12
 1.790000E+02  1.000706E-12
 1.800000E+02  9.879016E-13
 1.810000E+02  9.741956E-13
 1.820000E+02  9.625044E-13
 1.830000E+02  9.510830E-13
 1.840000E+02  9.404540E-13
 1.850000E+02  9.273489E-13
 1.860000E+02  9.160432E-13
 1.870000E+02  9.039667E-13
 1.880000E+02  8.937279E-13
 1.890000E+02  8.810360E-13
 1.900000E+02  8.733549E-13
 1.910000E+02  8.615978E-13
 1.920000E+02  8.508262E-13
 1.930000E+02  8.409786E-13
 1.940000E+02  8.319731E-13
 1.950000E+02  8.225536E-13
 1.960000E+02  8.089369E-13
 1.970000E+02  8.009494E-13
 1.980000E+02  7.921297E-13
 1.990000E+02  7.814199E-13
 2.000000E+02  7.722982E-13
