 1.000000E+01  2.990628E-05
 1.100000E+01  2.615418E-05
 1.200000E+01  2.263435E-05
 1.300000E+01  1.927837E-05
 1.400000E+01  1.624039E-05
 1.500000E+01  1.339168E-05
 1.600000E+01  1.087191E-05
 1.700000E+01  8.703589E-06
 1.800000E+01  6.802906E-06
 1.900000E+01  5.147200E-06
 2.000000E+01  3.814902E-06
 2.100000E+01  2.722295E-06
 2.200000E+01  1.852686E-06
 2.300000E+01  1.192028E-06
 2.400000E+01  7.118203E-07
 2.500000E+01  3.861887E-07
 2.600000E+01  1.809656E-07
 2.700000E+01  6.794986E-08
 2.800000E+01  1.684265E-08
 2.900000E+01  1.603047E-09
 3.000000E+01  7.796926E-11
 3.100000E+01  7.413617E-11
 3.200000E+01  7.086076E-11
 3.300000E+01  6.780828E-11
 3.400000E+01  6.501653E-11
 3.500000E+01  6.247697E-11
 3.600000E+01  6.009689E-11
 3.700000E+01  5.783983E-11
 3.800000E+01  5.568791E-11
 3.900000E+01  5.384516E-11
 4.000000E+01  5.200152E-11
 4.100000E+01  5.021506E-11
 4.200000E+01  4.859284E-11
 4.300000E+01  4.701642E-11
 4.400000E+01  4.558407E-11
 4.500000E+01  4.411809E-11
 4.600000E+01  4.278503E-11
 4.700000E+01  4.154914E-11
 4.800000E+01  4.032024E-11
 4.900000E+01  3.908961E-11
 5.000000E+01  3.800768E-11
 5.100000E+01  3.696684E-11
 5.200000E+01  3.596350E-11
 5.300000E+01  3.502266E-11
 5.400000E+01  3.405742E-11
 5.500000E+01  3.310770E-11
 5.600000E+01  3.229221E-11
 5.700000E+01  3.144870E-11
 5.800000E+01  3.062877E-11
 5.900000E+01  2.986122E-11
 6.000000E+01  2.908677E-11
 6.100000E+01  2.844815E-11
 6.200000E+01  2.770268E-11
 6.300000E+01  2.705013E-11
 6.400000E+01  2.643846E-11
 6.500000E+01  2.580978E-11
 6.600000E+01  2.519957E-11
 6.700000E+01  2.459233E-11
 6.800000E+01  2.405423E-11
 6.900000E+01  2.350619E-11
 7.000000E+01  2.298936E-11
 7.100000E+01  2.249553E-11
 7.200000E+01  2.197785E-11
 7.300000E+01  2.150189E-11
 7.400000E+01  2.105416E-11
 7.500000E+01  2.060207E-11
 7.600000E+01  2.017414E-11
 7.700000E+01  1.974733E-11
 7.800000E+01  1.935430E-11
 7.900000E+01  1.894314E-11
 8.000000E+01  1.857647E-11
 8.100000E+01  1.818597E-11
 8.200000E+01  1.781834E-11
 8.300000E+01  1.748661E-11
 8.400000E+01  1.713303E-11
 8.500000E+01  1.677521E-11
 8.600000E+01  1.645751E-11
 8.700000E+01  1.614241E-11
 8.800000E+01  1.583972E-11
 8.900000E+01  1.552145E-11
 9.000000E+01  1.524336E-11
 9.100000E+01  1.496589E-11
 9.200000E+01  1.467909E-11
 9.300000E+01  1.440964E-11
 9.400000E+01  1.415088E-11
 9.500000E+01  1.389597E-11
 9.600000E+01  1.364455E-11
 9.700000E+01  1.339332E-11
 9.800000E+01  1.318264E-11
 9.900000E+01  1.292281E-11
 1.000000E+02  1.270227E-11
 1.010000E+02  1.245570E-11
 1.020000E+02  1.225614E-11
 1.030000E+02  1.204868E-11
 1.040000E+02  1.183848E-11
 1.050000E+02  1.163168E-11
 1.060000E+02  1.143798E-11
 1.070000E+02  1.126567E-11
 1.080000E+02  1.106301E-11
 1.090000E+02  1.089849E-11
 1.100000E+02  1.070575E-11
 1.110000E+02  1.051400E-11
 1.120000E+02  1.034925E-11
 1.130000E+02  1.018994E-11
 1.140000E+02  1.002172E-11
 1.150000E+02  9.862716E-12
 1.160000E+02  9.695874E-12
 1.170000E+02  9.555834E-12
 1.180000E+02  9.377194E-12
 1.190000E+02  9.248960E-12
 1.200000E+02  9.111292E-12
 1.210000E+02  8.963953E-12
 1.220000E+02  8.824766E-12
 1.230000E+02  8.702609E-12
 1.240000E+02  8.554696E-12
 1.250000E+02  8.426810E-12
 1.260000E+02  8.304203E-12
 1.270000E+02  8.180406E-12
 1.280000E+02  8.043900E-12
 1.290000E+02  7.929458E-12
 1.300000E+02  7.814227E-12
 1.310000E+02  7.700161E-12
 1.320000E+02  7.597885E-12
 1.330000E+02  7.475223E-12
 1.340000E+02  7.365973E-12
 1.350000E+02  7.249415E-12
 1.360000E+02  7.160474E-12
 1.370000E+02  7.048214E-12
 1.380000E+02  6.952766E-12
 1.390000E+02  6.849286E-12
 1.400000E+02  6.746192E-12
 1.410000E+02  6.663277E-12
 1.420000E+02  6.569546E-12
 1.430000E+02  6.473116E-12
 1.440000E+02  6.387114E-12
 1.450000E+02  6.291521E-12
 1.460000E+02  6.209566E-12
 1.470000E+02  6.128278E-12
 1.480000E+02  6.037199E-12
 1.490000E+02  5.961493E-12
 1.500000E+02  5.880936E-12
 1.510000E+02  5.798954E-12
 1.520000E+02  5.723090E-12
 1.530000E+02  5.645433E-12
 1.540000E+02  5.575077E-12
 1.550000E+02  5.500142E-12
 1.560000E+02  5.429026E-12
 1.570000E+02  5.346367E-12
 1.580000E+02  5.292105E-12
 1.590000E+02  5.212499E-12
 1.600000E+02  5.144258E-12
 1.610000E+02  5.088927E-12
 1.620000E+02  5.005736E-12
 1.630000E+02  4.949635E-12
 1.640000E+02  4.899754E-12
 1.650000E+02  4.830308E-12
 1.660000E+02  4.760597E-12
 1.670000E+02  4.710321E-12
 1.680000E+02  4.646050E-12
 1.690000E+02  4.586219E-12
 1.700000E+02  4.529876E-12
 1.710000E+02  4.479261E-12
 1.720000E+02  4.414738E-12
 1.730000E+02  4.365124E-12
 1.740000E+02  4.309714E-12
 1.750000E+02  4.266726E-12
 1.760000E+02  4.208156E-12
 1.770000E+02  4.151371E-12
 1.780000E+02  4.099701E-12
 1.790000E+02  4.051924E-12
 1.800000E+02  4.004216E-12
 1.810000E+02  3.960397E-12
 1.820000E+02  3.909725E-12
 1.830000E+02  3.857006E-12
 1.840000E+02  3.817622E-12
 1.850000E+02  3.774617E-12
 1.860000E+02  3.728444E-12
 1.870000E+02  3.688768E-12
 1.880000E+02  3.643355E-12
 1.890000E+02  3.604251E-12
 1.900000E+02  3.560094E-12
 1.910000E+02  3.514582E-12
 1.920000E+02  3.476356E-12
 1.930000E+02  3.438584E-12
 1.940000E+02  3.398493E-12
 1.950000E+02  3.359820E-12
 1.960000E+02  3.321984E-12
 1.970000E+02  3.283726E-12
 1.980000E+02  3.240599E-12
 1.990000E+02  3.208363E-12
 2.000000E+02  3.175859E-12
