 1.000000E+01  2.637388E-05
 1.100000E+01  2.111064E-05
 1.200000E+01  1.644503E-05
 1.300000E+01  1.242147E-05
 1.400000E+01  9.010971E-06
 1.500000E+01  6.296219E-06
 1.600000E+01  4.149936E-06
 1.700000E+01  2.550909E-06
 1.800000E+01  1.435176E-06
 1.900000E+01  7.029673E-07
 2.000000E+01  2.811289E-07
 2.100000E+01  7.861857E-08
 2.200000E+01  9.895748E-09
 2.300000E+01  1.267945E-10
 2.400000E+01  9.978544E-11
 2.500000E+01  9.399412E-11
 2.600000E+01  8.903084E-11
 2.700000E+01  8.450227E-11
 2.800000E+01  8.030548E-11
 2.900000E+01  7.646729E-11
 3.000000E+01  7.303297E-11
 3.100000E+01  6.987249E-11
 3.200000E+01  6.686821E-11
 3.300000E+01  6.401253E-11
 3.400000E+01  6.145351E-11
 3.500000E+01  5.909191E-11
 3.600000E+01  5.675798E-11
 3.700000E+01  5.458602E-11
 3.800000E+01  5.254241E-11
 3.900000E+01  5.065499E-11
 4.000000E+01  4.885178E-11
 4.100000E+01  4.711313E-11
 4.200000E+01  4.549014E-11
 4.300000E+01  4.401636E-11
 4.400000E+01  4.248907E-11
 4.500000E+01  4.115296E-11
 4.600000E+01  3.976924E-11
 4.700000E+01  3.859903E-11
 4.800000E+01  3.740158E-11
 4.900000E+01  3.620773E-11
 5.000000E+01  3.503993E-11
 5.100000E+01  3.402143E-11
 5.200000E+01  3.306097E-11
 5.300000E+01  3.208191E-11
 5.400000E+01  3.114674E-11
 5.500000E+01  3.025855E-11
 5.600000E+01  2.937058E-11
 5.700000E+01  2.863729E-11
 5.800000E+01  2.776981E-11
 5.900000E+01  2.705932E-11
 6.000000E+01  2.633447E-11
 6.100000E+01  2.562305E-11
 6.200000E+01  2.499185E-11
 6.300000E+01  2.430440E-11
 6.400000E+01  2.364773E-11
 6.500000E+01  2.306173E-11
 6.600000E+01  2.252311E-11
 6.700000E+01  2.196451E-11
 6.800000E+01  2.140543E-11
 6.900000E+01  2.091250E-11
 7.000000E+01  2.039493E-11
 7.100000E+01  1.989414E-11
 7.200000E+01  1.940713E-11
 7.300000E+01  1.896230E-11
 7.400000E+01  1.850161E-11
 7.500000E+01  1.809660E-11
 7.600000E+01  1.768310E-11
 7.700000E+01  1.726337E-11
 7.800000E+01  1.687067E-11
 7.900000E+01  1.651308E-11
 8.000000E+01  1.612959E-11
 8.100000E+01  1.579213E-11
 8.200000E+01  1.542945E-11
 8.300000E+01  1.510164E-11
 8.400000E+01  1.478168E-11
 8.500000E+01  1.447146E-11
 8.600000E+01  1.416720E-11
 8.700000E+01  1.385775E-11
 8.800000E+01  1.358335E-11
 8.900000E+01  1.327966E-11
 9.000000E+01  1.301700E-11
 9.100000E+01  1.275606E-11
 9.200000E+01  1.251381E-11
 9.300000E+01  1.227203E-11
 9.400000E+01  1.201439E-11
 9.500000E+01  1.179401E-11
 9.600000E+01  1.153984E-11
 9.700000E+01  1.130812E-11
 9.800000E+01  1.107971E-11
 9.900000E+01  1.086766E-11
 1.000000E+02  1.067176E-11
 1.010000E+02  1.047820E-11
 1.020000E+02  1.027931E-11
 1.030000E+02  1.006927E-11
 1.040000E+02  9.882378E-12
 1.050000E+02  9.703471E-12
 1.060000E+02  9.518967E-12
 1.070000E+02  9.349672E-12
 1.080000E+02  9.176485E-12
 1.090000E+02  9.003699E-12
 1.100000E+02  8.845338E-12
 1.110000E+02  8.703128E-12
 1.120000E+02  8.534577E-12
 1.130000E+02  8.390421E-12
 1.140000E+02  8.235118E-12
 1.150000E+02  8.106377E-12
 1.160000E+02  7.950798E-12
 1.170000E+02  7.808237E-12
 1.180000E+02  7.683908E-12
 1.190000E+02  7.550211E-12
 1.200000E+02  7.420006E-12
 1.210000E+02  7.289852E-12
 1.220000E+02  7.172396E-12
 1.230000E+02  7.054831E-12
 1.240000E+02  6.925700E-12
 1.250000E+02  6.812395E-12
 1.260000E+02  6.703387E-12
 1.270000E+02  6.582300E-12
 1.280000E+02  6.487333E-12
 1.290000E+02  6.385376E-12
 1.300000E+02  6.271489E-12
 1.310000E+02  6.173560E-12
 1.320000E+02  6.074767E-12
 1.330000E+02  5.979160E-12
 1.340000E+02  5.891618E-12
 1.350000E+02  5.793219E-12
 1.360000E+02  5.697164E-12
 1.370000E+02  5.610569E-12
 1.380000E+02  5.523972E-12
 1.390000E+02  5.437185E-12
 1.400000E+02  5.352619E-12
 1.410000E+02  5.272616E-12
 1.420000E+02  5.187062E-12
 1.430000E+02  5.111418E-12
 1.440000E+02  5.029697E-12
 1.450000E+02  4.952393E-12
 1.460000E+02  4.891954E-12
 1.470000E+02  4.807222E-12
 1.480000E+02  4.744625E-12
 1.490000E+02  4.665996E-12
 1.500000E+02  4.599071E-12
 1.510000E+02  4.533780E-12
 1.520000E+02  4.465105E-12
 1.530000E+02  4.397706E-12
 1.540000E+02  4.336122E-12
 1.550000E+02  4.268716E-12
 1.560000E+02  4.209021E-12
 1.570000E+02  4.150322E-12
 1.580000E+02  4.091102E-12
 1.590000E+02  4.030422E-12
 1.600000E+02  3.977164E-12
 1.610000E+02  3.917952E-12
 1.620000E+02  3.859666E-12
 1.630000E+02  3.810372E-12
 1.640000E+02  3.758265E-12
 1.650000E+02  3.703033E-12
 1.660000E+02  3.650062E-12
 1.670000E+02  3.600989E-12
 1.680000E+02  3.553707E-12
 1.690000E+02  3.502950E-12
 1.700000E+02  3.459100E-12
 1.710000E+02  3.404162E-12
 1.720000E+02  3.357731E-12
 1.730000E+02  3.316842E-12
 1.740000E+02  3.273849E-12
 1.750000E+02  3.227776E-12
 1.760000E+02  3.180759E-12
 1.770000E+02  3.139445E-12
 1.780000E+02  3.103198E-12
 1.790000E+02  3.060632E-12
 1.800000E+02  3.017229E-12
 1.810000E+02  2.977428E-12
 1.820000E+02  2.943003E-12
 1.830000E+02  2.901164E-12
 1.840000E+02  2.860509E-12
 1.850000E+02  2.825104E-12
 1.860000E+02  2.790038E-12
 1.870000E+02  2.757388E-12
 1.880000E+02  2.717576E-12
 1.890000E+02  2.681837E-12
 1.900000E+02  2.646973E-12
 1.910000E+02  2.619106E-12
 1.920000E+02  2.586630E-12
 1.930000E+02  2.547807E-12
 1.940000E+02  2.517699E-12
 1.950000E+02  2.489073E-12
 1.960000E+02  2.456392E-12
 1.970000E+02  2.419096E-12
 1.980000E+02  2.396015E-12
 1.990000E+02  2.364177E-12
 2.000000E+02  2.336924E-12
