 1.000000E+01  4.443454E-06
 1.100000E+01  3.785710E-06
 1.200000E+01  3.184945E-06
 1.300000E+01  2.626745E-06
 1.400000E+01  2.135873E-06
 1.500000E+01  1.691609E-06
 1.600000E+01  1.310855E-06
 1.700000E+01  9.862961E-07
 1.800000E+01  7.178810E-07
 1.900000E+01  5.029562E-07
 2.000000E+01  3.333270E-07
 2.100000E+01  2.072926E-07
 2.200000E+01  1.185496E-07
 2.300000E+01  5.989226E-08
 2.400000E+01  2.531930E-08
 2.500000E+01  7.847257E-09
 2.600000E+01  1.299692E-09
 2.700000E+01  3.558436E-11
 2.800000E+01  1.269360E-11
 2.900000E+01  1.205443E-11
 3.000000E+01  1.148814E-11
 3.100000E+01  1.096663E-11
 3.200000E+01  1.049627E-11
 3.300000E+01  1.006873E-11
 3.400000E+01  9.638925E-12
 3.500000E+01  9.272195E-12
 3.600000E+01  8.923865E-12
 3.700000E+01  8.593660E-12
 3.800000E+01  8.279347E-12
 3.900000E+01  7.992044E-12
 4.000000E+01  7.710309E-12
 4.100000E+01  7.458416E-12
 4.200000E+01  7.204604E-12
 4.300000E+01  6.979314E-12
 4.400000E+01  6.747204E-12
 4.500000E+01  6.534850E-12
 4.600000E+01  6.337275E-12
 4.700000E+01  6.152128E-12
 4.800000E+01  5.962849E-12
 4.900000E+01  5.789332E-12
 5.000000E+01  5.622969E-12
 5.100000E+01  5.463072E-12
 5.200000E+01  5.298015E-12
 5.300000E+01  5.169683E-12
 5.400000E+01  5.017147E-12
 5.500000E+01  4.879310E-12
 5.600000E+01  4.745030E-12
 5.700000E+01  4.617896E-12
 5.800000E+01  4.508661E-12
 5.900000E+01  4.390517E-12
 6.000000E+01  4.273447E-12
 6.100000E+01  4.169722E-12
 6.200000E+01  4.060139E-12
 6.300000E+01  3.965804E-12
 6.400000E+01  3.869185E-12
 6.500000E+01  3.777720E-12
 6.600000E+01  3.688576E-12
 6.700000E+01  3.602808E-12
 6.800000E+01  3.514367E-12
 6.900000E+01  3.428900E-12
 7.000000E+01  3.354418E-12
 7.100000E+01  3.281891E-12
 7.200000E+01  3.202977E-12
 7.300000E+01  3.135295E-12
 7.400000E+01  3.062976E-12
 7.500000E+01  2.995994E-12
 7.600000E+01  2.933179E-12
 7.700000E+01  2.866490E-12
 7.800000E+01  2.808172E-12
 7.900000E+01  2.749416E-12
 8.000000E+01  2.693059E-12
 8.100000E+01  2.639203E-12
 8.200000E+01  2.581357E-12
 8.300000E+01  2.527849E-12
 8.400000E+01  2.476243E-12
 8.500000E+01  2.429489E-12
 8.600000E+01  2.379916E-12
 8.700000E+01  2.328834E-12
 8.800000E+01  2.288952E-12
 8.900000E+01  2.243647E-12
 9.000000E+01  2.197338E-12
 9.100000E+01  2.154963E-12
 9.200000E+01  2.114024E-12
 9.300000E+01  2.074553E-12
 9.400000E+01  2.036184E-12
 9.500000E+01  1.997728E-12
 9.600000E+01  1.960185E-12
 9.700000E+01  1.926263E-12
 9.800000E+01  1.887253E-12
 9.900000E+01  1.856665E-12
 1.000000E+02  1.819848E-12
 1.010000E+02  1.787977E-12
 1.020000E+02  1.752418E-12
 1.030000E+02  1.724224E-12
 1.040000E+02  1.694283E-12
 1.050000E+02  1.664154E-12
 1.060000E+02  1.635032E-12
 1.070000E+02  1.605599E-12
 1.080000E+02  1.578944E-12
 1.090000E+02  1.551018E-12
 1.100000E+02  1.525533E-12
 1.110000E+02  1.502224E-12
 1.120000E+02  1.475394E-12
 1.130000E+02  1.451389E-12
 1.140000E+02  1.424288E-12
 1.150000E+02  1.403635E-12
 1.160000E+02  1.379754E-12
 1.170000E+02  1.357912E-12
 1.180000E+02  1.335856E-12
 1.190000E+02  1.312224E-12
 1.200000E+02  1.291195E-12
 1.210000E+02  1.270226E-12
 1.220000E+02  1.250705E-12
 1.230000E+02  1.231780E-12
 1.240000E+02  1.212896E-12
 1.250000E+02  1.192590E-12
 1.260000E+02  1.175372E-12
 1.270000E+02  1.156638E-12
 1.280000E+02  1.137531E-12
 1.290000E+02  1.119637E-12
 1.300000E+02  1.102557E-12
 1.310000E+02  1.088165E-12
 1.320000E+02  1.070824E-12
 1.330000E+02  1.053736E-12
 1.340000E+02  1.039467E-12
 1.350000E+02  1.022945E-12
 1.360000E+02  1.009585E-12
 1.370000E+02  9.926356E-13
 1.380000E+02  9.776949E-13
 1.390000E+02  9.638517E-13
 1.400000E+02  9.493147E-13
 1.410000E+02  9.364283E-13
 1.420000E+02  9.229046E-13
 1.430000E+02  9.095900E-13
 1.440000E+02  8.972934E-13
 1.450000E+02  8.842855E-13
 1.460000E+02  8.706781E-13
 1.470000E+02  8.583331E-13
 1.480000E+02  8.477152E-13
 1.490000E+02  8.347787E-13
 1.500000E+02  8.231586E-13
 1.510000E+02  8.130527E-13
 1.520000E+02  8.016954E-13
 1.530000E+02  7.912917E-13
 1.540000E+02  7.786727E-13
 1.550000E+02  7.680835E-13
 1.560000E+02  7.598463E-13
 1.570000E+02  7.487563E-13
 1.580000E+02  7.372484E-13
 1.590000E+02  7.279770E-13
 1.600000E+02  7.173574E-13
 1.610000E+02  7.078853E-13
 1.620000E+02  6.990918E-13
 1.630000E+02  6.891354E-13
 1.640000E+02  6.802253E-13
 1.650000E+02  6.718342E-13
 1.660000E+02  6.634384E-13
 1.670000E+02  6.551858E-13
 1.680000E+02  6.466374E-13
 1.690000E+02  6.375525E-13
 1.700000E+02  6.295396E-13
 1.710000E+02  6.204531E-13
 1.720000E+02  6.130016E-13
 1.730000E+02  6.054246E-13
 1.740000E+02  5.982948E-13
 1.750000E+02  5.897606E-13
 1.760000E+02  5.829640E-13
 1.770000E+02  5.754762E-13
 1.780000E+02  5.682504E-13
 1.790000E+02  5.604925E-13
 1.800000E+02  5.552197E-13
 1.810000E+02  5.472297E-13
 1.820000E+02  5.398277E-13
 1.830000E+02  5.346775E-13
 1.840000E+02  5.265007E-13
 1.850000E+02  5.212625E-13
 1.860000E+02  5.150516E-13
 1.870000E+02  5.085794E-13
 1.880000E+02  5.019869E-13
 1.890000E+02  4.964169E-13
 1.900000E+02  4.901098E-13
 1.910000E+02  4.849138E-13
 1.920000E+02  4.788742E-13
 1.930000E+02  4.725552E-13
 1.940000E+02  4.677146E-13
 1.950000E+02  4.622180E-13
 1.960000E+02  4.567214E-13
 1.970000E+02  4.514627E-13
 1.980000E+02  4.457547E-13
 1.990000E+02  4.408983E-13
 2.000000E+02  4.358012E-13
