 1.000000E+01  4.452536E-06
 1.100000E+01  3.790574E-06
 1.200000E+01  3.186996E-06
 1.300000E+01  2.627510E-06
 1.400000E+01  2.128830E-06
 1.500000E+01  1.691131E-06
 1.600000E+01  1.308401E-06
 1.700000E+01  9.853413E-07
 1.800000E+01  7.165203E-07
 1.900000E+01  5.014733E-07
 2.000000E+01  3.326159E-07
 2.100000E+01  2.080505E-07
 2.200000E+01  1.186761E-07
 2.300000E+01  6.003630E-08
 2.400000E+01  2.528282E-08
 2.500000E+01  7.878290E-09
 2.600000E+01  1.300635E-09
 2.700000E+01  3.558031E-11
 2.800000E+01  1.266113E-11
 2.900000E+01  1.206438E-11
 3.000000E+01  1.148967E-11
 3.100000E+01  1.096746E-11
 3.200000E+01  1.050416E-11
 3.300000E+01  1.005548E-11
 3.400000E+01  9.659663E-12
 3.500000E+01  9.270352E-12
 3.600000E+01  8.925021E-12
 3.700000E+01  8.587465E-12
 3.800000E+01  8.282799E-12
 3.900000E+01  7.986369E-12
 4.000000E+01  7.713579E-12
 4.100000E+01  7.433728E-12
 4.200000E+01  7.200156E-12
 4.300000E+01  6.973524E-12
 4.400000E+01  6.745107E-12
 4.500000E+01  6.534184E-12
 4.600000E+01  6.340599E-12
 4.700000E+01  6.137548E-12
 4.800000E+01  5.963043E-12
 4.900000E+01  5.788148E-12
 5.000000E+01  5.614916E-12
 5.100000E+01  5.460090E-12
 5.200000E+01  5.304001E-12
 5.300000E+01  5.157918E-12
 5.400000E+01  5.015648E-12
 5.500000E+01  4.875603E-12
 5.600000E+01  4.751585E-12
 5.700000E+01  4.624027E-12
 5.800000E+01  4.497756E-12
 5.900000E+01  4.388694E-12
 6.000000E+01  4.276005E-12
 6.100000E+01  4.167315E-12
 6.200000E+01  4.060836E-12
 6.300000E+01  3.959882E-12
 6.400000E+01  3.863176E-12
 6.500000E+01  3.778771E-12
 6.600000E+01  3.688805E-12
 6.700000E+01  3.596971E-12
 6.800000E+01  3.518653E-12
 6.900000E+01  3.436103E-12
 7.000000E+01  3.357053E-12
 7.100000E+01  3.284030E-12
 7.200000E+01  3.202003E-12
 7.300000E+01  3.129369E-12
 7.400000E+01  3.062199E-12
 7.500000E+01  2.997403E-12
 7.600000E+01  2.929173E-12
 7.700000E+01  2.870157E-12
 7.800000E+01  2.808816E-12
 7.900000E+01  2.748167E-12
 8.000000E+01  2.690883E-12
 8.100000E+01  2.632197E-12
 8.200000E+01  2.581785E-12
 8.300000E+01  2.530465E-12
 8.400000E+01  2.476264E-12
 8.500000E+01  2.427186E-12
 8.600000E+01  2.378576E-12
 8.700000E+01  2.329864E-12
 8.800000E+01  2.284067E-12
 8.900000E+01  2.241133E-12
 9.000000E+01  2.197122E-12
 9.100000E+01  2.154009E-12
 9.200000E+01  2.113857E-12
 9.300000E+01  2.071862E-12
 9.400000E+01  2.035103E-12
 9.500000E+01  1.995501E-12
 9.600000E+01  1.957621E-12
 9.700000E+01  1.924898E-12
 9.800000E+01  1.886029E-12
 9.900000E+01  1.853588E-12
 1.000000E+02  1.820370E-12
 1.010000E+02  1.785257E-12
 1.020000E+02  1.758245E-12
 1.030000E+02  1.724073E-12
 1.040000E+02  1.693794E-12
 1.050000E+02  1.667371E-12
 1.060000E+02  1.635851E-12
 1.070000E+02  1.606326E-12
 1.080000E+02  1.582118E-12
 1.090000E+02  1.552877E-12
 1.100000E+02  1.528063E-12
 1.110000E+02  1.500798E-12
 1.120000E+02  1.472765E-12
 1.130000E+02  1.448510E-12
 1.140000E+02  1.425925E-12
 1.150000E+02  1.402257E-12
 1.160000E+02  1.380089E-12
 1.170000E+02  1.358141E-12
 1.180000E+02  1.334864E-12
 1.190000E+02  1.312949E-12
 1.200000E+02  1.294516E-12
 1.210000E+02  1.273083E-12
 1.220000E+02  1.251149E-12
 1.230000E+02  1.233670E-12
 1.240000E+02  1.212093E-12
 1.250000E+02  1.194084E-12
 1.260000E+02  1.174175E-12
 1.270000E+02  1.154249E-12
 1.280000E+02  1.139615E-12
 1.290000E+02  1.121913E-12
 1.300000E+02  1.105162E-12
 1.310000E+02  1.087871E-12
 1.320000E+02  1.069190E-12
 1.330000E+02  1.054323E-12
 1.340000E+02  1.040046E-12
 1.350000E+02  1.022690E-12
 1.360000E+02  1.007483E-12
 1.370000E+02  9.927409E-13
 1.380000E+02  9.787566E-13
 1.390000E+02  9.642122E-13
 1.400000E+02  9.503205E-13
 1.410000E+02  9.373646E-13
 1.420000E+02  9.221994E-13
 1.430000E+02  9.078706E-13
 1.440000E+02  8.977199E-13
 1.450000E+02  8.837390E-13
 1.460000E+02  8.726523E-13
 1.470000E+02  8.590288E-13
 1.480000E+02  8.472129E-13
 1.490000E+02  8.352280E-13
 1.500000E+02  8.236066E-13
 1.510000E+02  8.110286E-13
 1.520000E+02  8.016449E-13
 1.530000E+02  7.897976E-13
 1.540000E+02  7.791258E-13
 1.550000E+02  7.681629E-13
 1.560000E+02  7.574872E-13
 1.570000E+02  7.468609E-13
 1.580000E+02  7.382235E-13
 1.590000E+02  7.280365E-13
 1.600000E+02  7.183887E-13
 1.610000E+02  7.082321E-13
 1.620000E+02  6.988730E-13
 1.630000E+02  6.899623E-13
 1.640000E+02  6.811678E-13
 1.650000E+02  6.710452E-13
 1.660000E+02  6.632634E-13
 1.670000E+02  6.546329E-13
 1.680000E+02  6.450215E-13
 1.690000E+02  6.366200E-13
 1.700000E+02  6.294004E-13
 1.710000E+02  6.214395E-13
 1.720000E+02  6.129428E-13
 1.730000E+02  6.060736E-13
 1.740000E+02  5.977007E-13
 1.750000E+02  5.899918E-13
 1.760000E+02  5.829726E-13
 1.770000E+02  5.760788E-13
 1.780000E+02  5.680679E-13
 1.790000E+02  5.614929E-13
 1.800000E+02  5.542817E-13
 1.810000E+02  5.468382E-13
 1.820000E+02  5.406760E-13
 1.830000E+02  5.337869E-13
 1.840000E+02  5.271830E-13
 1.850000E+02  5.216932E-13
 1.860000E+02  5.151632E-13
 1.870000E+02  5.087050E-13
 1.880000E+02  5.025662E-13
 1.890000E+02  4.969751E-13
 1.900000E+02  4.898395E-13
 1.910000E+02  4.848937E-13
 1.920000E+02  4.788703E-13
 1.930000E+02  4.724279E-13
 1.940000E+02  4.668622E-13
 1.950000E+02  4.616778E-13
 1.960000E+02  4.573180E-13
 1.970000E+02  4.508741E-13
 1.980000E+02  4.455094E-13
 1.990000E+02  4.411248E-13
 2.000000E+02  4.366401E-13
