 1.000000E+01  1.776185E-05
 1.100000E+01  1.516535E-05
 1.200000E+01  1.274813E-05
 1.300000E+01  1.052874E-05
 1.400000E+01  8.506919E-06
 1.500000E+01  6.775623E-06
 1.600000E+01  5.226040E-06
 1.700000E+01  3.950290E-06
 1.800000E+01  2.874729E-06
 1.900000E+01  2.003160E-06
 2.000000E+01  1.332099E-06
 2.100000E+01  8.295629E-07
 2.200000E+01  4.737856E-07
 2.300000E+01  2.400280E-07
 2.400000E+01  1.013558E-07
 2.500000E+01  3.147732E-08
 2.600000E+01  5.203054E-09
 2.700000E+01  1.423445E-10
 2.800000E+01  5.065716E-11
 2.900000E+01  4.821966E-11
 3.000000E+01  4.593974E-11
 3.100000E+01  4.385112E-11
 3.200000E+01  4.203050E-11
 3.300000E+01  4.020596E-11
 3.400000E+01  3.862543E-11
 3.500000E+01  3.707552E-11
 3.600000E+01  3.568826E-11
 3.700000E+01  3.436393E-11
 3.800000E+01  3.312317E-11
 3.900000E+01  3.197286E-11
 4.000000E+01  3.087290E-11
 4.100000E+01  2.981839E-11
 4.200000E+01  2.884960E-11
 4.300000E+01  2.792018E-11
 4.400000E+01  2.698476E-11
 4.500000E+01  2.614099E-11
 4.600000E+01  2.534742E-11
 4.700000E+01  2.458374E-11
 4.800000E+01  2.385604E-11
 4.900000E+01  2.312202E-11
 5.000000E+01  2.245601E-11
 5.100000E+01  2.181360E-11
 5.200000E+01  2.122003E-11
 5.300000E+01  2.060485E-11
 5.400000E+01  2.003428E-11
 5.500000E+01  1.956018E-11
 5.600000E+01  1.899640E-11
 5.700000E+01  1.852374E-11
 5.800000E+01  1.802620E-11
 5.900000E+01  1.756178E-11
 6.000000E+01  1.709048E-11
 6.100000E+01  1.668379E-11
 6.200000E+01  1.628073E-11
 6.300000E+01  1.586572E-11
 6.400000E+01  1.547733E-11
 6.500000E+01  1.510685E-11
 6.600000E+01  1.476143E-11
 6.700000E+01  1.439753E-11
 6.800000E+01  1.404960E-11
 6.900000E+01  1.372505E-11
 7.000000E+01  1.343326E-11
 7.100000E+01  1.310446E-11
 7.200000E+01  1.282813E-11
 7.300000E+01  1.254067E-11
 7.400000E+01  1.224474E-11
 7.500000E+01  1.197521E-11
 7.600000E+01  1.172914E-11
 7.700000E+01  1.145952E-11
 7.800000E+01  1.124466E-11
 7.900000E+01  1.098588E-11
 8.000000E+01  1.075113E-11
 8.100000E+01  1.055581E-11
 8.200000E+01  1.030609E-11
 8.300000E+01  1.011798E-11
 8.400000E+01  9.900281E-12
 8.500000E+01  9.718978E-12
 8.600000E+01  9.516056E-12
 8.700000E+01  9.317677E-12
 8.800000E+01  9.138967E-12
 8.900000E+01  8.965361E-12
 9.000000E+01  8.796833E-12
 9.100000E+01  8.616645E-12
 9.200000E+01  8.446138E-12
 9.300000E+01  8.298666E-12
 9.400000E+01  8.137439E-12
 9.500000E+01  7.979701E-12
 9.600000E+01  7.835053E-12
 9.700000E+01  7.689718E-12
 9.800000E+01  7.566142E-12
 9.900000E+01  7.419702E-12
 1.000000E+02  7.287189E-12
 1.010000E+02  7.141980E-12
 1.020000E+02  7.019873E-12
 1.030000E+02  6.898886E-12
 1.040000E+02  6.777098E-12
 1.050000E+02  6.661009E-12
 1.060000E+02  6.538967E-12
 1.070000E+02  6.431447E-12
 1.080000E+02  6.318686E-12
 1.090000E+02  6.209351E-12
 1.100000E+02  6.107401E-12
 1.110000E+02  6.001269E-12
 1.120000E+02  5.898231E-12
 1.130000E+02  5.801880E-12
 1.140000E+02  5.703994E-12
 1.150000E+02  5.606062E-12
 1.160000E+02  5.516569E-12
 1.170000E+02  5.430989E-12
 1.180000E+02  5.344251E-12
 1.190000E+02  5.258021E-12
 1.200000E+02  5.168847E-12
 1.210000E+02  5.083927E-12
 1.220000E+02  4.998988E-12
 1.230000E+02  4.921083E-12
 1.240000E+02  4.848823E-12
 1.250000E+02  4.764456E-12
 1.260000E+02  4.699625E-12
 1.270000E+02  4.635507E-12
 1.280000E+02  4.560470E-12
 1.290000E+02  4.477467E-12
 1.300000E+02  4.412935E-12
 1.310000E+02  4.353783E-12
 1.320000E+02  4.285203E-12
 1.330000E+02  4.217531E-12
 1.340000E+02  4.155323E-12
 1.350000E+02  4.094906E-12
 1.360000E+02  4.033320E-12
 1.370000E+02  3.972709E-12
 1.380000E+02  3.909071E-12
 1.390000E+02  3.857063E-12
 1.400000E+02  3.802216E-12
 1.410000E+02  3.742980E-12
 1.420000E+02  3.699379E-12
 1.430000E+02  3.643656E-12
 1.440000E+02  3.586785E-12
 1.450000E+02  3.533624E-12
 1.460000E+02  3.484002E-12
 1.470000E+02  3.435641E-12
 1.480000E+02  3.393058E-12
 1.490000E+02  3.346392E-12
 1.500000E+02  3.294307E-12
 1.510000E+02  3.248287E-12
 1.520000E+02  3.203268E-12
 1.530000E+02  3.160765E-12
 1.540000E+02  3.123478E-12
 1.550000E+02  3.071755E-12
 1.560000E+02  3.031195E-12
 1.570000E+02  2.989935E-12
 1.580000E+02  2.949860E-12
 1.590000E+02  2.909889E-12
 1.600000E+02  2.870006E-12
 1.610000E+02  2.832502E-12
 1.620000E+02  2.796163E-12
 1.630000E+02  2.759257E-12
 1.640000E+02  2.724133E-12
 1.650000E+02  2.689499E-12
 1.660000E+02  2.655539E-12
 1.670000E+02  2.615502E-12
 1.680000E+02  2.580035E-12
 1.690000E+02  2.549355E-12
 1.700000E+02  2.520266E-12
 1.710000E+02  2.483195E-12
 1.720000E+02  2.450135E-12
 1.730000E+02  2.421357E-12
 1.740000E+02  2.391341E-12
 1.750000E+02  2.361419E-12
 1.760000E+02  2.333264E-12
 1.770000E+02  2.301653E-12
 1.780000E+02  2.279090E-12
 1.790000E+02  2.243858E-12
 1.800000E+02  2.216462E-12
 1.810000E+02  2.192863E-12
 1.820000E+02  2.160124E-12
 1.830000E+02  2.135927E-12
 1.840000E+02  2.109151E-12
 1.850000E+02  2.085651E-12
 1.860000E+02  2.056603E-12
 1.870000E+02  2.033748E-12
 1.880000E+02  2.005917E-12
 1.890000E+02  1.984946E-12
 1.900000E+02  1.959499E-12
 1.910000E+02  1.937825E-12
 1.920000E+02  1.915793E-12
 1.930000E+02  1.892186E-12
 1.940000E+02  1.869299E-12
 1.950000E+02  1.850369E-12
 1.960000E+02  1.825009E-12
 1.970000E+02  1.804138E-12
 1.980000E+02  1.784644E-12
 1.990000E+02  1.761269E-12
 2.000000E+02  1.740161E-12
