 1.000000E+01  2.569492E-05
 1.100000E+01  2.364255E-05
 1.200000E+01  2.148744E-05
 1.300000E+01  1.951844E-05
 1.400000E+01  1.746582E-05
 1.500000E+01  1.558465E-05
 1.600000E+01  1.375114E-05
 1.700000E+01  1.204393E-05
 1.800000E+01  1.045172E-05
 1.900000E+01  8.951892E-06
 2.000000E+01  7.622228E-06
 2.100000E+01  6.403970E-06
 2.200000E+01  5.290496E-06
 2.300000E+01  4.309826E-06
 2.400000E+01  3.452750E-06
 2.500000E+01  2.706636E-06
 2.600000E+01  2.072677E-06
 2.700000E+01  1.546381E-06
 2.800000E+01  1.101921E-06
 2.900000E+01  7.763533E-07
 3.000000E+01  5.126421E-07
 3.100000E+01  3.181195E-07
 3.200000E+01  1.814808E-07
 3.300000E+01  9.187914E-08
 3.400000E+01  3.895282E-08
 3.500000E+01  1.232167E-08
 3.600000E+01  2.155179E-09
 3.700000E+01  1.000610E-10
 3.800000E+01  5.204583E-11
 3.900000E+01  5.010961E-11
 4.000000E+01  4.829958E-11
 4.100000E+01  4.669903E-11
 4.200000E+01  4.512091E-11
 4.300000E+01  4.367873E-11
 4.400000E+01  4.226863E-11
 4.500000E+01  4.093750E-11
 4.600000E+01  3.976784E-11
 4.700000E+01  3.864330E-11
 4.800000E+01  3.746052E-11
 4.900000E+01  3.638141E-11
 5.000000E+01  3.541549E-11
 5.100000E+01  3.450926E-11
 5.200000E+01  3.354110E-11
 5.300000E+01  3.269854E-11
 5.400000E+01  3.185840E-11
 5.500000E+01  3.113483E-11
 5.600000E+01  3.021512E-11
 5.700000E+01  2.954999E-11
 5.800000E+01  2.886504E-11
 5.900000E+01  2.817335E-11
 6.000000E+01  2.749326E-11
 6.100000E+01  2.689119E-11
 6.200000E+01  2.626540E-11
 6.300000E+01  2.568688E-11
 6.400000E+01  2.508407E-11
 6.500000E+01  2.452967E-11
 6.600000E+01  2.400821E-11
 6.700000E+01  2.353836E-11
 6.800000E+01  2.297954E-11
 6.900000E+01  2.250325E-11
 7.000000E+01  2.204562E-11
 7.100000E+01  2.157349E-11
 7.200000E+01  2.115798E-11
 7.300000E+01  2.074104E-11
 7.400000E+01  2.031217E-11
 7.500000E+01  1.988601E-11
 7.600000E+01  1.949371E-11
 7.700000E+01  1.915007E-11
 7.800000E+01  1.878116E-11
 7.900000E+01  1.841677E-11
 8.000000E+01  1.803953E-11
 8.100000E+01  1.772730E-11
 8.200000E+01  1.739149E-11
 8.300000E+01  1.704653E-11
 8.400000E+01  1.677759E-11
 8.500000E+01  1.646956E-11
 8.600000E+01  1.617710E-11
 8.700000E+01  1.587087E-11
 8.800000E+01  1.559191E-11
 8.900000E+01  1.532776E-11
 9.000000E+01  1.504783E-11
 9.100000E+01  1.478372E-11
 9.200000E+01  1.453298E-11
 9.300000E+01  1.428387E-11
 9.400000E+01  1.404178E-11
 9.500000E+01  1.380424E-11
 9.600000E+01  1.356600E-11
 9.700000E+01  1.333585E-11
 9.800000E+01  1.311717E-11
 9.900000E+01  1.290393E-11
 1.000000E+02  1.269897E-11
 1.010000E+02  1.248776E-11
 1.020000E+02  1.229323E-11
 1.030000E+02  1.209899E-11
 1.040000E+02  1.190651E-11
 1.050000E+02  1.170697E-11
 1.060000E+02  1.153382E-11
 1.070000E+02  1.134638E-11
 1.080000E+02  1.120265E-11
 1.090000E+02  1.100379E-11
 1.100000E+02  1.084519E-11
 1.110000E+02  1.067782E-11
 1.120000E+02  1.051681E-11
 1.130000E+02  1.036670E-11
 1.140000E+02  1.020042E-11
 1.150000E+02  1.005355E-11
 1.160000E+02  9.905871E-12
 1.170000E+02  9.768336E-12
 1.180000E+02  9.621968E-12
 1.190000E+02  9.476089E-12
 1.200000E+02  9.347010E-12
 1.210000E+02  9.213570E-12
 1.220000E+02  9.078026E-12
 1.230000E+02  8.951602E-12
 1.240000E+02  8.832393E-12
 1.250000E+02  8.699273E-12
 1.260000E+02  8.586885E-12
 1.270000E+02  8.458808E-12
 1.280000E+02  8.344421E-12
 1.290000E+02  8.232363E-12
 1.300000E+02  8.123869E-12
 1.310000E+02  8.006408E-12
 1.320000E+02  7.892700E-12
 1.330000E+02  7.803939E-12
 1.340000E+02  7.689406E-12
 1.350000E+02  7.598575E-12
 1.360000E+02  7.481252E-12
 1.370000E+02  7.393802E-12
 1.380000E+02  7.298073E-12
 1.390000E+02  7.196479E-12
 1.400000E+02  7.096482E-12
 1.410000E+02  7.000421E-12
 1.420000E+02  6.921600E-12
 1.430000E+02  6.825163E-12
 1.440000E+02  6.745998E-12
 1.450000E+02  6.662993E-12
 1.460000E+02  6.575781E-12
 1.470000E+02  6.479335E-12
 1.480000E+02  6.405631E-12
 1.490000E+02  6.326534E-12
 1.500000E+02  6.243692E-12
 1.510000E+02  6.170595E-12
 1.520000E+02  6.098192E-12
 1.530000E+02  6.017963E-12
 1.540000E+02  5.941916E-12
 1.550000E+02  5.871481E-12
 1.560000E+02  5.801818E-12
 1.570000E+02  5.736964E-12
 1.580000E+02  5.659585E-12
 1.590000E+02  5.592237E-12
 1.600000E+02  5.530774E-12
 1.610000E+02  5.459799E-12
 1.620000E+02  5.400204E-12
 1.630000E+02  5.335420E-12
 1.640000E+02  5.269342E-12
 1.650000E+02  5.210122E-12
 1.660000E+02  5.145280E-12
 1.670000E+02  5.087799E-12
 1.680000E+02  5.027253E-12
 1.690000E+02  4.978005E-12
 1.700000E+02  4.911874E-12
 1.710000E+02  4.858687E-12
 1.720000E+02  4.800101E-12
 1.730000E+02  4.746706E-12
 1.740000E+02  4.695098E-12
 1.750000E+02  4.645552E-12
 1.760000E+02  4.587129E-12
 1.770000E+02  4.534981E-12
 1.780000E+02  4.486925E-12
 1.790000E+02  4.436236E-12
 1.800000E+02  4.390537E-12
 1.810000E+02  4.339358E-12
 1.820000E+02  4.291694E-12
 1.830000E+02  4.248539E-12
 1.840000E+02  4.200652E-12
 1.850000E+02  4.150671E-12
 1.860000E+02  4.104488E-12
 1.870000E+02  4.062192E-12
 1.880000E+02  4.017344E-12
 1.890000E+02  3.977575E-12
 1.900000E+02  3.935055E-12
 1.910000E+02  3.892080E-12
 1.920000E+02  3.851431E-12
 1.930000E+02  3.813551E-12
 1.940000E+02  3.771148E-12
 1.950000E+02  3.729525E-12
 1.960000E+02  3.683385E-12
 1.970000E+02  3.653352E-12
 1.980000E+02  3.614556E-12
 1.990000E+02  3.583869E-12
 2.000000E+02  3.536928E-12
