 1.000000E+01  9.414298E-07
 1.497487E+01  9.387425E-07
 1.994975E+01  2.750048E-07
 2.492462E+01  2.465480E-08
 2.989950E+01  3.203051E-08
 3.487437E+01  3.876444E-08
 3.984925E+01  4.404248E-08
 4.482412E+01  4.752455E-08
 4.979899E+01  4.884966E-08
 5.477387E+01  4.773079E-08
 5.974874E+01  4.400431E-08
 6.472362E+01  3.812648E-08
 6.969849E+01  3.023408E-08
 7.467337E+01  2.139707E-08
 7.964824E+01  1.245618E-08
 8.462312E+01  4.898403E-09
 8.959799E+01  4.615107E-10
 9.457286E+01  1.801803E-11
 9.954774E+01  1.294499E-11
 1.045226E+02  1.001097E-11
 1.094975E+02  8.015701E-12
 1.144724E+02  6.553180E-12
 1.194472E+02  5.447642E-12
 1.244221E+02  4.575746E-12
 1.293970E+02  3.879148E-12
 1.343719E+02  3.309974E-12
 1.393467E+02  2.839728E-12
 1.443216E+02  2.449506E-12
 1.492965E+02  2.122513E-12
 1.542714E+02  1.846041E-12
 1.592462E+02  1.611601E-12
 1.642211E+02  1.409909E-12
 1.691960E+02  1.237227E-12
 1.741709E+02  1.089041E-12
 1.791457E+02  9.602371E-13
 1.841206E+02  8.478747E-13
 1.890955E+02  7.507297E-13
 1.940704E+02  6.658138E-13
 1.990452E+02  5.908456E-13
 2.040201E+02  5.256037E-13
 2.089950E+02  4.682199E-13
 2.139698E+02  4.177018E-13
 2.189447E+02  3.730455E-13
 2.239196E+02  3.336868E-13
 2.288945E+02  2.983398E-13
 2.338693E+02  2.676281E-13
 2.388442E+02  2.400225E-13
 2.438191E+02  2.155702E-13
 2.487940E+02  1.936574E-13
 2.537688E+02  1.743013E-13
 2.587437E+02  1.569201E-13
 2.637186E+02  1.412639E-13
 2.686935E+02  1.273910E-13
 2.736683E+02  1.149383E-13
 2.786432E+02  1.039487E-13
 2.836181E+02  9.380498E-14
 2.885930E+02  8.483241E-14
 2.935678E+02  7.670470E-14
 2.985427E+02  6.950529E-14
 3.035176E+02  6.288148E-14
 3.084925E+02  5.704104E-14
 3.134673E+02  5.166130E-14
 3.184422E+02  4.689078E-14
 3.234171E+02  4.256181E-14
 3.283920E+02  3.867169E-14
 3.333668E+02  3.514809E-14
 3.383417E+02  3.195666E-14
 3.433166E+02  2.906969E-14
 3.482915E+02  2.643655E-14
 3.532663E+02  2.407684E-14
 3.582412E+02  2.192189E-14
 3.632161E+02  1.996532E-14
 3.681910E+02  1.819847E-14
 3.731658E+02  1.656681E-14
 3.781407E+02  1.509517E-14
 3.831156E+02  1.379475E-14
 3.880905E+02  1.258588E-14
 3.930653E+02  1.148332E-14
 3.980402E+02  1.048791E-14
 4.030151E+02  9.588672E-15
 4.079899E+02  8.752505E-15
 4.129648E+02  8.001415E-15
 4.179397E+02  7.309075E-15
 4.229146E+02  6.678641E-15
 4.278894E+02  6.119410E-15
 4.328643E+02  5.592368E-15
 4.378392E+02  5.122322E-15
 4.428141E+02  4.683939E-15
 4.477889E+02  4.286340E-15
 4.527638E+02  3.928348E-15
 4.577387E+02  3.593137E-15
 4.627136E+02  3.291854E-15
 4.676884E+02  3.015654E-15
 4.726633E+02  2.767688E-15
 4.776382E+02  2.534315E-15
 4.826131E+02  2.322157E-15
 4.875879E+02  2.131289E-15
 4.925628E+02  1.954328E-15
 4.975377E+02  1.791597E-15
 5.025126E+02  1.643918E-15
 5.074874E+02  1.508317E-15
 5.124623E+02  1.383681E-15
 5.174372E+02  1.270389E-15
 5.224121E+02  1.166798E-15
 5.273869E+02  1.070320E-15
 5.323618E+02  9.821786E-16
 5.373367E+02  9.028396E-16
 5.423116E+02  8.295418E-16
 5.472864E+02  7.612352E-16
 5.522613E+02  6.994093E-16
 5.572362E+02  6.424194E-16
 5.622111E+02  5.907305E-16
 5.671859E+02  5.423536E-16
 5.721608E+02  4.987829E-16
 5.771357E+02  4.581906E-16
 5.821106E+02  4.212270E-16
 5.870854E+02  3.870183E-16
 5.920603E+02  3.559890E-16
 5.970352E+02  3.274156E-16
 6.020101E+02  3.012363E-16
 6.069849E+02  2.769298E-16
 6.119598E+02  2.546148E-16
 6.169347E+02  2.340250E-16
 6.219095E+02  2.151929E-16
 6.268844E+02  1.979795E-16
 6.318593E+02  1.819743E-16
 6.368342E+02  1.675283E-16
 6.418090E+02  1.540301E-16
 6.467839E+02  1.418133E-16
 6.517588E+02  1.304918E-16
 6.567337E+02  1.199619E-16
 6.617085E+02  1.104436E-16
 6.666834E+02  1.015067E-16
 6.716583E+02  9.352868E-17
 6.766332E+02  8.602830E-17
 6.816080E+02  7.919282E-17
 6.865829E+02  7.291201E-17
 6.915578E+02  6.707122E-17
 6.965327E+02  6.170263E-17
 7.015075E+02  5.682994E-17
 7.064824E+02  5.229315E-17
 7.114573E+02  4.811145E-17
 7.164322E+02  4.429947E-17
 7.214070E+02  4.073970E-17
 7.263819E+02  3.750442E-17
 7.313568E+02  3.451517E-17
 7.363317E+02  3.176182E-17
 7.413065E+02  2.925218E-17
 7.462814E+02  2.692287E-17
 7.512563E+02  2.478737E-17
 7.562312E+02  2.280292E-17
 7.612060E+02  2.097653E-17
 7.661809E+02  1.932832E-17
 7.711558E+02  1.777888E-17
 7.761307E+02  1.637403E-17
 7.811055E+02  1.505709E-17
 7.860804E+02  1.386122E-17
 7.910553E+02  1.275124E-17
 7.960302E+02  1.172857E-17
 8.010050E+02  1.080126E-17
 8.059799E+02  9.941928E-18
 8.109548E+02  9.146585E-18
 8.159296E+02  8.416213E-18
 8.209045E+02  7.742003E-18
 8.258794E+02  7.126955E-18
 8.308543E+02  6.551879E-18
 8.358291E+02  6.027816E-18
 8.408040E+02  5.546008E-18
 8.457789E+02  5.103491E-18
 8.507538E+02  4.697487E-18
 8.557286E+02  4.316242E-18
 8.607035E+02  3.969800E-18
 8.656784E+02  3.657095E-18
 8.706533E+02  3.360874E-18
 8.756281E+02  3.089298E-18
 8.806030E+02  2.840858E-18
 8.855779E+02  2.613709E-18
 8.905528E+02  2.403955E-18
 8.955276E+02  2.210293E-18
 9.005025E+02  2.030152E-18
 9.054774E+02  1.866248E-18
 9.104523E+02  1.714837E-18
 9.154271E+02  1.577210E-18
 9.204020E+02  1.449998E-18
 9.253769E+02  1.332558E-18
 9.303518E+02  1.223962E-18
 9.353266E+02  1.125819E-18
 9.403015E+02  1.034997E-18
 9.452764E+02  9.500353E-19
 9.502513E+02  8.730864E-19
 9.552261E+02  8.023150E-19
 9.602010E+02  7.361051E-19
 9.651759E+02  6.764061E-19
 9.701508E+02  6.211316E-19
 9.751256E+02  5.707764E-19
 9.801005E+02  5.237613E-19
 9.850754E+02  4.803063E-19
 9.900503E+02  4.411083E-19
 9.950251E+02  4.054035E-19
 1.000000E+03  3.717663E-19
