 1.000000E+01  2.224725E-08
 1.497487E+01  1.740584E-08
 1.994975E+01  1.238192E-09
 2.492462E+01  6.271937E-10
 2.989950E+01  7.997687E-10
 3.487437E+01  9.420590E-10
 3.984925E+01  1.041375E-09
 4.482412E+01  1.081404E-09
 4.979899E+01  1.056689E-09
 5.477387E+01  9.657083E-10
 5.974874E+01  8.165721E-10
 6.472362E+01  6.179607E-10
 6.969849E+01  3.988384E-10
 7.467337E+01  1.908579E-10
 7.964824E+01  4.115847E-11
 8.462312E+01  4.638860E-13
 8.959799E+01  3.071657E-13
 9.457286E+01  2.291098E-13
 9.954774E+01  1.789233E-13
 1.045226E+02  1.435984E-13
 1.094975E+02  1.173595E-13
 1.144724E+02  9.709027E-14
 1.194472E+02  8.115162E-14
 1.244221E+02  6.846519E-14
 1.293970E+02  5.800362E-14
 1.343719E+02  4.944019E-14
 1.393467E+02  4.239003E-14
 1.443216E+02  3.650444E-14
 1.492965E+02  3.148911E-14
 1.542714E+02  2.730716E-14
 1.592462E+02  2.373885E-14
 1.642211E+02  2.063051E-14
 1.691960E+02  1.803260E-14
 1.741709E+02  1.579088E-14
 1.791457E+02  1.384635E-14
 1.841206E+02  1.217969E-14
 1.890955E+02  1.070187E-14
 1.940704E+02  9.441878E-15
 1.990452E+02  8.336120E-15
 2.040201E+02  7.378680E-15
 2.089950E+02  6.531254E-15
 2.139698E+02  5.792501E-15
 2.189447E+02  5.142683E-15
 2.239196E+02  4.575397E-15
 2.288945E+02  4.065126E-15
 2.338693E+02  3.620654E-15
 2.388442E+02  3.227371E-15
 2.438191E+02  2.879573E-15
 2.487940E+02  2.573870E-15
 2.537688E+02  2.299879E-15
 2.587437E+02  2.057283E-15
 2.637186E+02  1.842080E-15
 2.686935E+02  1.652453E-15
 2.736683E+02  1.481316E-15
 2.786432E+02  1.328785E-15
 2.836181E+02  1.192910E-15
 2.885930E+02  1.071720E-15
 2.935678E+02  9.641919E-16
 2.985427E+02  8.666050E-16
 3.035176E+02  7.794410E-16
 3.084925E+02  7.028978E-16
 3.134673E+02  6.334794E-16
 3.184422E+02  5.709014E-16
 3.234171E+02  5.150005E-16
 3.283920E+02  4.644863E-16
 3.333668E+02  4.197088E-16
 3.383417E+02  3.786617E-16
 3.433166E+02  3.423433E-16
 3.482915E+02  3.092561E-16
 3.532663E+02  2.798516E-16
 3.582412E+02  2.533115E-16
 3.632161E+02  2.292737E-16
 3.681910E+02  2.075898E-16
 3.731658E+02  1.878514E-16
 3.781407E+02  1.702260E-16
 3.831156E+02  1.542847E-16
 3.880905E+02  1.398644E-16
 3.930653E+02  1.268885E-16
 3.980402E+02  1.149865E-16
 4.030151E+02  1.043803E-16
 4.079899E+02  9.471725E-17
 4.129648E+02  8.595133E-17
 4.179397E+02  7.807990E-17
 4.229146E+02  7.091336E-17
 4.278894E+02  6.440780E-17
 4.328643E+02  5.856653E-17
 4.378392E+02  5.316204E-17
 4.428141E+02  4.836376E-17
 4.477889E+02  4.399168E-17
 4.527638E+02  4.001914E-17
 4.577387E+02  3.640525E-17
 4.627136E+02  3.310375E-17
 4.676884E+02  3.012809E-17
 4.726633E+02  2.741691E-17
 4.776382E+02  2.495694E-17
 4.826131E+02  2.270829E-17
 4.875879E+02  2.069470E-17
 4.925628E+02  1.884498E-17
 4.975377E+02  1.716038E-17
 5.025126E+02  1.563175E-17
 5.074874E+02  1.424448E-17
 5.124623E+02  1.298700E-17
 5.174372E+02  1.183047E-17
 5.224121E+02  1.077836E-17
 5.273869E+02  9.828166E-18
 5.323618E+02  8.956005E-18
 5.373367E+02  8.169476E-18
 5.423116E+02  7.443251E-18
 5.472864E+02  6.791896E-18
 5.522613E+02  6.192162E-18
 5.572362E+02  5.647224E-18
 5.622111E+02  5.153849E-18
 5.671859E+02  4.701693E-18
 5.721608E+02  4.287451E-18
 5.771357E+02  3.914215E-18
 5.821106E+02  3.572536E-18
 5.870854E+02  3.259607E-18
 5.920603E+02  2.971811E-18
 5.970352E+02  2.709721E-18
 6.020101E+02  2.474624E-18
 6.069849E+02  2.260527E-18
 6.119598E+02  2.063931E-18
 6.169347E+02  1.882998E-18
 6.219095E+02  1.718956E-18
 6.268844E+02  1.567031E-18
 6.318593E+02  1.432607E-18
 6.368342E+02  1.307004E-18
 6.418090E+02  1.194114E-18
 6.467839E+02  1.090214E-18
 6.517588E+02  9.944896E-19
 6.567337E+02  9.079344E-19
 6.617085E+02  8.280252E-19
 6.666834E+02  7.568421E-19
 6.716583E+02  6.906113E-19
 6.766332E+02  6.303161E-19
 6.816080E+02  5.758940E-19
 6.865829E+02  5.253888E-19
 6.915578E+02  4.794626E-19
 6.965327E+02  4.380671E-19
 7.015075E+02  3.998378E-19
 7.064824E+02  3.652167E-19
 7.114573E+02  3.330022E-19
 7.164322E+02  3.039593E-19
 7.214070E+02  2.777115E-19
 7.263819E+02  2.534563E-19
 7.313568E+02  2.312193E-19
 7.363317E+02  2.113573E-19
 7.413065E+02  1.927732E-19
 7.462814E+02  1.759920E-19
 7.512563E+02  1.605229E-19
 7.562312E+02  1.464928E-19
 7.612060E+02  1.338140E-19
 7.661809E+02  1.220771E-19
 7.711558E+02  1.112229E-19
 7.761307E+02  1.015479E-19
 7.811055E+02  9.269842E-20
 7.860804E+02  8.452377E-20
 7.910553E+02  7.710164E-20
 7.960302E+02  7.039400E-20
 8.010050E+02  6.414470E-20
 8.059799E+02  5.854080E-20
 8.109548E+02  5.336288E-20
 8.159296E+02  4.864732E-20
 8.209045E+02  4.435781E-20
 8.258794E+02  4.040830E-20
 8.308543E+02  3.684273E-20
 8.358291E+02  3.363189E-20
 8.408040E+02  3.062015E-20
 8.457789E+02  2.789809E-20
 8.507538E+02  2.546963E-20
 8.557286E+02  2.319150E-20
 8.607035E+02  2.111097E-20
 8.656784E+02  1.926456E-20
 8.706533E+02  1.753422E-20
 8.756281E+02  1.596659E-20
 8.806030E+02  1.455149E-20
 8.855779E+02  1.324392E-20
 8.905528E+02  1.207365E-20
 8.955276E+02  1.099739E-20
 9.005025E+02  1.000078E-20
 9.054774E+02  9.096844E-21
 9.104523E+02  8.286810E-21
 9.154271E+02  7.536749E-21
 9.204020E+02  6.860873E-21
 9.253769E+02  6.238015E-21
 9.303518E+02  5.672094E-21
 9.353266E+02  5.163493E-21
 9.403015E+02  4.691679E-21
 9.452764E+02  4.268431E-21
 9.502513E+02  3.878831E-21
 9.552261E+02  3.528913E-21
 9.602010E+02  3.203760E-21
 9.651759E+02  2.914618E-21
 9.701508E+02  2.646359E-21
 9.751256E+02  2.404829E-21
 9.801005E+02  2.183726E-21
 9.850754E+02  1.981797E-21
 9.900503E+02  1.800345E-21
 9.950251E+02  1.634731E-21
 1.000000E+03  1.484273E-21
