 1.000000E+01  4.380164E-07
 1.497487E+01  6.542238E-07
 1.994975E+01  6.217333E-07
 2.492462E+01  3.376513E-07
 2.989950E+01  3.640342E-08
 3.487437E+01  1.692981E-08
 3.984925E+01  2.048472E-08
 4.482412E+01  2.377828E-08
 4.979899E+01  2.663595E-08
 5.477387E+01  2.898562E-08
 5.974874E+01  3.067397E-08
 6.472362E+01  3.159081E-08
 6.969849E+01  3.158297E-08
 7.467337E+01  3.081946E-08
 7.964824E+01  2.913732E-08
 8.462312E+01  2.667425E-08
 8.959799E+01  2.351088E-08
 9.457286E+01  1.973292E-08
 9.954774E+01  1.562604E-08
 1.045226E+02  1.134651E-08
 1.094975E+02  7.279038E-09
 1.144724E+02  3.739064E-09
 1.194472E+02  1.166735E-09
 1.244221E+02  3.117768E-11
 1.293970E+02  1.134205E-11
 1.343719E+02  8.848188E-12
 1.393467E+02  7.238933E-12
 1.443216E+02  6.073540E-12
 1.492965E+02  5.169032E-12
 1.542714E+02  4.452104E-12
 1.592462E+02  3.872013E-12
 1.642211E+02  3.389323E-12
 1.691960E+02  2.983207E-12
 1.741709E+02  2.640616E-12
 1.791457E+02  2.343461E-12
 1.841206E+02  2.088823E-12
 1.890955E+02  1.868490E-12
 1.940704E+02  1.674498E-12
 1.990452E+02  1.505450E-12
 2.040201E+02  1.355124E-12
 2.089950E+02  1.224577E-12
 2.139698E+02  1.106953E-12
 2.189447E+02  1.002127E-12
 2.239196E+02  9.087312E-13
 2.288945E+02  8.263673E-13
 2.338693E+02  7.510011E-13
 2.388442E+02  6.838969E-13
 2.438191E+02  6.240846E-13
 2.487940E+02  5.692933E-13
 2.537688E+02  5.202986E-13
 2.587437E+02  4.760879E-13
 2.637186E+02  4.356889E-13
 2.686935E+02  3.988154E-13
 2.736683E+02  3.659796E-13
 2.786432E+02  3.360594E-13
 2.836181E+02  3.087193E-13
 2.885930E+02  2.837389E-13
 2.935678E+02  2.607300E-13
 2.985427E+02  2.401421E-13
 3.035176E+02  2.211064E-13
 3.084925E+02  2.037287E-13
 3.134673E+02  1.878663E-13
 3.184422E+02  1.734063E-13
 3.234171E+02  1.602682E-13
 3.283920E+02  1.478956E-13
 3.333668E+02  1.367586E-13
 3.383417E+02  1.263676E-13
 3.433166E+02  1.168641E-13
 3.482915E+02  1.082207E-13
 3.532663E+02  1.002137E-13
 3.582412E+02  9.287052E-14
 3.632161E+02  8.599555E-14
 3.681910E+02  7.974185E-14
 3.731658E+02  7.391397E-14
 3.781407E+02  6.862761E-14
 3.831156E+02  6.371981E-14
 3.880905E+02  5.914430E-14
 3.930653E+02  5.493833E-14
 3.980402E+02  5.101072E-14
 4.030151E+02  4.740001E-14
 4.079899E+02  4.411914E-14
 4.129648E+02  4.102306E-14
 4.179397E+02  3.815987E-14
 4.229146E+02  3.548959E-14
 4.278894E+02  3.305895E-14
 4.328643E+02  3.078009E-14
 4.378392E+02  2.866897E-14
 4.428141E+02  2.672253E-14
 4.477889E+02  2.485704E-14
 4.527638E+02  2.319876E-14
 4.577387E+02  2.162640E-14
 4.627136E+02  2.014290E-14
 4.676884E+02  1.880612E-14
 4.726633E+02  1.754517E-14
 4.776382E+02  1.638076E-14
 4.826131E+02  1.528869E-14
 4.875879E+02  1.426559E-14
 4.925628E+02  1.332191E-14
 4.975377E+02  1.244593E-14
 5.025126E+02  1.162235E-14
 5.074874E+02  1.086097E-14
 5.124623E+02  1.016044E-14
 5.174372E+02  9.486213E-15
 5.224121E+02  8.869852E-15
 5.273869E+02  8.286872E-15
 5.323618E+02  7.750540E-15
 5.373367E+02  7.244882E-15
 5.423116E+02  6.785777E-15
 5.472864E+02  6.355853E-15
 5.522613E+02  5.942845E-15
 5.572362E+02  5.564731E-15
 5.622111E+02  5.206157E-15
 5.671859E+02  4.870661E-15
 5.721608E+02  4.560736E-15
 5.771357E+02  4.272148E-15
 5.821106E+02  4.001811E-15
 5.870854E+02  3.749076E-15
 5.920603E+02  3.513631E-15
 5.970352E+02  3.285999E-15
 6.020101E+02  3.084002E-15
 6.069849E+02  2.888869E-15
 6.119598E+02  2.710680E-15
 6.169347E+02  2.539317E-15
 6.219095E+02  2.382415E-15
 6.268844E+02  2.232045E-15
 6.318593E+02  2.092750E-15
 6.368342E+02  1.962401E-15
 6.418090E+02  1.842360E-15
 6.467839E+02  1.727874E-15
 6.517588E+02  1.619798E-15
 6.567337E+02  1.521512E-15
 6.617085E+02  1.427968E-15
 6.666834E+02  1.338878E-15
 6.716583E+02  1.256734E-15
 6.766332E+02  1.179585E-15
 6.816080E+02  1.107812E-15
 6.865829E+02  1.040637E-15
 6.915578E+02  9.762358E-16
 6.965327E+02  9.163387E-16
 7.015075E+02  8.611046E-16
 7.064824E+02  8.078504E-16
 7.114573E+02  7.585637E-16
 7.164322E+02  7.121539E-16
 7.214070E+02  6.694775E-16
 7.263819E+02  6.285789E-16
 7.313568E+02  5.902523E-16
 7.363317E+02  5.547687E-16
 7.413065E+02  5.207687E-16
 7.462814E+02  4.897181E-16
 7.512563E+02  4.603390E-16
 7.562312E+02  4.325417E-16
 7.612060E+02  4.067791E-16
 7.661809E+02  3.818816E-16
 7.711558E+02  3.590576E-16
 7.761307E+02  3.373943E-16
 7.811055E+02  3.176215E-16
 7.860804E+02  2.982226E-16
 7.910553E+02  2.803983E-16
 7.960302E+02  2.635637E-16
 8.010050E+02  2.476025E-16
 8.059799E+02  2.329966E-16
 8.109548E+02  2.191925E-16
 8.159296E+02  2.059237E-16
 8.209045E+02  1.936382E-16
 8.258794E+02  1.820611E-16
 8.308543E+02  1.712179E-16
 8.358291E+02  1.611703E-16
 8.408040E+02  1.513621E-16
 8.457789E+02  1.424255E-16
 8.507538E+02  1.340251E-16
 8.557286E+02  1.260640E-16
 8.607035E+02  1.186531E-16
 8.656784E+02  1.114211E-16
 8.706533E+02  1.048491E-16
 8.756281E+02  9.862374E-17
 8.806030E+02  9.278650E-17
 8.855779E+02  8.735668E-17
 8.905528E+02  8.218458E-17
 8.955276E+02  7.729498E-17
 9.005025E+02  7.268882E-17
 9.054774E+02  6.843015E-17
 9.104523E+02  6.436138E-17
 9.154271E+02  6.060514E-17
 9.204020E+02  5.698616E-17
 9.253769E+02  5.360844E-17
 9.303518E+02  5.044474E-17
 9.353266E+02  4.748860E-17
 9.403015E+02  4.467158E-17
 9.452764E+02  4.205656E-17
 9.502513E+02  3.949620E-17
 9.552261E+02  3.721078E-17
 9.602010E+02  3.501307E-17
 9.651759E+02  3.298911E-17
 9.701508E+02  3.099506E-17
 9.751256E+02  2.920378E-17
 9.801005E+02  2.745184E-17
 9.850754E+02  2.581358E-17
 9.900503E+02  2.430367E-17
 9.950251E+02  2.289518E-17
 1.000000E+03  2.153350E-17
