 1.000000E+01  9.191091E-07
 1.497487E+01  1.454584E-06
 1.994975E+01  1.539219E-06
 2.492462E+01  1.060762E-06
 2.989950E+01  3.117208E-07
 3.487437E+01  3.518376E-08
 3.984925E+01  4.298089E-08
 4.482412E+01  5.049871E-08
 4.979899E+01  5.733879E-08
 5.477387E+01  6.341589E-08
 5.974874E+01  6.829226E-08
 6.472362E+01  7.155614E-08
 6.969849E+01  7.347949E-08
 7.467337E+01  7.376727E-08
 7.964824E+01  7.217296E-08
 8.462312E+01  6.873271E-08
 8.959799E+01  6.375646E-08
 9.457286E+01  5.719755E-08
 9.954774E+01  4.939520E-08
 1.045226E+02  4.073024E-08
 1.094975E+02  3.149835E-08
 1.144724E+02  2.226429E-08
 1.194472E+02  1.369986E-08
 1.244221E+02  6.568202E-09
 1.293970E+02  1.693827E-09
 1.343719E+02  3.619125E-11
 1.393467E+02  2.569379E-11
 1.443216E+02  2.047361E-11
 1.492965E+02  1.698365E-11
 1.542714E+02  1.439765E-11
 1.592462E+02  1.237273E-11
 1.642211E+02  1.076181E-11
 1.691960E+02  9.438048E-12
 1.741709E+02  8.310350E-12
 1.791457E+02  7.368573E-12
 1.841206E+02  6.550504E-12
 1.890955E+02  5.855997E-12
 1.940704E+02  5.253259E-12
 1.990452E+02  4.718508E-12
 2.040201E+02  4.253074E-12
 2.089950E+02  3.845652E-12
 2.139698E+02  3.480612E-12
 2.189447E+02  3.158792E-12
 2.239196E+02  2.872061E-12
 2.288945E+02  2.612123E-12
 2.338693E+02  2.381540E-12
 2.388442E+02  2.175246E-12
 2.438191E+02  1.986979E-12
 2.487940E+02  1.818865E-12
 2.537688E+02  1.664918E-12
 2.587437E+02  1.527344E-12
 2.637186E+02  1.401001E-12
 2.686935E+02  1.288169E-12
 2.736683E+02  1.184954E-12
 2.786432E+02  1.090360E-12
 2.836181E+02  1.004820E-12
 2.885930E+02  9.259812E-13
 2.935678E+02  8.549383E-13
 2.985427E+02  7.883265E-13
 3.035176E+02  7.275256E-13
 3.084925E+02  6.737344E-13
 3.134673E+02  6.229551E-13
 3.184422E+02  5.767193E-13
 3.234171E+02  5.338013E-13
 3.283920E+02  4.947639E-13
 3.333668E+02  4.586471E-13
 3.383417E+02  4.255578E-13
 3.433166E+02  3.946855E-13
 3.482915E+02  3.664279E-13
 3.532663E+02  3.403629E-13
 3.582412E+02  3.164439E-13
 3.632161E+02  2.940073E-13
 3.681910E+02  2.733939E-13
 3.731658E+02  2.544392E-13
 3.781407E+02  2.366844E-13
 3.831156E+02  2.203835E-13
 3.880905E+02  2.053506E-13
 3.930653E+02  1.912379E-13
 3.980402E+02  1.783648E-13
 4.030151E+02  1.661768E-13
 4.079899E+02  1.549327E-13
 4.129648E+02  1.444967E-13
 4.179397E+02  1.349187E-13
 4.229146E+02  1.260858E-13
 4.278894E+02  1.177235E-13
 4.328643E+02  1.098952E-13
 4.378392E+02  1.027533E-13
 4.428141E+02  9.597098E-14
 4.477889E+02  8.976229E-14
 4.527638E+02  8.401811E-14
 4.577387E+02  7.854946E-14
 4.627136E+02  7.347273E-14
 4.676884E+02  6.868224E-14
 4.726633E+02  6.433227E-14
 4.776382E+02  6.023269E-14
 4.826131E+02  5.632666E-14
 4.875879E+02  5.277476E-14
 4.925628E+02  4.945698E-14
 4.975377E+02  4.636520E-14
 5.025126E+02  4.346957E-14
 5.074874E+02  4.074700E-14
 5.124623E+02  3.817311E-14
 5.174372E+02  3.581829E-14
 5.224121E+02  3.359522E-14
 5.273869E+02  3.150773E-14
 5.323618E+02  2.955596E-14
 5.373367E+02  2.773011E-14
 5.423116E+02  2.602195E-14
 5.472864E+02  2.444248E-14
 5.522613E+02  2.295440E-14
 5.572362E+02  2.156871E-14
 5.622111E+02  2.023292E-14
 5.671859E+02  1.902691E-14
 5.721608E+02  1.786063E-14
 5.771357E+02  1.678567E-14
 5.821106E+02  1.576889E-14
 5.870854E+02  1.481870E-14
 5.920603E+02  1.394385E-14
 5.970352E+02  1.309361E-14
 6.020101E+02  1.230444E-14
 6.069849E+02  1.157513E-14
 6.119598E+02  1.088689E-14
 6.169347E+02  1.024043E-14
 6.219095E+02  9.636695E-15
 6.268844E+02  9.069653E-15
 6.318593E+02  8.531618E-15
 6.368342E+02  8.035023E-15
 6.418090E+02  7.559166E-15
 6.467839E+02  7.114684E-15
 6.517588E+02  6.691584E-15
 6.567337E+02  6.308125E-15
 6.617085E+02  5.935965E-15
 6.666834E+02  5.588285E-15
 6.716583E+02  5.263139E-15
 6.766332E+02  4.955784E-15
 6.816080E+02  4.669811E-15
 6.865829E+02  4.398637E-15
 6.915578E+02  4.144479E-15
 6.965327E+02  3.902900E-15
 7.015075E+02  3.676086E-15
 7.064824E+02  3.463611E-15
 7.114573E+02  3.264128E-15
 7.164322E+02  3.078622E-15
 7.214070E+02  2.902059E-15
 7.263819E+02  2.733781E-15
 7.313568E+02  2.578757E-15
 7.363317E+02  2.431668E-15
 7.413065E+02  2.290509E-15
 7.462814E+02  2.162369E-15
 7.512563E+02  2.035892E-15
 7.562312E+02  1.922789E-15
 7.612060E+02  1.811663E-15
 7.661809E+02  1.711173E-15
 7.711558E+02  1.612749E-15
 7.761307E+02  1.521638E-15
 7.811055E+02  1.433769E-15
 7.860804E+02  1.353250E-15
 7.910553E+02  1.278151E-15
 7.960302E+02  1.205034E-15
 8.010050E+02  1.136972E-15
 8.059799E+02  1.072896E-15
 8.109548E+02  1.011985E-15
 8.159296E+02  9.548830E-16
 8.209045E+02  9.015308E-16
 8.258794E+02  8.510874E-16
 8.308543E+02  8.033641E-16
 8.358291E+02  7.586836E-16
 8.408040E+02  7.158109E-16
 8.457789E+02  6.756090E-16
 8.507538E+02  6.383126E-16
 8.557286E+02  6.021578E-16
 8.607035E+02  5.685551E-16
 8.656784E+02  5.367059E-16
 8.706533E+02  5.069144E-16
 8.756281E+02  4.785949E-16
 8.806030E+02  4.517953E-16
 8.855779E+02  4.266946E-16
 8.905528E+02  4.027042E-16
 8.955276E+02  3.802903E-16
 9.005025E+02  3.594180E-16
 9.054774E+02  3.394031E-16
 9.104523E+02  3.202481E-16
 9.154271E+02  3.027377E-16
 9.204020E+02  2.859995E-16
 9.253769E+02  2.698880E-16
 9.303518E+02  2.550073E-16
 9.353266E+02  2.408149E-16
 9.403015E+02  2.275643E-16
 9.452764E+02  2.146904E-16
 9.502513E+02  2.028657E-16
 9.552261E+02  1.917311E-16
 9.602010E+02  1.810879E-16
 9.651759E+02  1.711874E-16
 9.701508E+02  1.616327E-16
 9.751256E+02  1.527579E-16
 9.801005E+02  1.442500E-16
 9.850754E+02  1.362774E-16
 9.900503E+02  1.286027E-16
 9.950251E+02  1.216664E-16
 1.000000E+03  1.149636E-16
