 1.000000E+01  2.393221E-07
 1.497487E+01  2.633436E-07
 1.994975E+01  1.119120E-07
 2.492462E+01  6.053090E-09
 2.989950E+01  7.942892E-09
 3.487437E+01  9.723225E-09
 3.984925E+01  1.122067E-08
 4.482412E+01  1.231156E-08
 4.979899E+01  1.287436E-08
 5.477387E+01  1.291618E-08
 5.974874E+01  1.234175E-08
 6.472362E+01  1.119631E-08
 6.969849E+01  9.515724E-09
 7.467337E+01  7.425557E-09
 7.964824E+01  5.162733E-09
 8.462312E+01  2.943151E-09
 8.959799E+01  1.113429E-09
 9.457286E+01  8.651099E-11
 9.954774E+01  4.756176E-12
 1.045226E+02  3.470931E-12
 1.094975E+02  2.710597E-12
 1.144724E+02  2.190005E-12
 1.194472E+02  1.806083E-12
 1.244221E+02  1.509047E-12
 1.293970E+02  1.276025E-12
 1.343719E+02  1.086599E-12
 1.393467E+02  9.322143E-13
 1.443216E+02  8.060430E-13
 1.492965E+02  6.983008E-13
 1.542714E+02  6.080592E-13
 1.592462E+02  5.316723E-13
 1.642211E+02  4.658803E-13
 1.691960E+02  4.094471E-13
 1.741709E+02  3.614953E-13
 1.791457E+02  3.195839E-13
 1.841206E+02  2.829713E-13
 1.890955E+02  2.509722E-13
 1.940704E+02  2.231032E-13
 1.990452E+02  1.988122E-13
 2.040201E+02  1.771554E-13
 2.089950E+02  1.582267E-13
 2.139698E+02  1.416912E-13
 2.189447E+02  1.267926E-13
 2.239196E+02  1.137876E-13
 2.288945E+02  1.021497E-13
 2.338693E+02  9.177636E-14
 2.388442E+02  8.259833E-14
 2.438191E+02  7.437311E-14
 2.487940E+02  6.703215E-14
 2.537688E+02  6.046328E-14
 2.587437E+02  5.465923E-14
 2.637186E+02  4.933351E-14
 2.686935E+02  4.469287E-14
 2.736683E+02  4.040762E-14
 2.786432E+02  3.663391E-14
 2.836181E+02  3.319132E-14
 2.885930E+02  3.008314E-14
 2.935678E+02  2.730279E-14
 2.985427E+02  2.481230E-14
 3.035176E+02  2.255522E-14
 3.084925E+02  2.049746E-14
 3.134673E+02  1.865924E-14
 3.184422E+02  1.697410E-14
 3.234171E+02  1.546225E-14
 3.283920E+02  1.408063E-14
 3.333668E+02  1.282772E-14
 3.383417E+02  1.170215E-14
 3.433166E+02  1.067950E-14
 3.482915E+02  9.741134E-15
 3.532663E+02  8.905876E-15
 3.582412E+02  8.118032E-15
 3.632161E+02  7.426587E-15
 3.681910E+02  6.789314E-15
 3.731658E+02  6.213631E-15
 3.781407E+02  5.679618E-15
 3.831156E+02  5.203420E-15
 3.880905E+02  4.762327E-15
 3.930653E+02  4.360793E-15
 3.980402E+02  3.993196E-15
 4.030151E+02  3.662043E-15
 4.079899E+02  3.353384E-15
 4.129648E+02  3.076333E-15
 4.179397E+02  2.819071E-15
 4.229146E+02  2.589891E-15
 4.278894E+02  2.371036E-15
 4.328643E+02  2.178224E-15
 4.378392E+02  2.000962E-15
 4.428141E+02  1.837792E-15
 4.477889E+02  1.686207E-15
 4.527638E+02  1.549917E-15
 4.577387E+02  1.424283E-15
 4.627136E+02  1.309381E-15
 4.676884E+02  1.203538E-15
 4.726633E+02  1.108071E-15
 4.776382E+02  1.017617E-15
 4.826131E+02  9.365341E-16
 4.875879E+02  8.613026E-16
 4.925628E+02  7.930422E-16
 4.975377E+02  7.290760E-16
 5.025126E+02  6.714158E-16
 5.074874E+02  6.180508E-16
 5.124623E+02  5.692097E-16
 5.174372E+02  5.246807E-16
 5.224121E+02  4.828597E-16
 5.273869E+02  4.452466E-16
 5.323618E+02  4.099450E-16
 5.373367E+02  3.777319E-16
 5.423116E+02  3.481887E-16
 5.472864E+02  3.208418E-16
 5.522613E+02  2.960365E-16
 5.572362E+02  2.729124E-16
 5.622111E+02  2.516327E-16
 5.671859E+02  2.318626E-16
 5.721608E+02  2.140294E-16
 5.771357E+02  1.973547E-16
 5.821106E+02  1.821883E-16
 5.870854E+02  1.678169E-16
 5.920603E+02  1.549145E-16
 5.970352E+02  1.430872E-16
 6.020101E+02  1.320280E-16
 6.069849E+02  1.217606E-16
 6.119598E+02  1.124544E-16
 6.169347E+02  1.037790E-16
 6.219095E+02  9.571355E-17
 6.268844E+02  8.838609E-17
 6.318593E+02  8.164955E-17
 6.368342E+02  7.537194E-17
 6.418090E+02  6.963643E-17
 6.467839E+02  6.426163E-17
 6.517588E+02  5.934687E-17
 6.567337E+02  5.482955E-17
 6.617085E+02  5.064294E-17
 6.666834E+02  4.672987E-17
 6.716583E+02  4.321678E-17
 6.766332E+02  3.991552E-17
 6.816080E+02  3.684236E-17
 6.865829E+02  3.406738E-17
 6.915578E+02  3.148112E-17
 6.965327E+02  2.908332E-17
 7.015075E+02  2.684324E-17
 7.064824E+02  2.480568E-17
 7.114573E+02  2.292307E-17
 7.164322E+02  2.119819E-17
 7.214070E+02  1.955193E-17
 7.263819E+02  1.809358E-17
 7.313568E+02  1.672162E-17
 7.363317E+02  1.544704E-17
 7.413065E+02  1.426442E-17
 7.462814E+02  1.317640E-17
 7.512563E+02  1.219142E-17
 7.562312E+02  1.126917E-17
 7.612060E+02  1.040985E-17
 7.661809E+02  9.612367E-18
 7.711558E+02  8.889312E-18
 7.761307E+02  8.210973E-18
 7.811055E+02  7.592208E-18
 7.860804E+02  7.017373E-18
 7.910553E+02  6.480931E-18
 7.960302E+02  5.988535E-18
 8.010050E+02  5.536689E-18
 8.059799E+02  5.119772E-18
 8.109548E+02  4.730825E-18
 8.159296E+02  4.369990E-18
 8.209045E+02  4.038859E-18
 8.258794E+02  3.732849E-18
 8.308543E+02  3.449561E-18
 8.358291E+02  3.185044E-18
 8.408040E+02  2.944263E-18
 8.457789E+02  2.719913E-18
 8.507538E+02  2.514003E-18
 8.557286E+02  2.319817E-18
 8.607035E+02  2.145807E-18
 8.656784E+02  1.981523E-18
 8.706533E+02  1.831008E-18
 8.756281E+02  1.692959E-18
 8.806030E+02  1.563365E-18
 8.855779E+02  1.445481E-18
 8.905528E+02  1.332829E-18
 8.955276E+02  1.232718E-18
 9.005025E+02  1.138559E-18
 9.054774E+02  1.050377E-18
 9.104523E+02  9.700096E-19
 9.154271E+02  8.962240E-19
 9.204020E+02  8.271115E-19
 9.253769E+02  7.643278E-19
 9.303518E+02  7.054587E-19
 9.353266E+02  6.514920E-19
 9.403015E+02  6.009473E-19
 9.452764E+02  5.556223E-19
 9.502513E+02  5.126908E-19
 9.552261E+02  4.732664E-19
 9.602010E+02  4.367506E-19
 9.651759E+02  4.031492E-19
 9.701508E+02  3.715652E-19
 9.751256E+02  3.429655E-19
 9.801005E+02  3.168057E-19
 9.850754E+02  2.922500E-19
 9.900503E+02  2.697160E-19
 9.950251E+02  2.487569E-19
 1.000000E+03  2.294876E-19
