 1.000000E+01  9.074380E-08
 1.497487E+01  1.227237E-07
 1.994975E+01  9.393630E-08
 2.492462E+01  2.525441E-08
 2.989950E+01  2.851966E-09
 3.487437E+01  3.568074E-09
 3.984925E+01  4.244281E-09
 4.482412E+01  4.838496E-09
 4.979899E+01  5.309068E-09
 5.477387E+01  5.619497E-09
 5.974874E+01  5.751127E-09
 6.472362E+01  5.688181E-09
 6.969849E+01  5.436209E-09
 7.467337E+01  4.994004E-09
 7.964824E+01  4.389374E-09
 8.462312E+01  3.639026E-09
 8.959799E+01  2.799630E-09
 9.457286E+01  1.929976E-09
 9.954774E+01  1.119772E-09
 1.045226E+02  4.556220E-10
 1.094975E+02  6.048090E-11
 1.144724E+02  2.301287E-12
 1.194472E+02  1.699149E-12
 1.244221E+02  1.348082E-12
 1.293970E+02  1.105753E-12
 1.343719E+02  9.255952E-13
 1.393467E+02  7.857005E-13
 1.443216E+02  6.736807E-13
 1.492965E+02  5.821436E-13
 1.542714E+02  5.065225E-13
 1.592462E+02  4.430014E-13
 1.642211E+02  3.896942E-13
 1.691960E+02  3.437205E-13
 1.741709E+02  3.042015E-13
 1.791457E+02  2.700502E-13
 1.841206E+02  2.405021E-13
 1.890955E+02  2.148090E-13
 1.940704E+02  1.919685E-13
 1.990452E+02  1.720590E-13
 2.040201E+02  1.546250E-13
 2.089950E+02  1.389516E-13
 2.139698E+02  1.251833E-13
 2.189447E+02  1.128607E-13
 2.239196E+02  1.020399E-13
 2.288945E+02  9.231719E-14
 2.338693E+02  8.358577E-14
 2.388442E+02  7.581158E-14
 2.438191E+02  6.881856E-14
 2.487940E+02  6.254515E-14
 2.537688E+02  5.685660E-14
 2.587437E+02  5.175753E-14
 2.637186E+02  4.712457E-14
 2.686935E+02  4.297316E-14
 2.736683E+02  3.925924E-14
 2.786432E+02  3.584794E-14
 2.836181E+02  3.275423E-14
 2.885930E+02  2.995924E-14
 2.935678E+02  2.740587E-14
 2.985427E+02  2.508434E-14
 3.035176E+02  2.301011E-14
 3.084925E+02  2.107822E-14
 3.134673E+02  1.935590E-14
 3.184422E+02  1.776577E-14
 3.234171E+02  1.632505E-14
 3.283920E+02  1.500002E-14
 3.333668E+02  1.377241E-14
 3.383417E+02  1.267284E-14
 3.433166E+02  1.166074E-14
 3.482915E+02  1.074313E-14
 3.532663E+02  9.884016E-15
 3.582412E+02  9.111563E-15
 3.632161E+02  8.399448E-15
 3.681910E+02  7.745522E-15
 3.731658E+02  7.146599E-15
 3.781407E+02  6.593921E-15
 3.831156E+02  6.082287E-15
 3.880905E+02  5.616033E-15
 3.930653E+02  5.192907E-15
 3.980402E+02  4.794676E-15
 4.030151E+02  4.431170E-15
 4.079899E+02  4.102383E-15
 4.129648E+02  3.793332E-15
 4.179397E+02  3.508018E-15
 4.229146E+02  3.248552E-15
 4.278894E+02  3.005742E-15
 4.328643E+02  2.782154E-15
 4.378392E+02  2.578069E-15
 4.428141E+02  2.388664E-15
 4.477889E+02  2.213764E-15
 4.527638E+02  2.052061E-15
 4.577387E+02  1.903365E-15
 4.627136E+02  1.763377E-15
 4.676884E+02  1.636945E-15
 4.726633E+02  1.516901E-15
 4.776382E+02  1.408485E-15
 4.826131E+02  1.307431E-15
 4.875879E+02  1.213839E-15
 4.925628E+02  1.126173E-15
 4.975377E+02  1.046483E-15
 5.025126E+02  9.732579E-16
 5.074874E+02  9.031968E-16
 5.124623E+02  8.396366E-16
 5.174372E+02  7.805693E-16
 5.224121E+02  7.250039E-16
 5.273869E+02  6.750607E-16
 5.323618E+02  6.272663E-16
 5.373367E+02  5.835621E-16
 5.423116E+02  5.429239E-16
 5.472864E+02  5.052092E-16
 5.522613E+02  4.699125E-16
 5.572362E+02  4.370957E-16
 5.622111E+02  4.069857E-16
 5.671859E+02  3.787451E-16
 5.721608E+02  3.523518E-16
 5.771357E+02  3.282161E-16
 5.821106E+02  3.056913E-16
 5.870854E+02  2.846828E-16
 5.920603E+02  2.650206E-16
 5.970352E+02  2.469641E-16
 6.020101E+02  2.300796E-16
 6.069849E+02  2.145109E-16
 6.119598E+02  1.999570E-16
 6.169347E+02  1.862471E-16
 6.219095E+02  1.736235E-16
 6.268844E+02  1.618829E-16
 6.318593E+02  1.509734E-16
 6.368342E+02  1.407848E-16
 6.418090E+02  1.310469E-16
 6.467839E+02  1.223781E-16
 6.517588E+02  1.139889E-16
 6.567337E+02  1.063772E-16
 6.617085E+02  9.918890E-17
 6.666834E+02  9.251504E-17
 6.716583E+02  8.631208E-17
 6.766332E+02  8.054166E-17
 6.816080E+02  7.516339E-17
 6.865829E+02  7.014955E-17
 6.915578E+02  6.546123E-17
 6.965327E+02  6.111550E-17
 7.015075E+02  5.697724E-17
 7.064824E+02  5.318133E-17
 7.114573E+02  4.964841E-17
 7.164322E+02  4.637809E-17
 7.214070E+02  4.328284E-17
 7.263819E+02  4.040303E-17
 7.313568E+02  3.775314E-17
 7.363317E+02  3.521702E-17
 7.413065E+02  3.288581E-17
 7.462814E+02  3.070045E-17
 7.512563E+02  2.864512E-17
 7.562312E+02  2.677108E-17
 7.612060E+02  2.500945E-17
 7.661809E+02  2.335759E-17
 7.711558E+02  2.179785E-17
 7.761307E+02  2.038593E-17
 7.811055E+02  1.903679E-17
 7.860804E+02  1.778540E-17
 7.910553E+02  1.659721E-17
 7.960302E+02  1.550605E-17
 8.010050E+02  1.449083E-17
 8.059799E+02  1.353222E-17
 8.109548E+02  1.264692E-17
 8.159296E+02  1.180414E-17
 8.209045E+02  1.102707E-17
 8.258794E+02  1.030942E-17
 8.308543E+02  9.637344E-18
 8.358291E+02  8.994433E-18
 8.408040E+02  8.409797E-18
 8.457789E+02  7.856500E-18
 8.507538E+02  7.339067E-18
 8.557286E+02  6.860780E-18
 8.607035E+02  6.412409E-18
 8.656784E+02  5.986960E-18
 8.706533E+02  5.594759E-18
 8.756281E+02  5.230307E-18
 8.806030E+02  4.889240E-18
 8.855779E+02  4.565491E-18
 8.905528E+02  4.270223E-18
 8.955276E+02  3.987334E-18
 9.005025E+02  3.724763E-18
 9.054774E+02  3.480745E-18
 9.104523E+02  3.252530E-18
 9.154271E+02  3.038847E-18
 9.204020E+02  2.842851E-18
 9.253769E+02  2.656091E-18
 9.303518E+02  2.482046E-18
 9.353266E+02  2.317781E-18
 9.403015E+02  2.165782E-18
 9.452764E+02  2.021393E-18
 9.502513E+02  1.891357E-18
 9.552261E+02  1.767820E-18
 9.602010E+02  1.650888E-18
 9.651759E+02  1.542517E-18
 9.701508E+02  1.440274E-18
 9.751256E+02  1.347689E-18
 9.801005E+02  1.258011E-18
 9.850754E+02  1.175385E-18
 9.900503E+02  1.097569E-18
 9.950251E+02  1.025186E-18
 1.000000E+03  9.582427E-19
