 1.000000E+01  9.068190E-08
 1.497487E+01  1.228344E-07
 1.994975E+01  9.375281E-08
 2.492462E+01  2.523926E-08
 2.989950E+01  2.845211E-09
 3.487437E+01  3.569606E-09
 3.984925E+01  4.249973E-09
 4.482412E+01  4.839036E-09
 4.979899E+01  5.299807E-09
 5.477387E+01  5.618169E-09
 5.974874E+01  5.754689E-09
 6.472362E+01  5.699818E-09
 6.969849E+01  5.444692E-09
 7.467337E+01  4.996534E-09
 7.964824E+01  4.392776E-09
 8.462312E+01  3.639131E-09
 8.959799E+01  2.795082E-09
 9.457286E+01  1.928277E-09
 9.954774E+01  1.116673E-09
 1.045226E+02  4.565770E-10
 1.094975E+02  6.033298E-11
 1.144724E+02  2.300167E-12
 1.194472E+02  1.700141E-12
 1.244221E+02  1.348716E-12
 1.293970E+02  1.106858E-12
 1.343719E+02  9.251805E-13
 1.393467E+02  7.854303E-13
 1.443216E+02  6.750283E-13
 1.492965E+02  5.823683E-13
 1.542714E+02  5.068229E-13
 1.592462E+02  4.430328E-13
 1.642211E+02  3.894716E-13
 1.691960E+02  3.431582E-13
 1.741709E+02  3.043062E-13
 1.791457E+02  2.698838E-13
 1.841206E+02  2.404508E-13
 1.890955E+02  2.145375E-13
 1.940704E+02  1.921454E-13
 1.990452E+02  1.719881E-13
 2.040201E+02  1.544385E-13
 2.089950E+02  1.389467E-13
 2.139698E+02  1.252492E-13
 2.189447E+02  1.129634E-13
 2.239196E+02  1.019899E-13
 2.288945E+02  9.231193E-14
 2.338693E+02  8.351757E-14
 2.388442E+02  7.580697E-14
 2.438191E+02  6.883783E-14
 2.487940E+02  6.255070E-14
 2.537688E+02  5.687716E-14
 2.587437E+02  5.177114E-14
 2.637186E+02  4.713310E-14
 2.686935E+02  4.302208E-14
 2.736683E+02  3.924413E-14
 2.786432E+02  3.584093E-14
 2.836181E+02  3.276189E-14
 2.885930E+02  2.994281E-14
 2.935678E+02  2.741230E-14
 2.985427E+02  2.508876E-14
 3.035176E+02  2.299698E-14
 3.084925E+02  2.109132E-14
 3.134673E+02  1.935502E-14
 3.184422E+02  1.776788E-14
 3.234171E+02  1.631305E-14
 3.283920E+02  1.497554E-14
 3.333668E+02  1.378489E-14
 3.383417E+02  1.267884E-14
 3.433166E+02  1.166306E-14
 3.482915E+02  1.073411E-14
 3.532663E+02  9.890507E-15
 3.582412E+02  9.107915E-15
 3.632161E+02  8.399648E-15
 3.681910E+02  7.741586E-15
 3.731658E+02  7.139314E-15
 3.781407E+02  6.591667E-15
 3.831156E+02  6.083299E-15
 3.880905E+02  5.619602E-15
 3.930653E+02  5.193251E-15
 3.980402E+02  4.795405E-15
 4.030151E+02  4.430439E-15
 4.079899E+02  4.100433E-15
 4.129648E+02  3.791866E-15
 4.179397E+02  3.509906E-15
 4.229146E+02  3.248452E-15
 4.278894E+02  3.003746E-15
 4.328643E+02  2.783660E-15
 4.378392E+02  2.579065E-15
 4.428141E+02  2.388327E-15
 4.477889E+02  2.211840E-15
 4.527638E+02  2.050693E-15
 4.577387E+02  1.902343E-15
 4.627136E+02  1.764313E-15
 4.676884E+02  1.637957E-15
 4.726633E+02  1.518547E-15
 4.776382E+02  1.408764E-15
 4.826131E+02  1.308731E-15
 4.875879E+02  1.213900E-15
 4.925628E+02  1.127709E-15
 4.975377E+02  1.047821E-15
 5.025126E+02  9.734456E-16
 5.074874E+02  9.036127E-16
 5.124623E+02  8.398062E-16
 5.174372E+02  7.800314E-16
 5.224121E+02  7.257069E-16
 5.273869E+02  6.750637E-16
 5.323618E+02  6.267886E-16
 5.373367E+02  5.831861E-16
 5.423116E+02  5.424662E-16
 5.472864E+02  5.047416E-16
 5.522613E+02  4.697516E-16
 5.572362E+02  4.371626E-16
 5.622111E+02  4.065695E-16
 5.671859E+02  3.787103E-16
 5.721608E+02  3.523547E-16
 5.771357E+02  3.285594E-16
 5.821106E+02  3.056874E-16
 5.870854E+02  2.844018E-16
 5.920603E+02  2.652348E-16
 5.970352E+02  2.471381E-16
 6.020101E+02  2.300253E-16
 6.069849E+02  2.144509E-16
 6.119598E+02  1.999055E-16
 6.169347E+02  1.863322E-16
 6.219095E+02  1.735507E-16
 6.268844E+02  1.617508E-16
 6.318593E+02  1.509343E-16
 6.368342E+02  1.406802E-16
 6.418090E+02  1.311621E-16
 6.467839E+02  1.222754E-16
 6.517588E+02  1.139686E-16
 6.567337E+02  1.063359E-16
 6.617085E+02  9.929941E-17
 6.666834E+02  9.259105E-17
 6.716583E+02  8.631431E-17
 6.766332E+02  8.055996E-17
 6.816080E+02  7.514412E-17
 6.865829E+02  7.006533E-17
 6.915578E+02  6.547327E-17
 6.965327E+02  6.105001E-17
 7.015075E+02  5.699212E-17
 7.064824E+02  5.319705E-17
 7.114573E+02  4.970196E-17
 7.164322E+02  4.637792E-17
 7.214070E+02  4.326709E-17
 7.263819E+02  4.039803E-17
 7.313568E+02  3.770869E-17
 7.363317E+02  3.517993E-17
 7.413065E+02  3.286914E-17
 7.462814E+02  3.069606E-17
 7.512563E+02  2.865001E-17
 7.562312E+02  2.678146E-17
 7.612060E+02  2.498219E-17
 7.661809E+02  2.335025E-17
 7.711558E+02  2.181504E-17
 7.761307E+02  2.035932E-17
 7.811055E+02  1.904214E-17
 7.860804E+02  1.777960E-17
 7.910553E+02  1.660162E-17
 7.960302E+02  1.549548E-17
 8.010050E+02  1.448772E-17
 8.059799E+02  1.354521E-17
 8.109548E+02  1.264193E-17
 8.159296E+02  1.180974E-17
 8.209045E+02  1.103680E-17
 8.258794E+02  1.031388E-17
 8.308543E+02  9.634161E-18
 8.358291E+02  9.000232E-18
 8.408040E+02  8.407669E-18
 8.457789E+02  7.848212E-18
 8.507538E+02  7.339328E-18
 8.557286E+02  6.863397E-18
 8.607035E+02  6.413133E-18
 8.656784E+02  5.991067E-18
 8.706533E+02  5.592396E-18
 8.756281E+02  5.228711E-18
 8.806030E+02  4.887866E-18
 8.855779E+02  4.564925E-18
 8.905528E+02  4.265881E-18
 8.955276E+02  3.992672E-18
 9.005025E+02  3.723777E-18
 9.054774E+02  3.480388E-18
 9.104523E+02  3.253741E-18
 9.154271E+02  3.040163E-18
 9.204020E+02  2.840717E-18
 9.253769E+02  2.655529E-18
 9.303518E+02  2.481199E-18
 9.353266E+02  2.317621E-18
 9.403015E+02  2.166061E-18
 9.452764E+02  2.021827E-18
 9.502513E+02  1.890175E-18
 9.552261E+02  1.766441E-18
 9.602010E+02  1.650281E-18
 9.651759E+02  1.542402E-18
 9.701508E+02  1.440913E-18
 9.751256E+02  1.347355E-18
 9.801005E+02  1.256786E-18
 9.850754E+02  1.173996E-18
 9.900503E+02  1.098632E-18
 9.950251E+02  1.026522E-18
 1.000000E+03  9.593937E-19
