 1.000000E+01  9.192439E-07
 1.497487E+01  1.454959E-06
 1.994975E+01  1.540137E-06
 2.492462E+01  1.061626E-06
 2.989950E+01  3.116100E-07
 3.487437E+01  3.522815E-08
 3.984925E+01  4.303420E-08
 4.482412E+01  5.048255E-08
 4.979899E+01  5.744766E-08
 5.477387E+01  6.338609E-08
 5.974874E+01  6.815599E-08
 6.472362E+01  7.167965E-08
 6.969849E+01  7.344403E-08
 7.467337E+01  7.370475E-08
 7.964824E+01  7.210611E-08
 8.462312E+01  6.877603E-08
 8.959799E+01  6.378048E-08
 9.457286E+01  5.717988E-08
 9.954774E+01  4.946278E-08
 1.045226E+02  4.072086E-08
 1.094975E+02  3.148271E-08
 1.144724E+02  2.222552E-08
 1.194472E+02  1.372471E-08
 1.244221E+02  6.558251E-09
 1.293970E+02  1.693230E-09
 1.343719E+02  3.619449E-11
 1.393467E+02  2.569215E-11
 1.443216E+02  2.049582E-11
 1.492965E+02  1.699591E-11
 1.542714E+02  1.440312E-11
 1.592462E+02  1.236906E-11
 1.642211E+02  1.075956E-11
 1.691960E+02  9.419306E-12
 1.741709E+02  8.312025E-12
 1.791457E+02  7.370774E-12
 1.841206E+02  6.555928E-12
 1.890955E+02  5.854566E-12
 1.940704E+02  5.250231E-12
 1.990452E+02  4.719114E-12
 2.040201E+02  4.252147E-12
 2.089950E+02  3.845501E-12
 2.139698E+02  3.480872E-12
 2.189447E+02  3.158007E-12
 2.239196E+02  2.869165E-12
 2.288945E+02  2.613621E-12
 2.338693E+02  2.383031E-12
 2.388442E+02  2.173671E-12
 2.438191E+02  1.988235E-12
 2.487940E+02  1.818004E-12
 2.537688E+02  1.664616E-12
 2.587437E+02  1.527132E-12
 2.637186E+02  1.402100E-12
 2.686935E+02  1.287781E-12
 2.736683E+02  1.185077E-12
 2.786432E+02  1.090984E-12
 2.836181E+02  1.005979E-12
 2.885930E+02  9.263050E-13
 2.935678E+02  8.550319E-13
 2.985427E+02  7.896551E-13
 3.035176E+02  7.294336E-13
 3.084925E+02  6.741570E-13
 3.134673E+02  6.231678E-13
 3.184422E+02  5.766291E-13
 3.234171E+02  5.337652E-13
 3.283920E+02  4.945824E-13
 3.333668E+02  4.591143E-13
 3.383417E+02  4.251467E-13
 3.433166E+02  3.948626E-13
 3.482915E+02  3.665146E-13
 3.532663E+02  3.409952E-13
 3.582412E+02  3.162381E-13
 3.632161E+02  2.941534E-13
 3.681910E+02  2.733246E-13
 3.731658E+02  2.544719E-13
 3.781407E+02  2.366617E-13
 3.831156E+02  2.205837E-13
 3.880905E+02  2.051618E-13
 3.930653E+02  1.913352E-13
 3.980402E+02  1.782322E-13
 4.030151E+02  1.662935E-13
 4.079899E+02  1.549315E-13
 4.129648E+02  1.445243E-13
 4.179397E+02  1.350040E-13
 4.229146E+02  1.259725E-13
 4.278894E+02  1.176845E-13
 4.328643E+02  1.099225E-13
 4.378392E+02  1.028239E-13
 4.428141E+02  9.603263E-14
 4.477889E+02  8.984133E-14
 4.527638E+02  8.385585E-14
 4.577387E+02  7.846819E-14
 4.627136E+02  7.345027E-14
 4.676884E+02  6.873816E-14
 4.726633E+02  6.428878E-14
 4.776382E+02  6.021183E-14
 4.826131E+02  5.637553E-14
 4.875879E+02  5.280057E-14
 4.925628E+02  4.950340E-14
 4.975377E+02  4.634001E-14
 5.025126E+02  4.345392E-14
 5.074874E+02  4.078106E-14
 5.124623E+02  3.818922E-14
 5.174372E+02  3.583005E-14
 5.224121E+02  3.358403E-14
 5.273869E+02  3.151258E-14
 5.323618E+02  2.957655E-14
 5.373367E+02  2.776446E-14
 5.423116E+02  2.603842E-14
 5.472864E+02  2.444074E-14
 5.522613E+02  2.297419E-14
 5.572362E+02  2.153989E-14
 5.622111E+02  2.025311E-14
 5.671859E+02  1.901796E-14
 5.721608E+02  1.785782E-14
 5.771357E+02  1.679336E-14
 5.821106E+02  1.576820E-14
 5.870854E+02  1.483021E-14
 5.920603E+02  1.392666E-14
 5.970352E+02  1.310791E-14
 6.020101E+02  1.231376E-14
 6.069849E+02  1.158615E-14
 6.119598E+02  1.089241E-14
 6.169347E+02  1.024460E-14
 6.219095E+02  9.640975E-15
 6.268844E+02  9.065326E-15
 6.318593E+02  8.522352E-15
 6.368342E+02  8.019507E-15
 6.418090E+02  7.557330E-15
 6.467839E+02  7.108821E-15
 6.517588E+02  6.687856E-15
 6.567337E+02  6.303188E-15
 6.617085E+02  5.936870E-15
 6.666834E+02  5.590775E-15
 6.716583E+02  5.263307E-15
 6.766332E+02  4.960203E-15
 6.816080E+02  4.669861E-15
 6.865829E+02  4.395477E-15
 6.915578E+02  4.143627E-15
 6.965327E+02  3.904024E-15
 7.015075E+02  3.676599E-15
 7.064824E+02  3.464144E-15
 7.114573E+02  3.265117E-15
 7.164322E+02  3.078992E-15
 7.214070E+02  2.901299E-15
 7.263819E+02  2.735644E-15
 7.313568E+02  2.576191E-15
 7.363317E+02  2.431858E-15
 7.413065E+02  2.294469E-15
 7.462814E+02  2.160972E-15
 7.512563E+02  2.036510E-15
 7.562312E+02  1.922335E-15
 7.612060E+02  1.813704E-15
 7.661809E+02  1.711321E-15
 7.711558E+02  1.612488E-15
 7.761307E+02  1.520859E-15
 7.811055E+02  1.433593E-15
 7.860804E+02  1.353606E-15
 7.910553E+02  1.277148E-15
 7.960302E+02  1.204666E-15
 8.010050E+02  1.136631E-15
 8.059799E+02  1.072680E-15
 8.109548E+02  1.011533E-15
 8.159296E+02  9.559796E-16
 8.209045E+02  9.020442E-16
 8.258794E+02  8.516212E-16
 8.308543E+02  8.038255E-16
 8.358291E+02  7.582526E-16
 8.408040E+02  7.156103E-16
 8.457789E+02  6.754326E-16
 8.507538E+02  6.379991E-16
 8.557286E+02  6.023401E-16
 8.607035E+02  5.684498E-16
 8.656784E+02  5.364038E-16
 8.706533E+02  5.064488E-16
 8.756281E+02  4.780904E-16
 8.806030E+02  4.516271E-16
 8.855779E+02  4.268912E-16
 8.905528E+02  4.028924E-16
 8.955276E+02  3.805433E-16
 9.005025E+02  3.589716E-16
 9.054774E+02  3.394676E-16
 9.104523E+02  3.204826E-16
 9.154271E+02  3.028472E-16
 9.204020E+02  2.858352E-16
 9.253769E+02  2.700033E-16
 9.303518E+02  2.550740E-16
 9.353266E+02  2.408527E-16
 9.403015E+02  2.275804E-16
 9.452764E+02  2.147793E-16
 9.502513E+02  2.029803E-16
 9.552261E+02  1.917229E-16
 9.602010E+02  1.811763E-16
 9.651759E+02  1.712820E-16
 9.701508E+02  1.617023E-16
 9.751256E+02  1.526399E-16
 9.801005E+02  1.443177E-16
 9.850754E+02  1.362670E-16
 9.900503E+02  1.287486E-16
 9.950251E+02  1.216189E-16
 1.000000E+03  1.148934E-16
