 1.000000E+01  2.394094E-07
 1.497487E+01  2.638172E-07
 1.994975E+01  1.119633E-07
 2.492462E+01  6.061170E-09
 2.989950E+01  7.946928E-09
 3.487437E+01  9.716241E-09
 3.984925E+01  1.120201E-08
 4.482412E+01  1.229220E-08
 4.979899E+01  1.288076E-08
 5.477387E+01  1.291941E-08
 5.974874E+01  1.234934E-08
 6.472362E+01  1.120655E-08
 6.969849E+01  9.519576E-09
 7.467337E+01  7.439663E-09
 7.964824E+01  5.164892E-09
 8.462312E+01  2.940692E-09
 8.959799E+01  1.112322E-09
 9.457286E+01  8.651757E-11
 9.954774E+01  4.757414E-12
 1.045226E+02  3.468181E-12
 1.094975E+02  2.713053E-12
 1.144724E+02  2.188882E-12
 1.194472E+02  1.804480E-12
 1.244221E+02  1.508857E-12
 1.293970E+02  1.275259E-12
 1.343719E+02  1.087492E-12
 1.393467E+02  9.337590E-13
 1.443216E+02  8.054538E-13
 1.492965E+02  6.983616E-13
 1.542714E+02  6.082477E-13
 1.592462E+02  5.316384E-13
 1.642211E+02  4.663761E-13
 1.691960E+02  4.099344E-13
 1.741709E+02  3.615459E-13
 1.791457E+02  3.197661E-13
 1.841206E+02  2.829776E-13
 1.890955E+02  2.509654E-13
 1.940704E+02  2.229878E-13
 1.990452E+02  1.988498E-13
 2.040201E+02  1.772037E-13
 2.089950E+02  1.582709E-13
 2.139698E+02  1.416857E-13
 2.189447E+02  1.268261E-13
 2.239196E+02  1.137825E-13
 2.288945E+02  1.021533E-13
 2.338693E+02  9.184516E-14
 2.388442E+02  8.259548E-14
 2.438191E+02  7.439332E-14
 2.487940E+02  6.703038E-14
 2.537688E+02  6.049951E-14
 2.587437E+02  5.465446E-14
 2.637186E+02  4.939208E-14
 2.686935E+02  4.461647E-14
 2.736683E+02  4.042708E-14
 2.786432E+02  3.662273E-14
 2.836181E+02  3.318374E-14
 2.885930E+02  3.010426E-14
 2.935678E+02  2.730051E-14
 2.985427E+02  2.481493E-14
 3.035176E+02  2.251806E-14
 3.084925E+02  2.049414E-14
 3.134673E+02  1.864473E-14
 3.184422E+02  1.696915E-14
 3.234171E+02  1.545855E-14
 3.283920E+02  1.409021E-14
 3.333668E+02  1.283984E-14
 3.383417E+02  1.170779E-14
 3.433166E+02  1.067707E-14
 3.482915E+02  9.750984E-15
 3.532663E+02  8.893372E-15
 3.582412E+02  8.123626E-15
 3.632161E+02  7.426432E-15
 3.681910E+02  6.790974E-15
 3.731658E+02  6.210487E-15
 3.781407E+02  5.681217E-15
 3.831156E+02  5.202224E-15
 3.880905E+02  4.758438E-15
 3.930653E+02  4.356633E-15
 3.980402E+02  3.993211E-15
 4.030151E+02  3.658763E-15
 4.079899E+02  3.353634E-15
 4.129648E+02  3.073783E-15
 4.179397E+02  2.820182E-15
 4.229146E+02  2.585858E-15
 4.278894E+02  2.376331E-15
 4.328643E+02  2.180116E-15
 4.378392E+02  2.002441E-15
 4.428141E+02  1.837751E-15
 4.477889E+02  1.687727E-15
 4.527638E+02  1.550259E-15
 4.577387E+02  1.424916E-15
 4.627136E+02  1.309237E-15
 4.676884E+02  1.205186E-15
 4.726633E+02  1.107012E-15
 4.776382E+02  1.017674E-15
 4.826131E+02  9.377792E-16
 4.875879E+02  8.612079E-16
 4.925628E+02  7.925887E-16
 4.975377E+02  7.286488E-16
 5.025126E+02  6.716780E-16
 5.074874E+02  6.182371E-16
 5.124623E+02  5.695733E-16
 5.174372E+02  5.243103E-16
 5.224121E+02  4.827664E-16
 5.273869E+02  4.445678E-16
 5.323618E+02  4.097696E-16
 5.373367E+02  3.780035E-16
 5.423116E+02  3.486250E-16
 5.472864E+02  3.208799E-16
 5.522613E+02  2.961356E-16
 5.572362E+02  2.729118E-16
 5.622111E+02  2.515830E-16
 5.671859E+02  2.319324E-16
 5.721608E+02  2.141156E-16
 5.771357E+02  1.974285E-16
 5.821106E+02  1.819959E-16
 5.870854E+02  1.678512E-16
 5.920603E+02  1.549142E-16
 5.970352E+02  1.429965E-16
 6.020101E+02  1.320512E-16
 6.069849E+02  1.217424E-16
 6.119598E+02  1.123560E-16
 6.169347E+02  1.037318E-16
 6.219095E+02  9.581145E-17
 6.268844E+02  8.837038E-17
 6.318593E+02  8.162248E-17
 6.368342E+02  7.537974E-17
 6.418090E+02  6.955007E-17
 6.467839E+02  6.428906E-17
 6.517588E+02  5.936444E-17
 6.567337E+02  5.480616E-17
 6.617085E+02  5.063302E-17
 6.666834E+02  4.675086E-17
 6.716583E+02  4.322886E-17
 6.766332E+02  3.993688E-17
 6.816080E+02  3.681450E-17
 6.865829E+02  3.409645E-17
 6.915578E+02  3.147493E-17
 6.965327E+02  2.907380E-17
 7.015075E+02  2.684198E-17
 7.064824E+02  2.480980E-17
 7.114573E+02  2.292436E-17
 7.164322E+02  2.119499E-17
 7.214070E+02  1.957345E-17
 7.263819E+02  1.807740E-17
 7.313568E+02  1.672331E-17
 7.363317E+02  1.545444E-17
 7.413065E+02  1.427495E-17
 7.462814E+02  1.318566E-17
 7.512563E+02  1.218818E-17
 7.562312E+02  1.127570E-17
 7.612060E+02  1.041709E-17
 7.661809E+02  9.620482E-18
 7.711558E+02  8.887314E-18
 7.761307E+02  8.215283E-18
 7.811055E+02  7.596145E-18
 7.860804E+02  7.016086E-18
 7.910553E+02  6.484091E-18
 7.960302E+02  5.990576E-18
 8.010050E+02  5.540122E-18
 8.059799E+02  5.121487E-18
 8.109548E+02  4.730236E-18
 8.159296E+02  4.370441E-18
 8.209045E+02  4.039909E-18
 8.258794E+02  3.733290E-18
 8.308543E+02  3.445626E-18
 8.358291E+02  3.185328E-18
 8.408040E+02  2.942277E-18
 8.457789E+02  2.720783E-18
 8.507538E+02  2.514471E-18
 8.557286E+02  2.321476E-18
 8.607035E+02  2.146383E-18
 8.656784E+02  1.981861E-18
 8.706533E+02  1.831367E-18
 8.756281E+02  1.692112E-18
 8.806030E+02  1.562630E-18
 8.855779E+02  1.445268E-18
 8.905528E+02  1.334107E-18
 8.955276E+02  1.231396E-18
 9.005025E+02  1.137741E-18
 9.054774E+02  1.050510E-18
 9.104523E+02  9.708457E-19
 9.154271E+02  8.959497E-19
 9.204020E+02  8.280225E-19
 9.253769E+02  7.633890E-19
 9.303518E+02  7.057986E-19
 9.353266E+02  6.513761E-19
 9.403015E+02  6.019563E-19
 9.452764E+02  5.549444E-19
 9.502513E+02  5.128845E-19
 9.552261E+02  4.735490E-19
 9.602010E+02  4.367680E-19
 9.651759E+02  4.027831E-19
 9.701508E+02  3.718468E-19
 9.751256E+02  3.433109E-19
 9.801005E+02  3.166248E-19
 9.850754E+02  2.921692E-19
 9.900503E+02  2.698443E-19
 9.950251E+02  2.486626E-19
 1.000000E+03  2.294745E-19
