 1.000000E+01  3.795336E-08
 1.497487E+01  6.804941E-08
 1.994975E+01  8.878121E-08
 2.492462E+01  9.014636E-08
 2.989950E+01  6.999100E-08
 3.487437E+01  3.489859E-08
 3.984925E+01  5.120036E-09
 4.482412E+01  2.140361E-09
 4.979899E+01  2.504313E-09
 5.477387E+01  2.861010E-09
 5.974874E+01  3.194261E-09
 6.472362E+01  3.499402E-09
 6.969849E+01  3.764374E-09
 7.467337E+01  3.995452E-09
 7.964824E+01  4.166875E-09
 8.462312E+01  4.277047E-09
 8.959799E+01  4.324688E-09
 9.457286E+01  4.311231E-09
 9.954774E+01  4.228933E-09
 1.045226E+02  4.082318E-09
 1.094975E+02  3.862727E-09
 1.144724E+02  3.590158E-09
 1.194472E+02  3.262130E-09
 1.244221E+02  2.889825E-09
 1.293970E+02  2.473979E-09
 1.343719E+02  2.039720E-09
 1.393467E+02  1.598560E-09
 1.443216E+02  1.164975E-09
 1.492965E+02  7.681501E-10
 1.542714E+02  4.256904E-10
 1.592462E+02  1.669543E-10
 1.642211E+02  2.187810E-11
 1.691960E+02  1.861227E-12
 1.741709E+02  1.472994E-12
 1.791457E+02  1.230652E-12
 1.841206E+02  1.052734E-12
 1.890955E+02  9.179898E-13
 1.940704E+02  8.082700E-13
 1.990452E+02  7.175510E-13
 2.040201E+02  6.404280E-13
 2.089950E+02  5.752068E-13
 2.139698E+02  5.191324E-13
 2.189447E+02  4.690207E-13
 2.239196E+02  4.264429E-13
 2.288945E+02  3.886544E-13
 2.338693E+02  3.551881E-13
 2.388442E+02  3.251416E-13
 2.438191E+02  2.980324E-13
 2.487940E+02  2.740331E-13
 2.537688E+02  2.519615E-13
 2.587437E+02  2.323904E-13
 2.637186E+02  2.142554E-13
 2.686935E+02  1.980396E-13
 2.736683E+02  1.831153E-13
 2.786432E+02  1.695818E-13
 2.836181E+02  1.574083E-13
 2.885930E+02  1.460095E-13
 2.935678E+02  1.356513E-13
 2.985427E+02  1.262742E-13
 3.035176E+02  1.172410E-13
 3.084925E+02  1.092513E-13
 3.134673E+02  1.018075E-13
 3.184422E+02  9.497216E-14
 3.234171E+02  8.845385E-14
 3.283920E+02  8.262174E-14
 3.333668E+02  7.725218E-14
 3.383417E+02  7.222932E-14
 3.433166E+02  6.758488E-14
 3.482915E+02  6.323016E-14
 3.532663E+02  5.918184E-14
 3.582412E+02  5.544628E-14
 3.632161E+02  5.192153E-14
 3.681910E+02  4.872835E-14
 3.731658E+02  4.572606E-14
 3.781407E+02  4.286492E-14
 3.831156E+02  4.024631E-14
 3.880905E+02  3.780882E-14
 3.930653E+02  3.546796E-14
 3.980402E+02  3.335882E-14
 4.030151E+02  3.138472E-14
 4.079899E+02  2.953218E-14
 4.129648E+02  2.777971E-14
 4.179397E+02  2.614771E-14
 4.229146E+02  2.458297E-14
 4.278894E+02  2.317483E-14
 4.328643E+02  2.183056E-14
 4.378392E+02  2.057042E-14
 4.428141E+02  1.940453E-14
 4.477889E+02  1.829108E-14
 4.527638E+02  1.724607E-14
 4.577387E+02  1.627656E-14
 4.627136E+02  1.534870E-14
 4.676884E+02  1.448511E-14
 4.726633E+02  1.368719E-14
 4.776382E+02  1.291552E-14
 4.826131E+02  1.220427E-14
 4.875879E+02  1.152584E-14
 4.925628E+02  1.089814E-14
 4.975377E+02  1.029348E-14
 5.025126E+02  9.729428E-15
 5.074874E+02  9.208330E-15
 5.124623E+02  8.705999E-15
 5.174372E+02  8.240688E-15
 5.224121E+02  7.791846E-15
 5.273869E+02  7.373467E-15
 5.323618E+02  6.985339E-15
 5.373367E+02  6.608357E-15
 5.423116E+02  6.261808E-15
 5.472864E+02  5.925979E-15
 5.522613E+02  5.612932E-15
 5.572362E+02  5.323957E-15
 5.622111E+02  5.043231E-15
 5.671859E+02  4.773222E-15
 5.721608E+02  4.521908E-15
 5.771357E+02  4.288279E-15
 5.821106E+02  4.069455E-15
 5.870854E+02  3.859591E-15
 5.920603E+02  3.656308E-15
 5.970352E+02  3.471425E-15
 6.020101E+02  3.292652E-15
 6.069849E+02  3.124524E-15
 6.119598E+02  2.963115E-15
 6.169347E+02  2.810312E-15
 6.219095E+02  2.670101E-15
 6.268844E+02  2.532064E-15
 6.318593E+02  2.407230E-15
 6.368342E+02  2.286734E-15
 6.418090E+02  2.166770E-15
 6.467839E+02  2.059499E-15
 6.517588E+02  1.956676E-15
 6.567337E+02  1.858603E-15
 6.617085E+02  1.765822E-15
 6.666834E+02  1.679176E-15
 6.716583E+02  1.595130E-15
 6.766332E+02  1.516770E-15
 6.816080E+02  1.440594E-15
 6.865829E+02  1.370761E-15
 6.915578E+02  1.301801E-15
 6.965327E+02  1.238615E-15
 7.015075E+02  1.177672E-15
 7.064824E+02  1.120792E-15
 7.114573E+02  1.065424E-15
 7.164322E+02  1.012613E-15
 7.214070E+02  9.640852E-16
 7.263819E+02  9.164663E-16
 7.313568E+02  8.723973E-16
 7.363317E+02  8.306214E-16
 7.413065E+02  7.903928E-16
 7.462814E+02  7.517345E-16
 7.512563E+02  7.159949E-16
 7.562312E+02  6.820178E-16
 7.612060E+02  6.486470E-16
 7.661809E+02  6.173005E-16
 7.711558E+02  5.872512E-16
 7.761307E+02  5.595685E-16
 7.811055E+02  5.332507E-16
 7.860804E+02  5.076890E-16
 7.910553E+02  4.833994E-16
 7.960302E+02  4.602607E-16
 8.010050E+02  4.383679E-16
 8.059799E+02  4.182746E-16
 8.109548E+02  3.976562E-16
 8.159296E+02  3.787982E-16
 8.209045E+02  3.610829E-16
 8.258794E+02  3.439028E-16
 8.308543E+02  3.280225E-16
 8.358291E+02  3.124512E-16
 8.408040E+02  2.976665E-16
 8.457789E+02  2.833815E-16
 8.507538E+02  2.705294E-16
 8.557286E+02  2.579360E-16
 8.607035E+02  2.457251E-16
 8.656784E+02  2.342071E-16
 8.706533E+02  2.233928E-16
 8.756281E+02  2.129143E-16
 8.806030E+02  2.027879E-16
 8.855779E+02  1.935345E-16
 8.905528E+02  1.846042E-16
 8.955276E+02  1.759612E-16
 9.005025E+02  1.678821E-16
 9.054774E+02  1.600683E-16
 9.104523E+02  1.527125E-16
 9.154271E+02  1.454781E-16
 9.204020E+02  1.388508E-16
 9.253769E+02  1.324086E-16
 9.303518E+02  1.263930E-16
 9.353266E+02  1.206719E-16
 9.403015E+02  1.150511E-16
 9.452764E+02  1.096270E-16
 9.502513E+02  1.046561E-16
 9.552261E+02  9.985552E-17
 9.602010E+02  9.525231E-17
 9.651759E+02  9.092180E-17
 9.701508E+02  8.671862E-17
 9.751256E+02  8.279808E-17
 9.801005E+02  7.898152E-17
 9.850754E+02  7.537636E-17
 9.900503E+02  7.196545E-17
 9.950251E+02  6.862140E-17
 1.000000E+03  6.556149E-17
