 1.000000E+01  3.797087E-08
 1.497487E+01  6.811903E-08
 1.994975E+01  8.865720E-08
 2.492462E+01  9.024015E-08
 2.989950E+01  6.995813E-08
 3.487437E+01  3.494096E-08
 3.984925E+01  5.125282E-09
 4.482412E+01  2.143255E-09
 4.979899E+01  2.502054E-09
 5.477387E+01  2.858287E-09
 5.974874E+01  3.191772E-09
 6.472362E+01  3.501399E-09
 6.969849E+01  3.770379E-09
 7.467337E+01  3.993370E-09
 7.964824E+01  4.163265E-09
 8.462312E+01  4.281630E-09
 8.959799E+01  4.326060E-09
 9.457286E+01  4.312299E-09
 9.954774E+01  4.228256E-09
 1.045226E+02  4.083212E-09
 1.094975E+02  3.859357E-09
 1.144724E+02  3.594317E-09
 1.194472E+02  3.260770E-09
 1.244221E+02  2.885815E-09
 1.293970E+02  2.475695E-09
 1.343719E+02  2.040620E-09
 1.393467E+02  1.596514E-09
 1.443216E+02  1.166890E-09
 1.492965E+02  7.684810E-10
 1.542714E+02  4.255346E-10
 1.592462E+02  1.667658E-10
 1.642211E+02  2.188749E-11
 1.691960E+02  1.860889E-12
 1.741709E+02  1.473144E-12
 1.791457E+02  1.229794E-12
 1.841206E+02  1.054443E-12
 1.890955E+02  9.175014E-13
 1.940704E+02  8.079203E-13
 1.990452E+02  7.166763E-13
 2.040201E+02  6.403626E-13
 2.089950E+02  5.751584E-13
 2.139698E+02  5.187009E-13
 2.189447E+02  4.695176E-13
 2.239196E+02  4.267354E-13
 2.288945E+02  3.890332E-13
 2.338693E+02  3.552217E-13
 2.388442E+02  3.250417E-13
 2.438191E+02  2.980396E-13
 2.487940E+02  2.739081E-13
 2.537688E+02  2.521285E-13
 2.587437E+02  2.325341E-13
 2.637186E+02  2.142996E-13
 2.686935E+02  1.980306E-13
 2.736683E+02  1.833355E-13
 2.786432E+02  1.696199E-13
 2.836181E+02  1.572395E-13
 2.885930E+02  1.459057E-13
 2.935678E+02  1.356446E-13
 2.985427E+02  1.260432E-13
 3.035176E+02  1.171936E-13
 3.084925E+02  1.093431E-13
 3.134673E+02  1.017779E-13
 3.184422E+02  9.488086E-14
 3.234171E+02  8.850408E-14
 3.283920E+02  8.273032E-14
 3.333668E+02  7.724093E-14
 3.383417E+02  7.218571E-14
 3.433166E+02  6.755004E-14
 3.482915E+02  6.322397E-14
 3.532663E+02  5.912994E-14
 3.582412E+02  5.537444E-14
 3.632161E+02  5.191803E-14
 3.681910E+02  4.870837E-14
 3.731658E+02  4.570300E-14
 3.781407E+02  4.286069E-14
 3.831156E+02  4.026217E-14
 3.880905E+02  3.777033E-14
 3.930653E+02  3.551513E-14
 3.980402E+02  3.334738E-14
 4.030151E+02  3.138696E-14
 4.079899E+02  2.951703E-14
 4.129648E+02  2.778078E-14
 4.179397E+02  2.613467E-14
 4.229146E+02  2.460310E-14
 4.278894E+02  2.318861E-14
 4.328643E+02  2.184640E-14
 4.378392E+02  2.058524E-14
 4.428141E+02  1.938313E-14
 4.477889E+02  1.828897E-14
 4.527638E+02  1.723663E-14
 4.577387E+02  1.629030E-14
 4.627136E+02  1.535937E-14
 4.676884E+02  1.448340E-14
 4.726633E+02  1.368327E-14
 4.776382E+02  1.292903E-14
 4.826131E+02  1.221373E-14
 4.875879E+02  1.153898E-14
 4.925628E+02  1.089853E-14
 4.975377E+02  1.029615E-14
 5.025126E+02  9.730425E-15
 5.074874E+02  9.210672E-15
 5.124623E+02  8.716268E-15
 5.174372E+02  8.229496E-15
 5.224121E+02  7.798829E-15
 5.273869E+02  7.371493E-15
 5.323618E+02  6.977198E-15
 5.373367E+02  6.611953E-15
 5.423116E+02  6.261075E-15
 5.472864E+02  5.922906E-15
 5.522613E+02  5.611333E-15
 5.572362E+02  5.320828E-15
 5.622111E+02  5.037608E-15
 5.671859E+02  4.774658E-15
 5.721608E+02  4.525786E-15
 5.771357E+02  4.288562E-15
 5.821106E+02  4.067578E-15
 5.870854E+02  3.857957E-15
 5.920603E+02  3.658845E-15
 5.970352E+02  3.470140E-15
 6.020101E+02  3.291162E-15
 6.069849E+02  3.121422E-15
 6.119598E+02  2.961289E-15
 6.169347E+02  2.815261E-15
 6.219095E+02  2.669532E-15
 6.268844E+02  2.533266E-15
 6.318593E+02  2.404578E-15
 6.368342E+02  2.286285E-15
 6.418090E+02  2.167958E-15
 6.467839E+02  2.063283E-15
 6.517588E+02  1.957943E-15
 6.567337E+02  1.859543E-15
 6.617085E+02  1.768014E-15
 6.666834E+02  1.679341E-15
 6.716583E+02  1.595352E-15
 6.766332E+02  1.516479E-15
 6.816080E+02  1.440731E-15
 6.865829E+02  1.370486E-15
 6.915578E+02  1.302905E-15
 6.965327E+02  1.239887E-15
 7.015075E+02  1.177632E-15
 7.064824E+02  1.120451E-15
 7.114573E+02  1.064894E-15
 7.164322E+02  1.014191E-15
 7.214070E+02  9.641145E-16
 7.263819E+02  9.173734E-16
 7.313568E+02  8.721205E-16
 7.363317E+02  8.299674E-16
 7.413065E+02  7.898712E-16
 7.462814E+02  7.517886E-16
 7.512563E+02  7.157345E-16
 7.562312E+02  6.809262E-16
 7.612060E+02  6.484970E-16
 7.661809E+02  6.178537E-16
 7.711558E+02  5.873211E-16
 7.761307E+02  5.593033E-16
 7.811055E+02  5.327278E-16
 7.860804E+02  5.076610E-16
 7.910553E+02  4.832358E-16
 7.960302E+02  4.605525E-16
 8.010050E+02  4.380490E-16
 8.059799E+02  4.174440E-16
 8.109548E+02  3.980960E-16
 8.159296E+02  3.788412E-16
 8.209045E+02  3.611934E-16
 8.258794E+02  3.442178E-16
 8.308543E+02  3.279312E-16
 8.358291E+02  3.120737E-16
 8.408040E+02  2.976279E-16
 8.457789E+02  2.837508E-16
 8.507538E+02  2.702830E-16
 8.557286E+02  2.580503E-16
 8.607035E+02  2.458110E-16
 8.656784E+02  2.341331E-16
 8.706533E+02  2.231147E-16
 8.756281E+02  2.129608E-16
 8.806030E+02  2.028858E-16
 8.855779E+02  1.935018E-16
 8.905528E+02  1.846167E-16
 8.955276E+02  1.758858E-16
 9.005025E+02  1.678803E-16
 9.054774E+02  1.600262E-16
 9.104523E+02  1.526676E-16
 9.154271E+02  1.455887E-16
 9.204020E+02  1.388036E-16
 9.253769E+02  1.325089E-16
 9.303518E+02  1.262762E-16
 9.353266E+02  1.204885E-16
 9.403015E+02  1.149743E-16
 9.452764E+02  1.096687E-16
 9.502513E+02  1.045865E-16
 9.552261E+02  9.984019E-17
 9.602010E+02  9.529100E-17
 9.651759E+02  9.093248E-17
 9.701508E+02  8.675500E-17
 9.751256E+02  8.273784E-17
 9.801005E+02  7.910651E-17
 9.850754E+02  7.535768E-17
 9.900503E+02  7.198165E-17
 9.950251E+02  6.870019E-17
 1.000000E+03  6.559204E-17
