 1.000000E+01  1.242463E-07
 1.497487E+01  4.524193E-08
 1.994975E+01  1.185903E-08
 2.492462E+01  8.776259E-09
 2.989950E+01  7.654009E-09
 3.487437E+01  6.498265E-09
 3.984925E+01  5.361091E-09
 4.482412E+01  4.278967E-09
 4.979899E+01  3.279015E-09
 5.477387E+01  2.400210E-09
 5.974874E+01  1.650016E-09
 6.472362E+01  1.045123E-09
 6.969849E+01  5.923502E-10
 7.467337E+01  2.816036E-10
 7.964824E+01  9.922099E-11
 8.462312E+01  1.850836E-11
 8.959799E+01  9.723562E-13
 9.457286E+01  6.394119E-13
 9.954774E+01  5.018405E-13
 1.045226E+02  4.028669E-13
 1.094975E+02  3.280254E-13
 1.144724E+02  2.700194E-13
 1.194472E+02  2.243680E-13
 1.244221E+02  1.875920E-13
 1.293970E+02  1.573345E-13
 1.343719E+02  1.331632E-13
 1.393467E+02  1.130758E-13
 1.443216E+02  9.640344E-14
 1.492965E+02  8.245380E-14
 1.542714E+02  7.082151E-14
 1.592462E+02  6.095178E-14
 1.642211E+02  5.266103E-14
 1.691960E+02  4.554085E-14
 1.741709E+02  3.953555E-14
 1.791457E+02  3.436161E-14
 1.841206E+02  2.995217E-14
 1.890955E+02  2.614862E-14
 1.940704E+02  2.282824E-14
 1.990452E+02  2.002487E-14
 2.040201E+02  1.756473E-14
 2.089950E+02  1.543276E-14
 2.139698E+02  1.358250E-14
 2.189447E+02  1.196233E-14
 2.239196E+02  1.055970E-14
 2.288945E+02  9.337895E-15
 2.338693E+02  8.253004E-15
 2.388442E+02  7.312339E-15
 2.438191E+02  6.482154E-15
 2.487940E+02  5.752062E-15
 2.537688E+02  5.105187E-15
 2.587437E+02  4.542076E-15
 2.637186E+02  4.048128E-15
 2.686935E+02  3.604767E-15
 2.736683E+02  3.207083E-15
 2.786432E+02  2.867059E-15
 2.836181E+02  2.559266E-15
 2.885930E+02  2.287649E-15
 2.935678E+02  2.044465E-15
 2.985427E+02  1.828835E-15
 3.035176E+02  1.638545E-15
 3.084925E+02  1.466744E-15
 3.134673E+02  1.318554E-15
 3.184422E+02  1.181484E-15
 3.234171E+02  1.061207E-15
 3.283920E+02  9.529818E-16
 3.333668E+02  8.574616E-16
 3.383417E+02  7.703711E-16
 3.433166E+02  6.928905E-16
 3.482915E+02  6.250381E-16
 3.532663E+02  5.626190E-16
 3.582412E+02  5.070438E-16
 3.632161E+02  4.571280E-16
 3.681910E+02  4.121596E-16
 3.731658E+02  3.716794E-16
 3.781407E+02  3.360110E-16
 3.831156E+02  3.034179E-16
 3.880905E+02  2.739979E-16
 3.930653E+02  2.478155E-16
 3.980402E+02  2.243551E-16
 4.030151E+02  2.024413E-16
 4.079899E+02  1.834720E-16
 4.129648E+02  1.660040E-16
 4.179397E+02  1.500978E-16
 4.229146E+02  1.360940E-16
 4.278894E+02  1.233804E-16
 4.328643E+02  1.117636E-16
 4.378392E+02  1.013137E-16
 4.428141E+02  9.192269E-17
 4.477889E+02  8.332605E-17
 4.527638E+02  7.549629E-17
 4.577387E+02  6.857794E-17
 4.627136E+02  6.227580E-17
 4.676884E+02  5.657655E-17
 4.726633E+02  5.136737E-17
 4.776382E+02  4.668279E-17
 4.826131E+02  4.239383E-17
 4.875879E+02  3.850153E-17
 4.925628E+02  3.502458E-17
 4.975377E+02  3.182978E-17
 5.025126E+02  2.898976E-17
 5.074874E+02  2.635919E-17
 5.124623E+02  2.399585E-17
 5.174372E+02  2.183149E-17
 5.224121E+02  1.985563E-17
 5.273869E+02  1.810339E-17
 5.323618E+02  1.645887E-17
 5.373367E+02  1.496942E-17
 5.423116E+02  1.364807E-17
 5.472864E+02  1.244682E-17
 5.522613E+02  1.131773E-17
 5.572362E+02  1.031594E-17
 5.622111E+02  9.395719E-18
 5.671859E+02  8.570511E-18
 5.721608E+02  7.808899E-18
 5.771357E+02  7.111335E-18
 5.821106E+02  6.495113E-18
 5.870854E+02  5.921978E-18
 5.920603E+02  5.400489E-18
 5.970352E+02  4.926706E-18
 6.020101E+02  4.491281E-18
 6.069849E+02  4.095259E-18
 6.119598E+02  3.739280E-18
 6.169347E+02  3.413467E-18
 6.219095E+02  3.109731E-18
 6.268844E+02  2.842833E-18
 6.318593E+02  2.595037E-18
 6.368342E+02  2.367153E-18
 6.418090E+02  2.159044E-18
 6.467839E+02  1.972591E-18
 6.517588E+02  1.802496E-18
 6.567337E+02  1.644782E-18
 6.617085E+02  1.499768E-18
 6.666834E+02  1.371595E-18
 6.716583E+02  1.250928E-18
 6.766332E+02  1.141679E-18
 6.816080E+02  1.043090E-18
 6.865829E+02  9.526384E-19
 6.915578E+02  8.700268E-19
 6.965327E+02  7.951748E-19
 7.015075E+02  7.258729E-19
 7.064824E+02  6.633361E-19
 7.114573E+02  6.050402E-19
 7.164322E+02  5.531239E-19
 7.214070E+02  5.050031E-19
 7.263819E+02  4.618052E-19
 7.313568E+02  4.214797E-19
 7.363317E+02  3.852906E-19
 7.413065E+02  3.516946E-19
 7.462814E+02  3.213946E-19
 7.512563E+02  2.935170E-19
 7.562312E+02  2.680842E-19
 7.612060E+02  2.451464E-19
 7.661809E+02  2.236477E-19
 7.711558E+02  2.046691E-19
 7.761307E+02  1.868204E-19
 7.811055E+02  1.710033E-19
 7.860804E+02  1.560270E-19
 7.910553E+02  1.423641E-19
 7.960302E+02  1.300590E-19
 8.010050E+02  1.189450E-19
 8.059799E+02  1.086139E-19
 8.109548E+02  9.930276E-20
 8.159296E+02  9.057021E-20
 8.209045E+02  8.284002E-20
 8.258794E+02  7.562765E-20
 8.308543E+02  6.914018E-20
 8.358291E+02  6.313986E-20
 8.408040E+02  5.760234E-20
 8.457789E+02  5.264399E-20
 8.507538E+02  4.805660E-20
 8.557286E+02  4.391069E-20
 8.607035E+02  4.009842E-20
 8.656784E+02  3.664663E-20
 8.706533E+02  3.340551E-20
 8.756281E+02  3.054463E-20
 8.806030E+02  2.785002E-20
 8.855779E+02  2.545833E-20
 8.905528E+02  2.321068E-20
 8.955276E+02  2.119428E-20
 9.005025E+02  1.934117E-20
 9.054774E+02  1.766233E-20
 9.104523E+02  1.611524E-20
 9.154271E+02  1.469443E-20
 9.204020E+02  1.341033E-20
 9.253769E+02  1.225198E-20
 9.303518E+02  1.118075E-20
 9.353266E+02  1.020013E-20
 9.403015E+02  9.290218E-21
 9.452764E+02  8.481366E-21
 9.502513E+02  7.733069E-21
 9.552261E+02  7.052627E-21
 9.602010E+02  6.437822E-21
 9.651759E+02  5.864946E-21
 9.701508E+02  5.347319E-21
 9.751256E+02  4.875031E-21
 9.801005E+02  4.444641E-21
 9.850754E+02  4.053396E-21
 9.900503E+02  3.692212E-21
 9.950251E+02  3.367746E-21
 1.000000E+03  3.069563E-21
