 1.000000E+01  1.126730E-05
 1.497487E+01  3.621633E-06
 1.994975E+01  1.006407E-06
 2.492462E+01  8.398912E-07
 2.989950E+01  7.182195E-07
 3.487437E+01  5.975434E-07
 3.984925E+01  4.812195E-07
 4.482412E+01  3.722640E-07
 4.979899E+01  2.751133E-07
 5.477387E+01  1.921370E-07
 5.974874E+01  1.236967E-07
 6.472362E+01  7.148075E-08
 6.969849E+01  3.517770E-08
 7.467337E+01  1.315897E-08
 7.964824E+01  2.816525E-09
 8.462312E+01  1.476948E-10
 8.959799E+01  6.406867E-11
 9.457286E+01  4.960747E-11
 9.954774E+01  3.941051E-11
 1.045226E+02  3.175283E-11
 1.094975E+02  2.589388E-11
 1.144724E+02  2.130617E-11
 1.194472E+02  1.766162E-11
 1.244221E+02  1.473208E-11
 1.293970E+02  1.238826E-11
 1.343719E+02  1.044537E-11
 1.393467E+02  8.839685E-12
 1.443216E+02  7.514139E-12
 1.492965E+02  6.415964E-12
 1.542714E+02  5.489868E-12
 1.592462E+02  4.715914E-12
 1.642211E+02  4.055895E-12
 1.691960E+02  3.497393E-12
 1.741709E+02  3.023401E-12
 1.791457E+02  2.618935E-12
 1.841206E+02  2.276831E-12
 1.890955E+02  1.981435E-12
 1.940704E+02  1.725566E-12
 1.990452E+02  1.506397E-12
 2.040201E+02  1.317291E-12
 2.089950E+02  1.153444E-12
 2.139698E+02  1.011414E-12
 2.189447E+02  8.895071E-13
 2.239196E+02  7.812868E-13
 2.288945E+02  6.879606E-13
 2.338693E+02  6.065105E-13
 2.388442E+02  5.357252E-13
 2.438191E+02  4.719570E-13
 2.487940E+02  4.180963E-13
 2.537688E+02  3.698248E-13
 2.587437E+02  3.281302E-13
 2.637186E+02  2.911577E-13
 2.686935E+02  2.582251E-13
 2.736683E+02  2.297168E-13
 2.786432E+02  2.040294E-13
 2.836181E+02  1.816302E-13
 2.885930E+02  1.616295E-13
 2.935678E+02  1.442243E-13
 2.985427E+02  1.285402E-13
 3.035176E+02  1.147208E-13
 3.084925E+02  1.024129E-13
 3.134673E+02  9.162426E-14
 3.184422E+02  8.190745E-14
 3.234171E+02  7.319257E-14
 3.283920E+02  6.551718E-14
 3.333668E+02  5.873058E-14
 3.383417E+02  5.265457E-14
 3.433166E+02  4.718970E-14
 3.482915E+02  4.236697E-14
 3.532663E+02  3.803746E-14
 3.582412E+02  3.414197E-14
 3.632161E+02  3.064973E-14
 3.681910E+02  2.757054E-14
 3.731658E+02  2.478701E-14
 3.781407E+02  2.232352E-14
 3.831156E+02  2.005838E-14
 3.880905E+02  1.808510E-14
 3.930653E+02  1.627669E-14
 3.980402E+02  1.465419E-14
 4.030151E+02  1.320726E-14
 4.079899E+02  1.191695E-14
 4.129648E+02  1.073598E-14
 4.179397E+02  9.690453E-15
 4.229146E+02  8.754674E-15
 4.278894E+02  7.901580E-15
 4.328643E+02  7.126821E-15
 4.378392E+02  6.447358E-15
 4.428141E+02  5.821356E-15
 4.477889E+02  5.256982E-15
 4.527638E+02  4.756412E-15
 4.577387E+02  4.300407E-15
 4.627136E+02  3.884997E-15
 4.676884E+02  3.522997E-15
 4.726633E+02  3.185613E-15
 4.776382E+02  2.882072E-15
 4.826131E+02  2.609071E-15
 4.875879E+02  2.366179E-15
 4.925628E+02  2.140361E-15
 4.975377E+02  1.939633E-15
 5.025126E+02  1.758239E-15
 5.074874E+02  1.591735E-15
 5.124623E+02  1.443142E-15
 5.174372E+02  1.308238E-15
 5.224121E+02  1.186217E-15
 5.273869E+02  1.075298E-15
 5.323618E+02  9.752934E-16
 5.373367E+02  8.865197E-16
 5.423116E+02  8.035505E-16
 5.472864E+02  7.288308E-16
 5.522613E+02  6.608752E-16
 5.572362E+02  6.001642E-16
 5.622111E+02  5.445031E-16
 5.671859E+02  4.949029E-16
 5.721608E+02  4.493458E-16
 5.771357E+02  4.078564E-16
 5.821106E+02  3.706239E-16
 5.870854E+02  3.371358E-16
 5.920603E+02  3.056943E-16
 5.970352E+02  2.776041E-16
 6.020101E+02  2.520998E-16
 6.069849E+02  2.291765E-16
 6.119598E+02  2.082443E-16
 6.169347E+02  1.893432E-16
 6.219095E+02  1.721098E-16
 6.268844E+02  1.564259E-16
 6.318593E+02  1.420264E-16
 6.368342E+02  1.292349E-16
 6.418090E+02  1.174721E-16
 6.467839E+02  1.067708E-16
 6.517588E+02  9.701216E-17
 6.567337E+02  8.829677E-17
 6.617085E+02  8.026828E-17
 6.666834E+02  7.294847E-17
 6.716583E+02  6.634477E-17
 6.766332E+02  6.024600E-17
 6.816080E+02  5.485063E-17
 6.865829E+02  4.988205E-17
 6.915578E+02  4.540362E-17
 6.965327E+02  4.123119E-17
 7.015075E+02  3.755395E-17
 7.064824E+02  3.412508E-17
 7.114573E+02  3.101808E-17
 7.164322E+02  2.824448E-17
 7.214070E+02  2.568742E-17
 7.263819E+02  2.334973E-17
 7.313568E+02  2.127467E-17
 7.363317E+02  1.932911E-17
 7.413065E+02  1.760114E-17
 7.462814E+02  1.598718E-17
 7.512563E+02  1.453195E-17
 7.562312E+02  1.321573E-17
 7.612060E+02  1.203177E-17
 7.661809E+02  1.095130E-17
 7.711558E+02  9.947711E-18
 7.761307E+02  9.054660E-18
 7.811055E+02  8.231606E-18
 7.860804E+02  7.481627E-18
 7.910553E+02  6.803527E-18
 7.960302E+02  6.193660E-18
 8.010050E+02  5.634478E-18
 8.059799E+02  5.109925E-18
 8.109548E+02  4.653968E-18
 8.159296E+02  4.224553E-18
 8.209045E+02  3.846553E-18
 8.258794E+02  3.494847E-18
 8.308543E+02  3.178492E-18
 8.358291E+02  2.889790E-18
 8.408040E+02  2.622299E-18
 8.457789E+02  2.384286E-18
 8.507538E+02  2.169627E-18
 8.557286E+02  1.972550E-18
 8.607035E+02  1.791653E-18
 8.656784E+02  1.627356E-18
 8.706533E+02  1.477430E-18
 8.756281E+02  1.342476E-18
 8.806030E+02  1.219859E-18
 8.855779E+02  1.108367E-18
 8.905528E+02  1.007326E-18
 8.955276E+02  9.148676E-19
 9.005025E+02  8.295730E-19
 9.054774E+02  7.540931E-19
 9.104523E+02  6.835274E-19
 9.154271E+02  6.210746E-19
 9.204020E+02  5.641861E-19
 9.253769E+02  5.113255E-19
 9.303518E+02  4.642143E-19
 9.353266E+02  4.220520E-19
 9.403015E+02  3.823326E-19
 9.452764E+02  3.466533E-19
 9.502513E+02  3.147570E-19
 9.552261E+02  2.854351E-19
 9.602010E+02  2.588672E-19
 9.651759E+02  2.346394E-19
 9.701508E+02  2.128699E-19
 9.751256E+02  1.928414E-19
 9.801005E+02  1.749028E-19
 9.850754E+02  1.587683E-19
 9.900503E+02  1.436127E-19
 9.950251E+02  1.302694E-19
 1.000000E+03  1.180231E-19
