 1.000000E+01  1.242877E-07
 1.497487E+01  4.520827E-08
 1.994975E+01  1.182181E-08
 2.492462E+01  8.786454E-09
 2.989950E+01  7.649585E-09
 3.487437E+01  6.505671E-09
 3.984925E+01  5.356015E-09
 4.482412E+01  4.279422E-09
 4.979899E+01  3.279709E-09
 5.477387E+01  2.403777E-09
 5.974874E+01  1.651705E-09
 6.472362E+01  1.045882E-09
 6.969849E+01  5.922151E-10
 7.467337E+01  2.818752E-10
 7.964824E+01  9.931734E-11
 8.462312E+01  1.849792E-11
 8.959799E+01  9.715165E-13
 9.457286E+01  6.382115E-13
 9.954774E+01  5.014311E-13
 1.045226E+02  4.021554E-13
 1.094975E+02  3.277648E-13
 1.144724E+02  2.697164E-13
 1.194472E+02  2.238748E-13
 1.244221E+02  1.872976E-13
 1.293970E+02  1.576940E-13
 1.343719E+02  1.333034E-13
 1.393467E+02  1.129710E-13
 1.443216E+02  9.654019E-14
 1.492965E+02  8.261057E-14
 1.542714E+02  7.083533E-14
 1.592462E+02  6.100158E-14
 1.642211E+02  5.263159E-14
 1.691960E+02  4.554894E-14
 1.741709E+02  3.950016E-14
 1.791457E+02  3.436619E-14
 1.841206E+02  2.993710E-14
 1.890955E+02  2.613371E-14
 1.940704E+02  2.285457E-14
 1.990452E+02  2.002534E-14
 2.040201E+02  1.758273E-14
 2.089950E+02  1.543600E-14
 2.139698E+02  1.357803E-14
 2.189447E+02  1.197321E-14
 2.239196E+02  1.055741E-14
 2.288945E+02  9.326279E-15
 2.338693E+02  8.253017E-15
 2.388442E+02  7.306726E-15
 2.438191E+02  6.484805E-15
 2.487940E+02  5.752370E-15
 2.537688E+02  5.113255E-15
 2.587437E+02  4.543030E-15
 2.637186E+02  4.043882E-15
 2.686935E+02  3.603352E-15
 2.736683E+02  3.209248E-15
 2.786432E+02  2.864813E-15
 2.836181E+02  2.559150E-15
 2.885930E+02  2.288337E-15
 2.935678E+02  2.043827E-15
 2.985427E+02  1.833644E-15
 3.035176E+02  1.640114E-15
 3.084925E+02  1.469979E-15
 3.134673E+02  1.318393E-15
 3.184422E+02  1.181383E-15
 3.234171E+02  1.062382E-15
 3.283920E+02  9.538568E-16
 3.333668E+02  8.567786E-16
 3.383417E+02  7.711582E-16
 3.433166E+02  6.942120E-16
 3.482915E+02  6.243182E-16
 3.532663E+02  5.624894E-16
 3.582412E+02  5.060892E-16
 3.632161E+02  4.570488E-16
 3.681910E+02  4.126845E-16
 3.731658E+02  3.719307E-16
 3.781407E+02  3.360020E-16
 3.831156E+02  3.036029E-16
 3.880905E+02  2.742222E-16
 3.930653E+02  2.475503E-16
 3.980402E+02  2.240960E-16
 4.030151E+02  2.027434E-16
 4.079899E+02  1.834576E-16
 4.129648E+02  1.659581E-16
 4.179397E+02  1.502516E-16
 4.229146E+02  1.361168E-16
 4.278894E+02  1.233362E-16
 4.328643E+02  1.116938E-16
 4.378392E+02  1.013034E-16
 4.428141E+02  9.182698E-17
 4.477889E+02  8.338241E-17
 4.527638E+02  7.555648E-17
 4.577387E+02  6.861947E-17
 4.627136E+02  6.228591E-17
 4.676884E+02  5.654769E-17
 4.726633E+02  5.136567E-17
 4.776382E+02  4.662581E-17
 4.826131E+02  4.239556E-17
 4.875879E+02  3.850143E-17
 4.925628E+02  3.501082E-17
 4.975377E+02  3.187627E-17
 5.025126E+02  2.900971E-17
 5.074874E+02  2.636073E-17
 5.124623E+02  2.395703E-17
 5.174372E+02  2.182768E-17
 5.224121E+02  1.984062E-17
 5.273869E+02  1.808583E-17
 5.323618E+02  1.645976E-17
 5.373367E+02  1.498677E-17
 5.423116E+02  1.364073E-17
 5.472864E+02  1.242786E-17
 5.522613E+02  1.132595E-17
 5.572362E+02  1.030136E-17
 5.622111E+02  9.397821E-18
 5.671859E+02  8.569626E-18
 5.721608E+02  7.813951E-18
 5.771357E+02  7.110809E-18
 5.821106E+02  6.489563E-18
 5.870854E+02  5.918568E-18
 5.920603E+02  5.394282E-18
 5.970352E+02  4.923242E-18
 6.020101E+02  4.495632E-18
 6.069849E+02  4.102016E-18
 6.119598E+02  3.739980E-18
 6.169347E+02  3.411966E-18
 6.219095E+02  3.111947E-18
 6.268844E+02  2.838740E-18
 6.318593E+02  2.588534E-18
 6.368342E+02  2.368080E-18
 6.418090E+02  2.159038E-18
 6.467839E+02  1.971161E-18
 6.517588E+02  1.798867E-18
 6.567337E+02  1.642576E-18
 6.617085E+02  1.500126E-18
 6.666834E+02  1.368808E-18
 6.716583E+02  1.251443E-18
 6.766332E+02  1.141938E-18
 6.816080E+02  1.043549E-18
 6.865829E+02  9.526472E-19
 6.915578E+02  8.704178E-19
 6.965327E+02  7.952803E-19
 7.015075E+02  7.263351E-19
 7.064824E+02  6.633777E-19
 7.114573E+02  6.050111E-19
 7.164322E+02  5.531027E-19
 7.214070E+02  5.053736E-19
 7.263819E+02  4.616495E-19
 7.313568E+02  4.214207E-19
 7.363317E+02  3.848022E-19
 7.413065E+02  3.517344E-19
 7.462814E+02  3.216908E-19
 7.512563E+02  2.936955E-19
 7.562312E+02  2.683800E-19
 7.612060E+02  2.450996E-19
 7.661809E+02  2.239404E-19
 7.711558E+02  2.048123E-19
 7.761307E+02  1.868714E-19
 7.811055E+02  1.707782E-19
 7.860804E+02  1.559249E-19
 7.910553E+02  1.425164E-19
 7.960302E+02  1.301971E-19
 8.010050E+02  1.188828E-19
 8.059799E+02  1.086405E-19
 8.109548E+02  9.907529E-20
 8.159296E+02  9.067158E-20
 8.209045E+02  8.280797E-20
 8.258794E+02  7.560096E-20
 8.308543E+02  6.908265E-20
 8.358291E+02  6.309163E-20
 8.408040E+02  5.762555E-20
 8.457789E+02  5.266421E-20
 8.507538E+02  4.809455E-20
 8.557286E+02  4.392387E-20
 8.607035E+02  4.009856E-20
 8.656784E+02  3.665298E-20
 8.706533E+02  3.341480E-20
 8.756281E+02  3.053545E-20
 8.806030E+02  2.780052E-20
 8.855779E+02  2.543531E-20
 8.905528E+02  2.320873E-20
 8.955276E+02  2.119955E-20
 9.005025E+02  1.936260E-20
 9.054774E+02  1.765833E-20
 9.104523E+02  1.611554E-20
 9.154271E+02  1.469704E-20
 9.204020E+02  1.342231E-20
 9.253769E+02  1.225100E-20
 9.303518E+02  1.117221E-20
 9.353266E+02  1.018798E-20
 9.403015E+02  9.299626E-21
 9.452764E+02  8.479747E-21
 9.502513E+02  7.734604E-21
 9.552261E+02  7.047715E-21
 9.602010E+02  6.440825E-21
 9.651759E+02  5.864851E-21
 9.701508E+02  5.352352E-21
 9.751256E+02  4.875019E-21
 9.801005E+02  4.451521E-21
 9.850754E+02  4.053142E-21
 9.900503E+02  3.695209E-21
 9.950251E+02  3.365604E-21
 1.000000E+03  3.070414E-21
