 1.000000E+01  1.566149E-07
 1.497487E+01  7.628685E-08
 1.994975E+01  2.488204E-08
 2.492462E+01  9.895619E-09
 2.989950E+01  8.858090E-09
 3.487437E+01  7.876384E-09
 3.984925E+01  6.873037E-09
 4.482412E+01  5.867032E-09
 4.979899E+01  4.890986E-09
 5.477387E+01  3.957829E-09
 5.974874E+01  3.098403E-09
 6.472362E+01  2.327047E-09
 6.969849E+01  1.666805E-09
 7.467337E+01  1.121497E-09
 7.964824E+01  6.903255E-10
 8.462312E+01  3.764111E-10
 8.959799E+01  1.697868E-10
 9.457286E+01  5.436872E-11
 9.954774E+01  8.285844E-12
 1.045226E+02  8.491340E-13
 1.094975E+02  6.655445E-13
 1.144724E+02  5.393083E-13
 1.194472E+02  4.445842E-13
 1.244221E+02  3.715140E-13
 1.293970E+02  3.130592E-13
 1.343719E+02  2.654719E-13
 1.393467E+02  2.262015E-13
 1.443216E+02  1.938900E-13
 1.492965E+02  1.668519E-13
 1.542714E+02  1.444281E-13
 1.592462E+02  1.252536E-13
 1.642211E+02  1.088912E-13
 1.691960E+02  9.506285E-14
 1.741709E+02  8.309585E-14
 1.791457E+02  7.286090E-14
 1.841206E+02  6.407035E-14
 1.890955E+02  5.642822E-14
 1.940704E+02  4.973893E-14
 1.990452E+02  4.395256E-14
 2.040201E+02  3.895416E-14
 2.089950E+02  3.450412E-14
 2.139698E+02  3.068304E-14
 2.189447E+02  2.724019E-14
 2.239196E+02  2.428937E-14
 2.288945E+02  2.166352E-14
 2.338693E+02  1.934156E-14
 2.388442E+02  1.727837E-14
 2.438191E+02  1.544831E-14
 2.487940E+02  1.385918E-14
 2.537688E+02  1.241062E-14
 2.587437E+02  1.114283E-14
 2.637186E+02  1.001667E-14
 2.686935E+02  9.001738E-15
 2.736683E+02  8.091846E-15
 2.786432E+02  7.295097E-15
 2.836181E+02  6.577896E-15
 2.885930E+02  5.926211E-15
 2.935678E+02  5.357747E-15
 2.985427E+02  4.837281E-15
 3.035176E+02  4.367994E-15
 3.084925E+02  3.955672E-15
 3.134673E+02  3.580934E-15
 3.184422E+02  3.240422E-15
 3.234171E+02  2.938412E-15
 3.283920E+02  2.666347E-15
 3.333668E+02  2.418516E-15
 3.383417E+02  2.193393E-15
 3.433166E+02  1.994732E-15
 3.482915E+02  1.814884E-15
 3.532663E+02  1.647551E-15
 3.582412E+02  1.499028E-15
 3.632161E+02  1.365443E-15
 3.681910E+02  1.242748E-15
 3.731658E+02  1.131133E-15
 3.781407E+02  1.031788E-15
 3.831156E+02  9.402329E-16
 3.880905E+02  8.576198E-16
 3.930653E+02  7.823683E-16
 3.980402E+02  7.155081E-16
 4.030151E+02  6.519531E-16
 4.079899E+02  5.965023E-16
 4.129648E+02  5.446882E-16
 4.179397E+02  4.976906E-16
 4.229146E+02  4.550008E-16
 4.278894E+02  4.164930E-16
 4.328643E+02  3.811006E-16
 4.378392E+02  3.487121E-16
 4.428141E+02  3.189296E-16
 4.477889E+02  2.925804E-16
 4.527638E+02  2.676137E-16
 4.577387E+02  2.455108E-16
 4.627136E+02  2.253183E-16
 4.676884E+02  2.062252E-16
 4.726633E+02  1.891387E-16
 4.776382E+02  1.736776E-16
 4.826131E+02  1.591605E-16
 4.875879E+02  1.462508E-16
 4.925628E+02  1.342471E-16
 4.975377E+02  1.233648E-16
 5.025126E+02  1.131576E-16
 5.074874E+02  1.040082E-16
 5.124623E+02  9.552066E-17
 5.174372E+02  8.780523E-17
 5.224121E+02  8.069046E-17
 5.273869E+02  7.423933E-17
 5.323618E+02  6.830990E-17
 5.373367E+02  6.283420E-17
 5.423116E+02  5.773881E-17
 5.472864E+02  5.309006E-17
 5.522613E+02  4.886744E-17
 5.572362E+02  4.500761E-17
 5.622111E+02  4.143779E-17
 5.671859E+02  3.810597E-17
 5.721608E+02  3.512867E-17
 5.771357E+02  3.234542E-17
 5.821106E+02  2.979903E-17
 5.870854E+02  2.746894E-17
 5.920603E+02  2.531148E-17
 5.970352E+02  2.330503E-17
 6.020101E+02  2.148292E-17
 6.069849E+02  1.978926E-17
 6.119598E+02  1.826615E-17
 6.169347E+02  1.684145E-17
 6.219095E+02  1.550774E-17
 6.268844E+02  1.430467E-17
 6.318593E+02  1.320489E-17
 6.368342E+02  1.217906E-17
 6.418090E+02  1.124318E-17
 6.467839E+02  1.035564E-17
 6.517588E+02  9.563442E-18
 6.567337E+02  8.816795E-18
 6.617085E+02  8.146407E-18
 6.666834E+02  7.518163E-18
 6.716583E+02  6.937622E-18
 6.766332E+02  6.399607E-18
 6.816080E+02  5.910260E-18
 6.865829E+02  5.455592E-18
 6.915578E+02  5.044947E-18
 6.965327E+02  4.656558E-18
 7.015075E+02  4.303712E-18
 7.064824E+02  3.971688E-18
 7.114573E+02  3.661807E-18
 7.164322E+02  3.385173E-18
 7.214070E+02  3.127088E-18
 7.263819E+02  2.892235E-18
 7.313568E+02  2.669734E-18
 7.363317E+02  2.471003E-18
 7.413065E+02  2.281563E-18
 7.462814E+02  2.108353E-18
 7.512563E+02  1.946858E-18
 7.562312E+02  1.801086E-18
 7.612060E+02  1.663342E-18
 7.661809E+02  1.538080E-18
 7.711558E+02  1.419692E-18
 7.761307E+02  1.313852E-18
 7.811055E+02  1.213361E-18
 7.860804E+02  1.121664E-18
 7.910553E+02  1.037152E-18
 7.960302E+02  9.590335E-19
 8.010050E+02  8.872447E-19
 8.059799E+02  8.195627E-19
 8.109548E+02  7.573412E-19
 8.159296E+02  7.001906E-19
 8.209045E+02  6.483153E-19
 8.258794E+02  5.985267E-19
 8.308543E+02  5.539239E-19
 8.358291E+02  5.120384E-19
 8.408040E+02  4.731102E-19
 8.457789E+02  4.378633E-19
 8.507538E+02  4.046740E-19
 8.557286E+02  3.737742E-19
 8.607035E+02  3.457108E-19
 8.656784E+02  3.196562E-19
 8.706533E+02  2.954280E-19
 8.756281E+02  2.732057E-19
 8.806030E+02  2.527815E-19
 8.855779E+02  2.337843E-19
 8.905528E+02  2.161056E-19
 8.955276E+02  1.996673E-19
 9.005025E+02  1.848573E-19
 9.054774E+02  1.707375E-19
 9.104523E+02  1.579224E-19
 9.154271E+02  1.460408E-19
 9.204020E+02  1.350380E-19
 9.253769E+02  1.249382E-19
 9.303518E+02  1.153972E-19
 9.353266E+02  1.066936E-19
 9.403015E+02  9.878035E-20
 9.452764E+02  9.115976E-20
 9.502513E+02  8.434263E-20
 9.552261E+02  7.797434E-20
 9.602010E+02  7.208001E-20
 9.651759E+02  6.668645E-20
 9.701508E+02  6.151085E-20
 9.751256E+02  5.689778E-20
 9.801005E+02  5.265314E-20
 9.850754E+02  4.861373E-20
 9.900503E+02  4.502308E-20
 9.950251E+02  4.158162E-20
 1.000000E+03  3.844231E-20
