 1.000000E+01  1.567226E-07
 1.497487E+01  7.629556E-08
 1.994975E+01  2.492173E-08
 2.492462E+01  9.906952E-09
 2.989950E+01  8.858267E-09
 3.487437E+01  7.889601E-09
 3.984925E+01  6.868595E-09
 4.482412E+01  5.852785E-09
 4.979899E+01  4.886013E-09
 5.477387E+01  3.959052E-09
 5.974874E+01  3.096738E-09
 6.472362E+01  2.325252E-09
 6.969849E+01  1.670612E-09
 7.467337E+01  1.119866E-09
 7.964824E+01  6.906785E-10
 8.462312E+01  3.762731E-10
 8.959799E+01  1.697706E-10
 9.457286E+01  5.451251E-11
 9.954774E+01  8.293008E-12
 1.045226E+02  8.493551E-13
 1.094975E+02  6.655413E-13
 1.144724E+02  5.387538E-13
 1.194472E+02  4.449018E-13
 1.244221E+02  3.714993E-13
 1.293970E+02  3.128234E-13
 1.343719E+02  2.651726E-13
 1.393467E+02  2.264610E-13
 1.443216E+02  1.941271E-13
 1.492965E+02  1.670741E-13
 1.542714E+02  1.444986E-13
 1.592462E+02  1.252378E-13
 1.642211E+02  1.091335E-13
 1.691960E+02  9.513084E-14
 1.741709E+02  8.317910E-14
 1.791457E+02  7.291263E-14
 1.841206E+02  6.405569E-14
 1.890955E+02  5.646032E-14
 1.940704E+02  4.977519E-14
 1.990452E+02  4.396014E-14
 2.040201E+02  3.890396E-14
 2.089950E+02  3.450535E-14
 2.139698E+02  3.067830E-14
 2.189447E+02  2.723761E-14
 2.239196E+02  2.425235E-14
 2.288945E+02  2.167472E-14
 2.338693E+02  1.931965E-14
 2.388442E+02  1.727132E-14
 2.438191E+02  1.546239E-14
 2.487940E+02  1.385112E-14
 2.537688E+02  1.240442E-14
 2.587437E+02  1.114809E-14
 2.637186E+02  1.000766E-14
 2.686935E+02  8.996948E-15
 2.736683E+02  8.101793E-15
 2.786432E+02  7.287853E-15
 2.836181E+02  6.576168E-15
 2.885930E+02  5.928375E-15
 2.935678E+02  5.355544E-15
 2.985427E+02  4.838040E-15
 3.035176E+02  4.366467E-15
 3.084925E+02  3.956198E-15
 3.134673E+02  3.582128E-15
 3.184422E+02  3.243509E-15
 3.234171E+02  2.940158E-15
 3.283920E+02  2.669045E-15
 3.333668E+02  2.416324E-15
 3.383417E+02  2.197024E-15
 3.433166E+02  1.992791E-15
 3.482915E+02  1.815161E-15
 3.532663E+02  1.649082E-15
 3.582412E+02  1.498201E-15
 3.632161E+02  1.365473E-15
 3.681910E+02  1.240928E-15
 3.731658E+02  1.131532E-15
 3.781407E+02  1.031736E-15
 3.831156E+02  9.392218E-16
 3.880905E+02  8.577656E-16
 3.930653E+02  7.829496E-16
 3.980402E+02  7.142879E-16
 4.030151E+02  6.521770E-16
 4.079899E+02  5.955917E-16
 4.129648E+02  5.448024E-16
 4.179397E+02  4.981804E-16
 4.229146E+02  4.550385E-16
 4.278894E+02  4.162889E-16
 4.328643E+02  3.810906E-16
 4.378392E+02  3.483352E-16
 4.428141E+02  3.194665E-16
 4.477889E+02  2.925487E-16
 4.527638E+02  2.678767E-16
 4.577387E+02  2.456548E-16
 4.627136E+02  2.247435E-16
 4.676884E+02  2.061663E-16
 4.726633E+02  1.892702E-16
 4.776382E+02  1.734611E-16
 4.826131E+02  1.593668E-16
 4.875879E+02  1.463951E-16
 4.925628E+02  1.343153E-16
 4.975377E+02  1.232843E-16
 5.025126E+02  1.132758E-16
 5.074874E+02  1.040164E-16
 5.124623E+02  9.572727E-17
 5.174372E+02  8.782769E-17
 5.224121E+02  8.075917E-17
 5.273869E+02  7.419933E-17
 5.323618E+02  6.821701E-17
 5.373367E+02  6.284050E-17
 5.423116E+02  5.780014E-17
 5.472864E+02  5.311372E-17
 5.522613E+02  4.890109E-17
 5.572362E+02  4.500549E-17
 5.622111E+02  4.145248E-17
 5.671859E+02  3.810963E-17
 5.721608E+02  3.512528E-17
 5.771357E+02  3.235329E-17
 5.821106E+02  2.976671E-17
 5.870854E+02  2.745513E-17
 5.920603E+02  2.529250E-17
 5.970352E+02  2.331930E-17
 6.020101E+02  2.148356E-17
 6.069849E+02  1.980338E-17
 6.119598E+02  1.824005E-17
 6.169347E+02  1.684867E-17
 6.219095E+02  1.551780E-17
 6.268844E+02  1.430413E-17
 6.318593E+02  1.321003E-17
 6.368342E+02  1.217815E-17
 6.418090E+02  1.122200E-17
 6.467839E+02  1.036581E-17
 6.517588E+02  9.568696E-18
 6.567337E+02  8.822338E-18
 6.617085E+02  8.154085E-18
 6.666834E+02  7.511664E-18
 6.716583E+02  6.942041E-18
 6.766332E+02  6.409365E-18
 6.816080E+02  5.915738E-18
 6.865829E+02  5.465695E-18
 6.915578E+02  5.041672E-18
 6.965327E+02  4.653039E-18
 7.015075E+02  4.300253E-18
 7.064824E+02  3.974036E-18
 7.114573E+02  3.666919E-18
 7.164322E+02  3.390319E-18
 7.214070E+02  3.129913E-18
 7.263819E+02  2.892384E-18
 7.313568E+02  2.672015E-18
 7.363317E+02  2.468393E-18
 7.413065E+02  2.279089E-18
 7.462814E+02  2.103539E-18
 7.512563E+02  1.947005E-18
 7.562312E+02  1.801442E-18
 7.612060E+02  1.662960E-18
 7.661809E+02  1.537578E-18
 7.711558E+02  1.420262E-18
 7.761307E+02  1.312338E-18
 7.811055E+02  1.213491E-18
 7.860804E+02  1.121128E-18
 7.910553E+02  1.036786E-18
 7.960302E+02  9.593518E-19
 8.010050E+02  8.861936E-19
 8.059799E+02  8.188692E-19
 8.109548E+02  7.566051E-19
 8.159296E+02  7.000797E-19
 8.209045E+02  6.473624E-19
 8.258794E+02  5.989013E-19
 8.308543E+02  5.532366E-19
 8.358291E+02  5.117739E-19
 8.408040E+02  4.729574E-19
 8.457789E+02  4.371222E-19
 8.507538E+02  4.041848E-19
 8.557286E+02  3.737601E-19
 8.607035E+02  3.458596E-19
 8.656784E+02  3.198760E-19
 8.706533E+02  2.954978E-19
 8.756281E+02  2.732902E-19
 8.806030E+02  2.525051E-19
 8.855779E+02  2.339060E-19
 8.905528E+02  2.159021E-19
 8.955276E+02  2.000841E-19
 9.005025E+02  1.847141E-19
 9.054774E+02  1.708811E-19
 9.104523E+02  1.581132E-19
 9.154271E+02  1.461191E-19
 9.204020E+02  1.350618E-19
 9.253769E+02  1.247564E-19
 9.303518E+02  1.153582E-19
 9.353266E+02  1.066708E-19
 9.403015E+02  9.874667E-20
 9.452764E+02  9.120338E-20
 9.502513E+02  8.438442E-20
 9.552261E+02  7.794577E-20
 9.602010E+02  7.208737E-20
 9.651759E+02  6.666694E-20
 9.701508E+02  6.154755E-20
 9.751256E+02  5.689461E-20
 9.801005E+02  5.262591E-20
 9.850754E+02  4.862196E-20
 9.900503E+02  4.496056E-20
 9.950251E+02  4.156332E-20
 1.000000E+03  3.840754E-20
