 1.000000E+01  1.127761E-05
 1.497487E+01  3.630702E-06
 1.994975E+01  1.007931E-06
 2.492462E+01  8.392294E-07
 2.989950E+01  7.174550E-07
 3.487437E+01  5.990849E-07
 3.984925E+01  4.813289E-07
 4.482412E+01  3.732982E-07
 4.979899E+01  2.751398E-07
 5.477387E+01  1.919310E-07
 5.974874E+01  1.234145E-07
 6.472362E+01  7.145526E-08
 6.969849E+01  3.513475E-08
 7.467337E+01  1.317322E-08
 7.964824E+01  2.809835E-09
 8.462312E+01  1.478007E-10
 8.959799E+01  6.414433E-11
 9.457286E+01  4.955953E-11
 9.954774E+01  3.936855E-11
 1.045226E+02  3.170470E-11
 1.094975E+02  2.587356E-11
 1.144724E+02  2.131752E-11
 1.194472E+02  1.768619E-11
 1.244221E+02  1.474934E-11
 1.293970E+02  1.237993E-11
 1.343719E+02  1.044426E-11
 1.393467E+02  8.847196E-12
 1.443216E+02  7.520726E-12
 1.492965E+02  6.409469E-12
 1.542714E+02  5.494077E-12
 1.592462E+02  4.711436E-12
 1.642211E+02  4.056138E-12
 1.691960E+02  3.497778E-12
 1.741709E+02  3.021685E-12
 1.791457E+02  2.620360E-12
 1.841206E+02  2.272241E-12
 1.890955E+02  1.981738E-12
 1.940704E+02  1.724342E-12
 1.990452E+02  1.504391E-12
 2.040201E+02  1.318612E-12
 2.089950E+02  1.153909E-12
 2.139698E+02  1.012106E-12
 2.189447E+02  8.880298E-13
 2.239196E+02  7.808496E-13
 2.288945E+02  6.876638E-13
 2.338693E+02  6.059354E-13
 2.388442E+02  5.344049E-13
 2.438191E+02  4.725945E-13
 2.487940E+02  4.179175E-13
 2.537688E+02  3.699236E-13
 2.587437E+02  3.280393E-13
 2.637186E+02  2.909039E-13
 2.686935E+02  2.584008E-13
 2.736683E+02  2.293143E-13
 2.786432E+02  2.039641E-13
 2.836181E+02  1.814123E-13
 2.885930E+02  1.616779E-13
 2.935678E+02  1.440532E-13
 2.985427E+02  1.285454E-13
 3.035176E+02  1.146756E-13
 3.084925E+02  1.024470E-13
 3.134673E+02  9.156966E-14
 3.184422E+02  8.188681E-14
 3.234171E+02  7.325380E-14
 3.283920E+02  6.564021E-14
 3.333668E+02  5.875784E-14
 3.383417E+02  5.260682E-14
 3.433166E+02  4.716455E-14
 3.482915E+02  4.238288E-14
 3.532663E+02  3.804552E-14
 3.582412E+02  3.409646E-14
 3.632161E+02  3.066881E-14
 3.681910E+02  2.759191E-14
 3.731658E+02  2.477620E-14
 3.781407E+02  2.227444E-14
 3.831156E+02  2.005343E-14
 3.880905E+02  1.807261E-14
 3.930653E+02  1.627687E-14
 3.980402E+02  1.465630E-14
 4.030151E+02  1.322051E-14
 4.079899E+02  1.191092E-14
 4.129648E+02  1.074607E-14
 4.179397E+02  9.678520E-15
 4.229146E+02  8.748277E-15
 4.278894E+02  7.900599E-15
 4.328643E+02  7.132064E-15
 4.378392E+02  6.440993E-15
 4.428141E+02  5.819485E-15
 4.477889E+02  5.263423E-15
 4.527638E+02  4.753787E-15
 4.577387E+02  4.300070E-15
 4.627136E+02  3.892517E-15
 4.676884E+02  3.520656E-15
 4.726633E+02  3.188452E-15
 4.776382E+02  2.885010E-15
 4.826131E+02  2.611624E-15
 4.875879E+02  2.362514E-15
 4.925628E+02  2.141357E-15
 4.975377E+02  1.937492E-15
 5.025126E+02  1.759230E-15
 5.074874E+02  1.592820E-15
 5.124623E+02  1.442845E-15
 5.174372E+02  1.309043E-15
 5.224121E+02  1.186577E-15
 5.273869E+02  1.076064E-15
 5.323618E+02  9.755503E-16
 5.373367E+02  8.850040E-16
 5.423116E+02  8.027681E-16
 5.472864E+02  7.286461E-16
 5.522613E+02  6.608741E-16
 5.572362E+02  6.000878E-16
 5.622111E+02  5.457420E-16
 5.671859E+02  4.949244E-16
 5.721608E+02  4.493426E-16
 5.771357E+02  4.079304E-16
 5.821106E+02  3.704874E-16
 5.870854E+02  3.365414E-16
 5.920603E+02  3.058508E-16
 5.970352E+02  2.776142E-16
 6.020101E+02  2.522476E-16
 6.069849E+02  2.291955E-16
 6.119598E+02  2.085592E-16
 6.169347E+02  1.890658E-16
 6.219095E+02  1.717946E-16
 6.268844E+02  1.563247E-16
 6.318593E+02  1.421853E-16
 6.368342E+02  1.293155E-16
 6.418090E+02  1.175484E-16
 6.467839E+02  1.066879E-16
 6.517588E+02  9.707693E-17
 6.567337E+02  8.816731E-17
 6.617085E+02  8.031858E-17
 6.666834E+02  7.295612E-17
 6.716583E+02  6.642167E-17
 6.766332E+02  6.035178E-17
 6.816080E+02  5.496462E-17
 6.865829E+02  4.991863E-17
 6.915578E+02  4.537099E-17
 6.965327E+02  4.127058E-17
 7.015075E+02  3.754405E-17
 7.064824E+02  3.412898E-17
 7.114573E+02  3.103858E-17
 7.164322E+02  2.826754E-17
 7.214070E+02  2.568694E-17
 7.263819E+02  2.337867E-17
 7.313568E+02  2.123323E-17
 7.363317E+02  1.935275E-17
 7.413065E+02  1.758393E-17
 7.462814E+02  1.600126E-17
 7.512563E+02  1.454370E-17
 7.562312E+02  1.321842E-17
 7.612060E+02  1.203091E-17
 7.661809E+02  1.094724E-17
 7.711558E+02  9.949647E-18
 7.761307E+02  9.056278E-18
 7.811055E+02  8.230714E-18
 7.860804E+02  7.474409E-18
 7.910553E+02  6.796873E-18
 7.960302E+02  6.188879E-18
 8.010050E+02  5.625333E-18
 8.059799E+02  5.115659E-18
 8.109548E+02  4.653309E-18
 8.159296E+02  4.232843E-18
 8.209045E+02  3.842658E-18
 8.258794E+02  3.495791E-18
 8.308543E+02  3.179445E-18
 8.358291E+02  2.887316E-18
 8.408040E+02  2.629482E-18
 8.457789E+02  2.385577E-18
 8.507538E+02  2.167102E-18
 8.557286E+02  1.970440E-18
 8.607035E+02  1.788925E-18
 8.656784E+02  1.626265E-18
 8.706533E+02  1.478489E-18
 8.756281E+02  1.343842E-18
 8.806030E+02  1.219515E-18
 8.855779E+02  1.107728E-18
 8.905528E+02  1.007564E-18
 8.955276E+02  9.141347E-19
 9.005025E+02  8.292179E-19
 9.054774E+02  7.534890E-19
 9.104523E+02  6.843980E-19
 9.154271E+02  6.202870E-19
 9.204020E+02  5.637862E-19
 9.253769E+02  5.116256E-19
 9.303518E+02  4.640799E-19
 9.353266E+02  4.218426E-19
 9.403015E+02  3.825705E-19
 9.452764E+02  3.472894E-19
 9.502513E+02  3.147731E-19
 9.552261E+02  2.853833E-19
 9.602010E+02  2.590571E-19
 9.651759E+02  2.350177E-19
 9.701508E+02  2.131361E-19
 9.751256E+02  1.930715E-19
 9.801005E+02  1.749423E-19
 9.850754E+02  1.584750E-19
 9.900503E+02  1.436176E-19
 9.950251E+02  1.303561E-19
 1.000000E+03  1.178689E-19
