 1.000000E+01  1.217094E-06
 1.494949E+01  1.824182E-06
 1.989899E+01  1.734428E-06
 2.484848E+01  9.541451E-07
 2.979798E+01  1.093750E-07
 3.474747E+01  4.602257E-08
 3.969697E+01  5.559151E-08
 4.464646E+01  6.431877E-08
 4.959596E+01  7.249145E-08
 5.454545E+01  7.878021E-08
 5.949495E+01  8.333943E-08
 6.444444E+01  8.576510E-08
 6.939394E+01  8.607769E-08
 7.434343E+01  8.419259E-08
 7.929293E+01  7.997593E-08
 8.424242E+01  7.337173E-08
 8.919192E+01  6.490704E-08
 9.414141E+01  5.468744E-08
 9.909091E+01  4.364145E-08
 1.040404E+02  3.205404E-08
 1.089899E+02  2.098121E-08
 1.139394E+02  1.120346E-08
 1.188889E+02  3.887333E-09
 1.238384E+02  2.899059E-10
 1.287879E+02  8.604687E-11
 1.337374E+02  6.485986E-11
 1.386869E+02  5.185274E-11
 1.436364E+02  4.286673E-11
 1.485859E+02  3.601624E-11
 1.535354E+02  3.072548E-11
 1.584848E+02  2.650951E-11
 1.634343E+02  2.301678E-11
 1.683838E+02  2.013345E-11
 1.733333E+02  1.775482E-11
 1.782828E+02  1.567327E-11
 1.832323E+02  1.392343E-11
 1.881818E+02  1.239610E-11
 1.931313E+02  1.107137E-11
 1.980808E+02  9.938535E-12
 2.030303E+02  8.917063E-12
 2.079798E+02  8.027799E-12
 2.129293E+02  7.237709E-12
 2.178788E+02  6.545552E-12
 2.228283E+02  5.922718E-12
 2.277778E+02  5.371462E-12
 2.327273E+02  4.873125E-12
 2.376768E+02  4.434750E-12
 2.426263E+02  4.036425E-12
 2.475758E+02  3.675180E-12
 2.525253E+02  3.362981E-12
 2.574747E+02  3.067858E-12
 2.624242E+02  2.809283E-12
 2.673737E+02  2.572369E-12
 2.723232E+02  2.354621E-12
 2.772727E+02  2.160339E-12
 2.822222E+02  1.983540E-12
 2.871717E+02  1.820908E-12
 2.921212E+02  1.672982E-12
 2.970707E+02  1.539317E-12
 3.020202E+02  1.418745E-12
 3.069697E+02  1.306302E-12
 3.119192E+02  1.204353E-12
 3.168687E+02  1.111281E-12
 3.218182E+02  1.025064E-12
 3.267677E+02  9.460085E-13
 3.317172E+02  8.739964E-13
 3.366667E+02  8.079500E-13
 3.416162E+02  7.479852E-13
 3.465657E+02  6.914512E-13
 3.515152E+02  6.412077E-13
 3.564646E+02  5.931352E-13
 3.614141E+02  5.498426E-13
 3.663636E+02  5.096109E-13
 3.713131E+02  4.713091E-13
 3.762626E+02  4.380989E-13
 3.812121E+02  4.060942E-13
 3.861616E+02  3.780538E-13
 3.911111E+02  3.501990E-13
 3.960606E+02  3.257162E-13
 4.010101E+02  3.024869E-13
 4.059596E+02  2.808865E-13
 4.109091E+02  2.614763E-13
 4.158586E+02  2.431072E-13
 4.208081E+02  2.263706E-13
 4.257576E+02  2.108356E-13
 4.307071E+02  1.960656E-13
 4.356566E+02  1.827295E-13
 4.406061E+02  1.702209E-13
 4.455556E+02  1.586108E-13
 4.505051E+02  1.479291E-13
 4.554545E+02  1.381064E-13
 4.604040E+02  1.286194E-13
 4.653535E+02  1.199749E-13
 4.703030E+02  1.118819E-13
 4.752525E+02  1.044178E-13
 4.802020E+02  9.746824E-14
 4.851515E+02  9.108475E-14
 4.901010E+02  8.505588E-14
 4.950505E+02  7.939886E-14
 5.000000E+02  7.412320E-14
