 1.000000E+01  6.175263E-08
 1.494949E+01  4.860488E-08
 1.989899E+01  3.657105E-09
 2.484848E+01  1.701532E-09
 2.979798E+01  2.168829E-09
 3.474747E+01  2.565956E-09
 3.969697E+01  2.832478E-09
 4.464646E+01  2.942423E-09
 4.959596E+01  2.888218E-09
 5.454545E+01  2.651193E-09
 5.949495E+01  2.250331E-09
 6.444444E+01  1.718573E-09
 6.939394E+01  1.126400E-09
 7.434343E+01  5.571911E-10
 7.929293E+01  1.363651E-10
 8.424242E+01  3.641748E-12
 8.919192E+01  2.247245E-12
 9.414141E+01  1.628314E-12
 9.909091E+01  1.246384E-12
 1.040404E+02  9.857902E-13
 1.089899E+02  7.982525E-13
 1.139394E+02  6.532151E-13
 1.188889E+02  5.429589E-13
 1.238384E+02  4.539918E-13
 1.287879E+02  3.832807E-13
 1.337374E+02  3.253409E-13
 1.386869E+02  2.777009E-13
 1.436364E+02  2.386252E-13
 1.485859E+02  2.054090E-13
 1.535354E+02  1.770658E-13
 1.584848E+02  1.538225E-13
 1.634343E+02  1.335275E-13
 1.683838E+02  1.163710E-13
 1.733333E+02  1.018978E-13
 1.782828E+02  8.920529E-14
 1.832323E+02  7.833679E-14
 1.881818E+02  6.877035E-14
 1.931313E+02  6.054881E-14
 1.980808E+02  5.346761E-14
 2.030303E+02  4.735071E-14
 2.079798E+02  4.185377E-14
 2.129293E+02  3.708350E-14
 2.178788E+02  3.288274E-14
 2.228283E+02  2.920411E-14
 2.277778E+02  2.596177E-14
 2.327273E+02  2.309610E-14
 2.376768E+02  2.060574E-14
 2.426263E+02  1.838330E-14
 2.475758E+02  1.644663E-14
 2.525253E+02  1.467840E-14
 2.574747E+02  1.311886E-14
 2.624242E+02  1.173867E-14
 2.673737E+02  1.053655E-14
 2.723232E+02  9.435855E-15
 2.772727E+02  8.472979E-15
 2.822222E+02  7.596588E-15
 2.871717E+02  6.831305E-15
 2.921212E+02  6.140334E-15
 2.970707E+02  5.528433E-15
 3.020202E+02  4.967419E-15
 3.069697E+02  4.471028E-15
 3.119192E+02  4.040387E-15
 3.168687E+02  3.639749E-15
 3.218182E+02  3.286303E-15
 3.267677E+02  2.961815E-15
 3.317172E+02  2.672808E-15
 3.366667E+02  2.415570E-15
 3.416162E+02  2.184617E-15
 3.465657E+02  1.974518E-15
 3.515152E+02  1.786438E-15
 3.564646E+02  1.616670E-15
 3.614141E+02  1.463426E-15
 3.663636E+02  1.324899E-15
 3.713131E+02  1.200320E-15
 3.762626E+02  1.086757E-15
 3.812121E+02  9.853935E-16
 3.861616E+02  8.925892E-16
 3.911111E+02  8.111527E-16
 3.960606E+02  7.364389E-16
 4.010101E+02  6.672133E-16
 4.059596E+02  6.044312E-16
 4.109091E+02  5.497671E-16
 4.158586E+02  4.989062E-16
 4.208081E+02  4.537602E-16
 4.257576E+02  4.126681E-16
 4.307071E+02  3.744883E-16
 4.356566E+02  3.406129E-16
 4.406061E+02  3.093389E-16
 4.455556E+02  2.818737E-16
 4.505051E+02  2.560867E-16
 4.554545E+02  2.332701E-16
 4.604040E+02  2.123884E-16
 4.653535E+02  1.930923E-16
 4.703030E+02  1.760121E-16
 4.752525E+02  1.601906E-16
 4.802020E+02  1.459104E-16
 4.851515E+02  1.329873E-16
 4.901010E+02  1.210947E-16
 4.950505E+02  1.102180E-16
 5.000000E+02  1.004779E-16
