 1.000000E+01  2.621215E-06
 1.494949E+01  2.617540E-06
 1.989899E+01  7.836325E-07
 2.484848E+01  6.675679E-08
 2.979798E+01  8.693603E-08
 3.474747E+01  1.050897E-07
 3.969697E+01  1.196984E-07
 4.464646E+01  1.294944E-07
 4.959596E+01  1.328377E-07
 5.454545E+01  1.301274E-07
 5.949495E+01  1.204208E-07
 6.444444E+01  1.045779E-07
 6.939394E+01  8.387620E-08
 7.434343E+01  5.994602E-08
 7.929293E+01  3.561111E-08
 8.424242E+01  1.479686E-08
 8.919192E+01  1.945601E-09
 9.414141E+01  1.369849E-10
 9.909091E+01  9.412849E-11
 1.040404E+02  7.089306E-11
 1.089899E+02  5.580591E-11
 1.139394E+02  4.508171E-11
 1.188889E+02  3.707730E-11
 1.238384E+02  3.087624E-11
 1.287879E+02  2.597098E-11
 1.337374E+02  2.202931E-11
 1.386869E+02  1.882431E-11
 1.436364E+02  1.618711E-11
 1.485859E+02  1.395554E-11
 1.535354E+02  1.210937E-11
 1.584848E+02  1.053401E-11
 1.634343E+02  9.202901E-12
 1.683838E+02  8.048815E-12
 1.733333E+02  7.056071E-12
 1.782828E+02  6.215521E-12
 1.832323E+02  5.481396E-12
 1.881818E+02  4.843476E-12
 1.931313E+02  4.291437E-12
 1.980808E+02  3.805168E-12
 2.030303E+02  3.383880E-12
 2.079798E+02  3.007951E-12
 2.129293E+02  2.678551E-12
 2.178788E+02  2.392174E-12
 2.228283E+02  2.138980E-12
 2.277778E+02  1.912898E-12
 2.327273E+02  1.712341E-12
 2.376768E+02  1.536064E-12
 2.426263E+02  1.377595E-12
 2.475758E+02  1.238351E-12
 2.525253E+02  1.114248E-12
 2.574747E+02  1.001833E-12
 2.624242E+02  9.007479E-13
 2.673737E+02  8.127385E-13
 2.723232E+02  7.329883E-13
 2.772727E+02  6.621181E-13
 2.822222E+02  5.983622E-13
 2.871717E+02  5.402159E-13
 2.921212E+02  4.893620E-13
 2.970707E+02  4.427125E-13
 3.020202E+02  4.009264E-13
 3.069697E+02  3.639901E-13
 3.119192E+02  3.293820E-13
 3.168687E+02  2.993266E-13
 3.218182E+02  2.710267E-13
 3.267677E+02  2.469211E-13
 3.317172E+02  2.236695E-13
 3.366667E+02  2.036765E-13
 3.416162E+02  1.851643E-13
 3.465657E+02  1.685288E-13
 3.515152E+02  1.537518E-13
 3.564646E+02  1.396903E-13
 3.614141E+02  1.271170E-13
 3.663636E+02  1.157764E-13
 3.713131E+02  1.058353E-13
 3.762626E+02  9.651118E-14
 3.812121E+02  8.797919E-14
 3.861616E+02  8.033128E-14
 3.911111E+02  7.329059E-14
 3.960606E+02  6.698552E-14
 4.010101E+02  6.115448E-14
 4.059596E+02  5.578713E-14
 4.109091E+02  5.109817E-14
 4.158586E+02  4.665411E-14
 4.208081E+02  4.268772E-14
 4.257576E+02  3.906939E-14
 4.307071E+02  3.571498E-14
 4.356566E+02  3.270544E-14
 4.406061E+02  2.998414E-14
 4.455556E+02  2.741864E-14
 4.505051E+02  2.509630E-14
 4.554545E+02  2.295672E-14
 4.604040E+02  2.108299E-14
 4.653535E+02  1.931778E-14
 4.703030E+02  1.770310E-14
 4.752525E+02  1.622716E-14
 4.802020E+02  1.488114E-14
 4.851515E+02  1.362941E-14
 4.901010E+02  1.253050E-14
 4.950505E+02  1.147047E-14
 5.000000E+02  1.054722E-14
