 1.000000E+01  2.527663E-07
 1.494949E+01  3.416905E-07
 1.989899E+01  2.621824E-07
 2.484848E+01  7.267563E-08
 2.979798E+01  7.725693E-09
 3.474747E+01  9.689836E-09
 3.969697E+01  1.151808E-08
 4.464646E+01  1.313903E-08
 4.959596E+01  1.443645E-08
 5.454545E+01  1.527524E-08
 5.949495E+01  1.567091E-08
 6.444444E+01  1.550906E-08
 6.939394E+01  1.490107E-08
 7.434343E+01  1.377299E-08
 7.929293E+01  1.211378E-08
 8.424242E+01  1.005918E-08
 8.919192E+01  7.808684E-09
 9.414141E+01  5.474950E-09
 9.909091E+01  3.249150E-09
 1.040404E+02  1.407770E-09
 1.089899E+02  2.492072E-10
 1.139394E+02  1.779100E-11
 1.188889E+02  1.251953E-11
 1.238384E+02  9.684104E-12
 1.287879E+02  7.806036E-12
 1.337374E+02  6.445002E-12
 1.386869E+02  5.410498E-12
 1.436364E+02  4.607683E-12
 1.485859E+02  3.942339E-12
 1.535354E+02  3.411333E-12
 1.584848E+02  2.963202E-12
 1.634343E+02  2.596376E-12
 1.683838E+02  2.280737E-12
 1.733333E+02  2.009891E-12
 1.782828E+02  1.777576E-12
 1.832323E+02  1.579156E-12
 1.881818E+02  1.407373E-12
 1.931313E+02  1.254500E-12
 1.980808E+02  1.122863E-12
 2.030303E+02  1.005931E-12
 2.079798E+02  9.025703E-13
 2.129293E+02  8.121915E-13
 2.178788E+02  7.314868E-13
 2.228283E+02  6.601577E-13
 2.277778E+02  5.970516E-13
 2.327273E+02  5.389087E-13
 2.376768E+02  4.875189E-13
 2.426263E+02  4.438722E-13
 2.475758E+02  4.021087E-13
 2.525253E+02  3.648301E-13
 2.574747E+02  3.319913E-13
 2.624242E+02  3.027342E-13
 2.673737E+02  2.762411E-13
 2.723232E+02  2.516178E-13
 2.772727E+02  2.296859E-13
 2.822222E+02  2.097883E-13
 2.871717E+02  1.915440E-13
 2.921212E+02  1.753906E-13
 2.970707E+02  1.604630E-13
 3.020202E+02  1.470221E-13
 3.069697E+02  1.347779E-13
 3.119192E+02  1.235943E-13
 3.168687E+02  1.134788E-13
 3.218182E+02  1.040161E-13
 3.267677E+02  9.579681E-14
 3.317172E+02  8.787208E-14
 3.366667E+02  8.087628E-14
 3.416162E+02  7.449655E-14
 3.465657E+02  6.843513E-14
 3.515152E+02  6.306639E-14
 3.564646E+02  5.800707E-14
 3.614141E+02  5.359461E-14
 3.663636E+02  4.933202E-14
 3.713131E+02  4.552040E-14
 3.762626E+02  4.205537E-14
 3.812121E+02  3.880865E-14
 3.861616E+02  3.581078E-14
 3.911111E+02  3.311152E-14
 3.960606E+02  3.062176E-14
 4.010101E+02  2.828980E-14
 4.059596E+02  2.612080E-14
 4.109091E+02  2.416706E-14
 4.158586E+02  2.234919E-14
 4.208081E+02  2.071813E-14
 4.257576E+02  1.915170E-14
 4.307071E+02  1.775662E-14
 4.356566E+02  1.644561E-14
 4.406061E+02  1.522370E-14
 4.455556E+02  1.411021E-14
 4.505051E+02  1.308092E-14
 4.554545E+02  1.212782E-14
 4.604040E+02  1.124719E-14
 4.653535E+02  1.045262E-14
 4.703030E+02  9.678235E-15
 4.752525E+02  8.995670E-15
 4.802020E+02  8.350704E-15
 4.851515E+02  7.763843E-15
 4.901010E+02  7.199183E-15
 4.950505E+02  6.684046E-15
 5.000000E+02  6.209842E-15
