 1.000000E+01  2.556918E-06
 1.494949E+01  4.032687E-06
 1.989899E+01  4.288102E-06
 2.484848E+01  2.985335E-06
 2.979798E+01  9.046580E-07
 3.474747E+01  9.559925E-08
 3.969697E+01  1.166154E-07
 4.464646E+01  1.365938E-07
 4.959596E+01  1.556006E-07
 5.454545E+01  1.719099E-07
 5.949495E+01  1.855063E-07
 6.444444E+01  1.953541E-07
 6.939394E+01  2.001247E-07
 7.434343E+01  2.008233E-07
 7.929293E+01  1.968374E-07
 8.424242E+01  1.878381E-07
 8.919192E+01  1.749172E-07
 9.414141E+01  1.574539E-07
 9.909091E+01  1.363074E-07
 1.040404E+02  1.134552E-07
 1.089899E+02  8.837555E-08
 1.139394E+02  6.344106E-08
 1.188889E+02  4.003041E-08
 1.238384E+02  2.015522E-08
 1.287879E+02  6.061991E-09
 1.337374E+02  3.171990E-10
 1.386869E+02  1.936119E-10
 1.436364E+02  1.498946E-10
 1.485859E+02  1.218762E-10
 1.535354E+02  1.016695E-10
 1.584848E+02  8.648566E-11
 1.634343E+02  7.445609E-11
 1.683838E+02  6.473328E-11
 1.733333E+02  5.659212E-11
 1.782828E+02  4.980589E-11
 1.832323E+02  4.415857E-11
 1.881818E+02  3.924462E-11
 1.931313E+02  3.499710E-11
 1.980808E+02  3.139299E-11
 2.030303E+02  2.822505E-11
 2.079798E+02  2.538052E-11
 2.129293E+02  2.294840E-11
 2.178788E+02  2.078791E-11
 2.228283E+02  1.881575E-11
 2.277778E+02  1.708100E-11
 2.327273E+02  1.557117E-11
 2.376768E+02  1.417662E-11
 2.426263E+02  1.295502E-11
 2.475758E+02  1.181525E-11
 2.525253E+02  1.080671E-11
 2.574747E+02  9.909717E-12
 2.624242E+02  9.082497E-12
 2.673737E+02  8.328113E-12
 2.723232E+02  7.648579E-12
 2.772727E+02  7.033094E-12
 2.822222E+02  6.482380E-12
 2.871717E+02  5.977293E-12
 2.921212E+02  5.503830E-12
 2.970707E+02  5.066035E-12
 3.020202E+02  4.682807E-12
 3.069697E+02  4.320422E-12
 3.119192E+02  4.008681E-12
 3.168687E+02  3.695017E-12
 3.218182E+02  3.422483E-12
 3.267677E+02  3.169019E-12
 3.317172E+02  2.939536E-12
 3.366667E+02  2.725773E-12
 3.416162E+02  2.525700E-12
 3.465657E+02  2.345047E-12
 3.515152E+02  2.178685E-12
 3.564646E+02  2.020344E-12
 3.614141E+02  1.877130E-12
 3.663636E+02  1.748292E-12
 3.713131E+02  1.625645E-12
 3.762626E+02  1.510849E-12
 3.812121E+02  1.407653E-12
 3.861616E+02  1.310334E-12
 3.911111E+02  1.221351E-12
 3.960606E+02  1.137623E-12
 4.010101E+02  1.060539E-12
 4.059596E+02  9.886789E-13
 4.109091E+02  9.231920E-13
 4.158586E+02  8.614208E-13
 4.208081E+02  8.050923E-13
 4.257576E+02  7.503892E-13
 4.307071E+02  7.016746E-13
 4.356566E+02  6.554681E-13
 4.406061E+02  6.122119E-13
 4.455556E+02  5.724964E-13
 4.505051E+02  5.359063E-13
 4.554545E+02  5.005736E-13
 4.604040E+02  4.685982E-13
 4.653535E+02  4.384273E-13
 4.703030E+02  4.101951E-13
 4.752525E+02  3.838881E-13
 4.802020E+02  3.592549E-13
 4.851515E+02  3.368094E-13
 4.901010E+02  3.152477E-13
 4.950505E+02  2.956956E-13
 5.000000E+02  2.770262E-13
