 1.000000E+01  2.528295E-07
 1.494949E+01  3.416731E-07
 1.989899E+01  2.617852E-07
 2.484848E+01  7.271958E-08
 2.979798E+01  7.695894E-09
 3.474747E+01  9.696005E-09
 3.969697E+01  1.150145E-08
 4.464646E+01  1.311348E-08
 4.959596E+01  1.438192E-08
 5.454545E+01  1.529716E-08
 5.949495E+01  1.564183E-08
 6.444444E+01  1.557235E-08
 6.939394E+01  1.489129E-08
 7.434343E+01  1.376933E-08
 7.929293E+01  1.211175E-08
 8.424242E+01  1.007581E-08
 8.919192E+01  7.804635E-09
 9.414141E+01  5.461555E-09
 9.909091E+01  3.244687E-09
 1.040404E+02  1.408144E-09
 1.089899E+02  2.489868E-10
 1.139394E+02  1.780908E-11
 1.188889E+02  1.253240E-11
 1.238384E+02  9.669338E-12
 1.287879E+02  7.820661E-12
 1.337374E+02  6.434420E-12
 1.386869E+02  5.410835E-12
 1.436364E+02  4.600699E-12
 1.485859E+02  3.938078E-12
 1.535354E+02  3.409075E-12
 1.584848E+02  2.966907E-12
 1.634343E+02  2.595065E-12
 1.683838E+02  2.279137E-12
 1.733333E+02  2.011780E-12
 1.782828E+02  1.775734E-12
 1.832323E+02  1.578120E-12
 1.881818E+02  1.404432E-12
 1.931313E+02  1.253677E-12
 1.980808E+02  1.121952E-12
 2.030303E+02  1.005607E-12
 2.079798E+02  9.027745E-13
 2.129293E+02  8.126592E-13
 2.178788E+02  7.321251E-13
 2.228283E+02  6.586535E-13
 2.277778E+02  5.963168E-13
 2.327273E+02  5.384183E-13
 2.376768E+02  4.883569E-13
 2.426263E+02  4.431864E-13
 2.475758E+02  4.020435E-13
 2.525253E+02  3.655520E-13
 2.574747E+02  3.319300E-13
 2.624242E+02  3.027660E-13
 2.673737E+02  2.757750E-13
 2.723232E+02  2.513145E-13
 2.772727E+02  2.297076E-13
 2.822222E+02  2.097818E-13
 2.871717E+02  1.918391E-13
 2.921212E+02  1.754991E-13
 2.970707E+02  1.602778E-13
 3.020202E+02  1.472399E-13
 3.069697E+02  1.346051E-13
 3.119192E+02  1.234587E-13
 3.168687E+02  1.135876E-13
 3.218182E+02  1.040949E-13
 3.267677E+02  9.563103E-14
 3.317172E+02  8.802963E-14
 3.366667E+02  8.100159E-14
 3.416162E+02  7.434258E-14
 3.465657E+02  6.841780E-14
 3.515152E+02  6.301218E-14
 3.564646E+02  5.808112E-14
 3.614141E+02  5.358755E-14
 3.663636E+02  4.936858E-14
 3.713131E+02  4.554636E-14
 3.762626E+02  4.205745E-14
 3.812121E+02  3.877751E-14
 3.861616E+02  3.579959E-14
 3.911111E+02  3.308409E-14
 3.960606E+02  3.063158E-14
 4.010101E+02  2.825426E-14
 4.059596E+02  2.615796E-14
 4.109091E+02  2.414820E-14
 4.158586E+02  2.235547E-14
 4.208081E+02  2.070686E-14
 4.257576E+02  1.916887E-14
 4.307071E+02  1.776216E-14
 4.356566E+02  1.645347E-14
 4.406061E+02  1.523991E-14
 4.455556E+02  1.412831E-14
 4.505051E+02  1.307193E-14
 4.554545E+02  1.213122E-14
 4.604040E+02  1.125108E-14
 4.653535E+02  1.043908E-14
 4.703030E+02  9.703105E-15
 4.752525E+02  8.982522E-15
 4.802020E+02  8.354522E-15
 4.851515E+02  7.743540E-15
 4.901010E+02  7.201197E-15
 4.950505E+02  6.686549E-15
 5.000000E+02  6.211338E-15
