 1.000000E+01  6.657576E-07
 1.494949E+01  7.327178E-07
 1.989899E+01  3.168071E-07
 2.484848E+01  1.639954E-08
 2.979798E+01  2.156862E-08
 3.474747E+01  2.638725E-08
 3.969697E+01  3.040574E-08
 4.464646E+01  3.345626E-08
 4.959596E+01  3.513822E-08
 5.454545E+01  3.531198E-08
 5.949495E+01  3.377405E-08
 6.444444E+01  3.068432E-08
 6.939394E+01  2.621661E-08
 7.434343E+01  2.065293E-08
 7.929293E+01  1.455378E-08
 8.424242E+01  8.490755E-09
 8.919192E+01  3.403135E-09
 9.414141E+01  3.994946E-10
 9.909091E+01  3.611086E-11
 1.040404E+02  2.523390E-11
 1.089899E+02  1.925820E-11
 1.139394E+02  1.526220E-11
 1.188889E+02  1.243083E-11
 1.238384E+02  1.029073E-11
 1.287879E+02  8.635173E-12
 1.337374E+02  7.297273E-12
 1.386869E+02  6.228179E-12
 1.436364E+02  5.348960E-12
 1.485859E+02  4.618059E-12
 1.535354E+02  4.004390E-12
 1.584848E+02  3.493297E-12
 1.634343E+02  3.050302E-12
 1.683838E+02  2.675421E-12
 1.733333E+02  2.353859E-12
 1.782828E+02  2.075983E-12
 1.832323E+02  1.836125E-12
 1.881818E+02  1.623100E-12
 1.931313E+02  1.443615E-12
 1.980808E+02  1.281144E-12
 2.030303E+02  1.140758E-12
 2.079798E+02  1.018479E-12
 2.129293E+02  9.118084E-13
 2.178788E+02  8.153324E-13
 2.228283E+02  7.301987E-13
 2.277778E+02  6.545925E-13
 2.327273E+02  5.881779E-13
 2.376768E+02  5.287664E-13
 2.426263E+02  4.765197E-13
 2.475758E+02  4.291662E-13
 2.525253E+02  3.866114E-13
 2.574747E+02  3.488016E-13
 2.624242E+02  3.152194E-13
 2.673737E+02  2.850008E-13
 2.723232E+02  2.578764E-13
 2.772727E+02  2.337124E-13
 2.822222E+02  2.118252E-13
 2.871717E+02  1.922760E-13
 2.921212E+02  1.740123E-13
 2.970707E+02  1.581795E-13
 3.020202E+02  1.438457E-13
 3.069697E+02  1.306569E-13
 3.119192E+02  1.188498E-13
 3.168687E+02  1.082681E-13
 3.218182E+02  9.847251E-14
 3.267677E+02  8.996834E-14
 3.317172E+02  8.195930E-14
 3.366667E+02  7.462070E-14
 3.416162E+02  6.805701E-14
 3.465657E+02  6.211345E-14
 3.515152E+02  5.673168E-14
 3.564646E+02  5.182758E-14
 3.614141E+02  4.739562E-14
 3.663636E+02  4.325675E-14
 3.713131E+02  3.958269E-14
 3.762626E+02  3.620757E-14
 3.812121E+02  3.315492E-14
 3.861616E+02  3.035547E-14
 3.911111E+02  2.780062E-14
 3.960606E+02  2.549047E-14
 4.010101E+02  2.336757E-14
 4.059596E+02  2.138493E-14
 4.109091E+02  1.961080E-14
 4.158586E+02  1.800327E-14
 4.208081E+02  1.651270E-14
 4.257576E+02  1.514501E-14
 4.307071E+02  1.391797E-14
 4.356566E+02  1.277473E-14
 4.406061E+02  1.173247E-14
 4.455556E+02  1.078054E-14
 4.505051E+02  9.905417E-15
 4.554545E+02  9.104697E-15
 4.604040E+02  8.375646E-15
 4.653535E+02  7.703546E-15
 4.703030E+02  7.072407E-15
 4.752525E+02  6.517944E-15
 4.802020E+02  5.994579E-15
 4.851515E+02  5.522881E-15
 4.901010E+02  5.077248E-15
 4.950505E+02  4.675811E-15
 5.000000E+02  4.295224E-15
