 1.000000E+01  6.654345E-07
 1.494949E+01  7.356545E-07
 1.989899E+01  3.168433E-07
 2.484848E+01  1.644712E-08
 2.979798E+01  2.159567E-08
 3.474747E+01  2.635274E-08
 3.969697E+01  3.043101E-08
 4.464646E+01  3.347276E-08
 4.959596E+01  3.508426E-08
 5.454545E+01  3.537001E-08
 5.949495E+01  3.378728E-08
 6.444444E+01  3.071115E-08
 6.939394E+01  2.621976E-08
 7.434343E+01  2.068457E-08
 7.929293E+01  1.453285E-08
 8.424242E+01  8.496573E-09
 8.919192E+01  3.416836E-09
 9.414141E+01  3.996843E-10
 9.909091E+01  3.608804E-11
 1.040404E+02  2.527161E-11
 1.089899E+02  1.925042E-11
 1.139394E+02  1.528413E-11
 1.188889E+02  1.242702E-11
 1.238384E+02  1.029166E-11
 1.287879E+02  8.629548E-12
 1.337374E+02  7.299614E-12
 1.386869E+02  6.220808E-12
 1.436364E+02  5.338677E-12
 1.485859E+02  4.624071E-12
 1.535354E+02  4.001077E-12
 1.584848E+02  3.483470E-12
 1.634343E+02  3.046992E-12
 1.683838E+02  2.672453E-12
 1.733333E+02  2.349823E-12
 1.782828E+02  2.073444E-12
 1.832323E+02  1.833473E-12
 1.881818E+02  1.625702E-12
 1.931313E+02  1.440823E-12
 1.980808E+02  1.283151E-12
 2.030303E+02  1.141071E-12
 2.079798E+02  1.019738E-12
 2.129293E+02  9.104738E-13
 2.178788E+02  8.152452E-13
 2.228283E+02  7.299306E-13
 2.277778E+02  6.550324E-13
 2.327273E+02  5.880725E-13
 2.376768E+02  5.299994E-13
 2.426263E+02  4.760701E-13
 2.475758E+02  4.286661E-13
 2.525253E+02  3.867353E-13
 2.574747E+02  3.488536E-13
 2.624242E+02  3.153155E-13
 2.673737E+02  2.853425E-13
 2.723232E+02  2.579892E-13
 2.772727E+02  2.340475E-13
 2.822222E+02  2.115652E-13
 2.871717E+02  1.922231E-13
 2.921212E+02  1.744394E-13
 2.970707E+02  1.584372E-13
 3.020202E+02  1.437288E-13
 3.069697E+02  1.307465E-13
 3.119192E+02  1.189777E-13
 3.168687E+02  1.080630E-13
 3.218182E+02  9.847237E-14
 3.267677E+02  8.978404E-14
 3.317172E+02  8.177384E-14
 3.366667E+02  7.450824E-14
 3.416162E+02  6.812651E-14
 3.465657E+02  6.216113E-14
 3.515152E+02  5.677849E-14
 3.564646E+02  5.176355E-14
 3.614141E+02  4.730552E-14
 3.663636E+02  4.330595E-14
 3.713131E+02  3.961333E-14
 3.762626E+02  3.626983E-14
 3.812121E+02  3.318765E-14
 3.861616E+02  3.034850E-14
 3.911111E+02  2.781643E-14
 3.960606E+02  2.551613E-14
 4.010101E+02  2.334318E-14
 4.059596E+02  2.139305E-14
 4.109091E+02  1.960107E-14
 4.158586E+02  1.801765E-14
 4.208081E+02  1.653463E-14
 4.257576E+02  1.517293E-14
 4.307071E+02  1.392466E-14
 4.356566E+02  1.278165E-14
 4.406061E+02  1.172969E-14
 4.455556E+02  1.078869E-14
 4.505051E+02  9.898172E-15
 4.554545E+02  9.106778E-15
 4.604040E+02  8.373165E-15
 4.653535E+02  7.695468E-15
 4.703030E+02  7.080419E-15
 4.752525E+02  6.514732E-15
 4.802020E+02  5.992132E-15
 4.851515E+02  5.514587E-15
 4.901010E+02  5.074793E-15
 4.950505E+02  4.667443E-15
 5.000000E+02  4.302244E-15
