 1.000000E+01  2.557605E-06
 1.494949E+01  4.043315E-06
 1.989899E+01  4.286440E-06
 2.484848E+01  2.987181E-06
 2.979798E+01  9.033547E-07
 3.474747E+01  9.542114E-08
 3.969697E+01  1.168950E-07
 4.464646E+01  1.372686E-07
 4.959596E+01  1.557148E-07
 5.454545E+01  1.722065E-07
 5.949495E+01  1.855115E-07
 6.444444E+01  1.955342E-07
 6.939394E+01  2.002554E-07
 7.434343E+01  2.011750E-07
 7.929293E+01  1.968765E-07
 8.424242E+01  1.881362E-07
 8.919192E+01  1.747773E-07
 9.414141E+01  1.573820E-07
 9.909091E+01  1.369413E-07
 1.040404E+02  1.131832E-07
 1.089899E+02  8.837128E-08
 1.139394E+02  6.348252E-08
 1.188889E+02  3.996745E-08
 1.238384E+02  2.012873E-08
 1.287879E+02  6.058298E-09
 1.337374E+02  3.173158E-10
 1.386869E+02  1.939814E-10
 1.436364E+02  1.496399E-10
 1.485859E+02  1.217627E-10
 1.535354E+02  1.017518E-10
 1.584848E+02  8.650914E-11
 1.634343E+02  7.444072E-11
 1.683838E+02  6.456973E-11
 1.733333E+02  5.655433E-11
 1.782828E+02  4.982799E-11
 1.832323E+02  4.409362E-11
 1.881818E+02  3.927189E-11
 1.931313E+02  3.509710E-11
 1.980808E+02  3.142177E-11
 2.030303E+02  2.823264E-11
 2.079798E+02  2.543472E-11
 2.129293E+02  2.293873E-11
 2.178788E+02  2.075273E-11
 2.228283E+02  1.881064E-11
 2.277778E+02  1.707819E-11
 2.327273E+02  1.556863E-11
 2.376768E+02  1.419332E-11
 2.426263E+02  1.292297E-11
 2.475758E+02  1.181641E-11
 2.525253E+02  1.081533E-11
 2.574747E+02  9.887556E-12
 2.624242E+02  9.078346E-12
 2.673737E+02  8.324315E-12
 2.723232E+02  7.657525E-12
 2.772727E+02  7.042422E-12
 2.822222E+02  6.482804E-12
 2.871717E+02  5.966452E-12
 2.921212E+02  5.494253E-12
 2.970707E+02  5.073272E-12
 3.020202E+02  4.687259E-12
 3.069697E+02  4.321557E-12
 3.119192E+02  3.999311E-12
 3.168687E+02  3.704056E-12
 3.218182E+02  3.419331E-12
 3.267677E+02  3.172946E-12
 3.317172E+02  2.941688E-12
 3.366667E+02  2.726253E-12
 3.416162E+02  2.526663E-12
 3.465657E+02  2.348062E-12
 3.515152E+02  2.176595E-12
 3.564646E+02  2.023444E-12
 3.614141E+02  1.880055E-12
 3.663636E+02  1.747985E-12
 3.713131E+02  1.626244E-12
 3.762626E+02  1.511898E-12
 3.812121E+02  1.407830E-12
 3.861616E+02  1.311510E-12
 3.911111E+02  1.222619E-12
 3.960606E+02  1.138467E-12
 4.010101E+02  1.061603E-12
 4.059596E+02  9.890266E-13
 4.109091E+02  9.233115E-13
 4.158586E+02  8.609337E-13
 4.208081E+02  8.048418E-13
 4.257576E+02  7.506796E-13
 4.307071E+02  7.015592E-13
 4.356566E+02  6.550657E-13
 4.406061E+02  6.118124E-13
 4.455556E+02  5.720774E-13
 4.505051E+02  5.352675E-13
 4.554545E+02  5.006711E-13
 4.604040E+02  4.685173E-13
 4.653535E+02  4.379198E-13
 4.703030E+02  4.101563E-13
 4.752525E+02  3.839137E-13
 4.802020E+02  3.596974E-13
 4.851515E+02  3.364960E-13
 4.901010E+02  3.151331E-13
 4.950505E+02  2.956627E-13
 5.000000E+02  2.767914E-13
