 1.000000E+01  1.055276E-07
 1.494949E+01  1.892128E-07
 1.989899E+01  2.463525E-07
 2.484848E+01  2.511181E-07
 2.979798E+01  1.966216E-07
 3.474747E+01  9.990871E-08
 3.969697E+01  1.561568E-08
 4.464646E+01  5.791052E-09
 4.959596E+01  6.776300E-09
 5.454545E+01  7.735326E-09
 5.949495E+01  8.659128E-09
 6.444444E+01  9.483844E-09
 6.939394E+01  1.022928E-08
 7.434343E+01  1.083070E-08
 7.929293E+01  1.134232E-08
 8.424242E+01  1.164102E-08
 8.919192E+01  1.178084E-08
 9.414141E+01  1.178538E-08
 9.909091E+01  1.154033E-08
 1.040404E+02  1.116059E-08
 1.089899E+02  1.063971E-08
 1.139394E+02  9.868992E-09
 1.188889E+02  8.995889E-09
 1.238384E+02  8.004779E-09
 1.287879E+02  6.877461E-09
 1.337374E+02  5.719200E-09
 1.386869E+02  4.512927E-09
 1.436364E+02  3.348839E-09
 1.485859E+02  2.251786E-09
 1.535354E+02  1.298462E-09
 1.584848E+02  5.576659E-10
 1.634343E+02  1.113773E-10
 1.683838E+02  1.467058E-11
 1.733333E+02  1.107502E-11
 1.782828E+02  9.031007E-12
 1.832323E+02  7.594391E-12
 1.881818E+02  6.528250E-12
 1.931313E+02  5.683639E-12
 1.980808E+02  4.996984E-12
 2.030303E+02  4.435112E-12
 2.079798E+02  3.955091E-12
 2.129293E+02  3.550204E-12
 2.178788E+02  3.193083E-12
 2.228283E+02  2.890098E-12
 2.277778E+02  2.620764E-12
 2.327273E+02  2.383669E-12
 2.376768E+02  2.173108E-12
 2.426263E+02  1.988619E-12
 2.475758E+02  1.821456E-12
 2.525253E+02  1.670480E-12
 2.574747E+02  1.538024E-12
 2.624242E+02  1.415430E-12
 2.673737E+02  1.305196E-12
 2.723232E+02  1.204497E-12
 2.772727E+02  1.110932E-12
 2.822222E+02  1.030922E-12
 2.871717E+02  9.548394E-13
 2.921212E+02  8.860067E-13
 2.970707E+02  8.215737E-13
 3.020202E+02  7.622725E-13
 3.069697E+02  7.107734E-13
 3.119192E+02  6.610662E-13
 3.168687E+02  6.157018E-13
 3.218182E+02  5.741916E-13
 3.267677E+02  5.355201E-13
 3.317172E+02  5.002512E-13
 3.366667E+02  4.671564E-13
 3.416162E+02  4.358573E-13
 3.465657E+02  4.079279E-13
 3.515152E+02  3.819295E-13
 3.564646E+02  3.572899E-13
 3.614141E+02  3.344169E-13
 3.663636E+02  3.134288E-13
 3.713131E+02  2.943741E-13
 3.762626E+02  2.756027E-13
 3.812121E+02  2.583270E-13
 3.861616E+02  2.429680E-13
 3.911111E+02  2.277957E-13
 3.960606E+02  2.142141E-13
 4.010101E+02  2.011467E-13
 4.059596E+02  1.894128E-13
 4.109091E+02  1.779316E-13
 4.158586E+02  1.674441E-13
 4.208081E+02  1.575052E-13
 4.257576E+02  1.483677E-13
 4.307071E+02  1.396005E-13
 4.356566E+02  1.317890E-13
 4.406061E+02  1.242438E-13
 4.455556E+02  1.170166E-13
 4.505051E+02  1.102415E-13
 4.554545E+02  1.039743E-13
 4.604040E+02  9.806974E-14
 4.653535E+02  9.258068E-14
 4.703030E+02  8.759898E-14
 4.752525E+02  8.240616E-14
 4.802020E+02  7.792949E-14
 4.851515E+02  7.372335E-14
 4.901010E+02  6.954790E-14
 4.950505E+02  6.576328E-14
 5.000000E+02  6.210574E-14
