 1.000000E+01  1.056433E-07
 1.494949E+01  1.893455E-07
 1.989899E+01  2.469909E-07
 2.484848E+01  2.510791E-07
 2.979798E+01  1.961295E-07
 3.474747E+01  1.000410E-07
 3.969697E+01  1.563033E-08
 4.464646E+01  5.794785E-09
 4.959596E+01  6.796252E-09
 5.454545E+01  7.737063E-09
 5.949495E+01  8.656803E-09
 6.444444E+01  9.473043E-09
 6.939394E+01  1.020818E-08
 7.434343E+01  1.080659E-08
 7.929293E+01  1.129653E-08
 8.424242E+01  1.163725E-08
 8.919192E+01  1.179469E-08
 9.414141E+01  1.177173E-08
 9.909091E+01  1.158171E-08
 1.040404E+02  1.119546E-08
 1.089899E+02  1.058949E-08
 1.139394E+02  9.884056E-09
 1.188889E+02  9.002024E-09
 1.238384E+02  7.988992E-09
 1.287879E+02  6.893890E-09
 1.337374E+02  5.709842E-09
 1.386869E+02  4.515115E-09
 1.436364E+02  3.344211E-09
 1.485859E+02  2.247744E-09
 1.535354E+02  1.302755E-09
 1.584848E+02  5.578192E-10
 1.634343E+02  1.113034E-10
 1.683838E+02  1.465934E-11
 1.733333E+02  1.106526E-11
 1.782828E+02  9.033269E-12
 1.832323E+02  7.593475E-12
 1.881818E+02  6.526224E-12
 1.931313E+02  5.683013E-12
 1.980808E+02  4.997585E-12
 2.030303E+02  4.437412E-12
 2.079798E+02  3.951891E-12
 2.129293E+02  3.548344E-12
 2.178788E+02  3.197083E-12
 2.228283E+02  2.887462E-12
 2.277778E+02  2.623581E-12
 2.327273E+02  2.384299E-12
 2.376768E+02  2.173565E-12
 2.426263E+02  1.987454E-12
 2.475758E+02  1.820211E-12
 2.525253E+02  1.671188E-12
 2.574747E+02  1.535581E-12
 2.624242E+02  1.414900E-12
 2.673737E+02  1.304282E-12
 2.723232E+02  1.206366E-12
 2.772727E+02  1.114787E-12
 2.822222E+02  1.029681E-12
 2.871717E+02  9.551763E-13
 2.921212E+02  8.847998E-13
 2.970707E+02  8.223022E-13
 3.020202E+02  7.637648E-13
 3.069697E+02  7.109416E-13
 3.119192E+02  6.611763E-13
 3.168687E+02  6.162903E-13
 3.218182E+02  5.741968E-13
 3.267677E+02  5.353883E-13
 3.317172E+02  4.998152E-13
 3.366667E+02  4.666544E-13
 3.416162E+02  4.362713E-13
 3.465657E+02  4.071754E-13
 3.515152E+02  3.815319E-13
 3.564646E+02  3.573289E-13
 3.614141E+02  3.348889E-13
 3.663636E+02  3.131152E-13
 3.713131E+02  2.940559E-13
 3.762626E+02  2.756081E-13
 3.812121E+02  2.587761E-13
 3.861616E+02  2.428996E-13
 3.911111E+02  2.279757E-13
 3.960606E+02  2.141048E-13
 4.010101E+02  2.012419E-13
 4.059596E+02  1.889890E-13
 4.109091E+02  1.779238E-13
 4.158586E+02  1.672930E-13
 4.208081E+02  1.575496E-13
 4.257576E+02  1.486083E-13
 4.307071E+02  1.398943E-13
 4.356566E+02  1.317609E-13
 4.406061E+02  1.241842E-13
 4.455556E+02  1.167984E-13
 4.505051E+02  1.102093E-13
 4.554545E+02  1.040760E-13
 4.604040E+02  9.816183E-14
 4.653535E+02  9.271385E-14
 4.703030E+02  8.744245E-14
 4.752525E+02  8.247494E-14
 4.802020E+02  7.793005E-14
 4.851515E+02  7.367188E-14
 4.901010E+02  6.953149E-14
 4.950505E+02  6.578198E-14
 5.000000E+02  6.218566E-14
