 1.000000E+01  4.371030E-07
 1.494949E+01  2.126346E-07
 1.989899E+01  6.975306E-08
 2.484848E+01  2.715319E-08
 2.979798E+01  2.412059E-08
 3.474747E+01  2.154997E-08
 3.969697E+01  1.887848E-08
 4.464646E+01  1.614500E-08
 4.959596E+01  1.344846E-08
 5.454545E+01  1.091440E-08
 5.949495E+01  8.576074E-09
 6.444444E+01  6.466610E-09
 6.939394E+01  4.661588E-09
 7.434343E+01  3.152466E-09
 7.929293E+01  1.963177E-09
 8.424242E+01  1.090825E-09
 8.919192E+01  5.057867E-10
 9.414141E+01  1.733461E-10
 9.909091E+01  3.343187E-11
 1.040404E+02  6.088837E-12
 1.089899E+02  4.600502E-12
 1.139394E+02  3.677373E-12
 1.188889E+02  3.005577E-12
 1.238384E+02  2.489299E-12
 1.287879E+02  2.082952E-12
 1.337374E+02  1.754633E-12
 1.386869E+02  1.490367E-12
 1.436364E+02  1.275417E-12
 1.485859E+02  1.093643E-12
 1.535354E+02  9.410447E-13
 1.584848E+02  8.151056E-13
 1.634343E+02  7.074755E-13
 1.683838E+02  6.169309E-13
 1.733333E+02  5.384987E-13
 1.782828E+02  4.714444E-13
 1.832323E+02  4.130240E-13
 1.881818E+02  3.641915E-13
 1.931313E+02  3.204162E-13
 1.980808E+02  2.828483E-13
 2.030303E+02  2.507105E-13
 2.079798E+02  2.215655E-13
 2.129293E+02  1.967734E-13
 2.178788E+02  1.747320E-13
 2.228283E+02  1.555019E-13
 2.277778E+02  1.386108E-13
 2.327273E+02  1.238559E-13
 2.376768E+02  1.106325E-13
 2.426263E+02  9.876704E-14
 2.475758E+02  8.857099E-14
 2.525253E+02  7.932917E-14
 2.574747E+02  7.124682E-14
 2.624242E+02  6.387615E-14
 2.673737E+02  5.738476E-14
 2.723232E+02  5.174454E-14
 2.772727E+02  4.653823E-14
 2.822222E+02  4.195907E-14
 2.871717E+02  3.778748E-14
 2.921212E+02  3.416895E-14
 2.970707E+02  3.081310E-14
 3.020202E+02  2.792402E-14
 3.069697E+02  2.522520E-14
 3.119192E+02  2.285257E-14
 3.168687E+02  2.069375E-14
 3.218182E+02  1.874311E-14
 3.267677E+02  1.699442E-14
 3.317172E+02  1.545633E-14
 3.366667E+02  1.399675E-14
 3.416162E+02  1.272634E-14
 3.465657E+02  1.154821E-14
 3.515152E+02  1.050605E-14
 3.564646E+02  9.587151E-15
 3.614141E+02  8.703484E-15
 3.663636E+02  7.920642E-15
 3.713131E+02  7.238849E-15
 3.762626E+02  6.582548E-15
 3.812121E+02  6.001344E-15
 3.861616E+02  5.475783E-15
 3.911111E+02  5.001518E-15
 3.960606E+02  4.554266E-15
 4.010101E+02  4.166930E-15
 4.059596E+02  3.808030E-15
 4.109091E+02  3.478733E-15
 4.158586E+02  3.178890E-15
 4.208081E+02  2.907867E-15
 4.257576E+02  2.662456E-15
 4.307071E+02  2.432240E-15
 4.356566E+02  2.232163E-15
 4.406061E+02  2.040601E-15
 4.455556E+02  1.868867E-15
 4.505051E+02  1.713992E-15
 4.554545E+02  1.569771E-15
 4.604040E+02  1.440561E-15
 4.653535E+02  1.323686E-15
 4.703030E+02  1.209322E-15
 4.752525E+02  1.110924E-15
 4.802020E+02  1.025561E-15
 4.851515E+02  9.380141E-16
 4.901010E+02  8.592575E-16
 4.950505E+02  7.885461E-16
 5.000000E+02  7.247636E-16
