 1.000000E+01  4.348067E-07
 1.494949E+01  2.123356E-07
 1.989899E+01  6.970990E-08
 2.484848E+01  2.703763E-08
 2.979798E+01  2.413432E-08
 3.474747E+01  2.149206E-08
 3.969697E+01  1.890236E-08
 4.464646E+01  1.608488E-08
 4.959596E+01  1.341496E-08
 5.454545E+01  1.091427E-08
 5.949495E+01  8.566260E-09
 6.444444E+01  6.476890E-09
 6.939394E+01  4.666356E-09
 7.434343E+01  3.152496E-09
 7.929293E+01  1.965511E-09
 8.424242E+01  1.090245E-09
 8.919192E+01  5.053546E-10
 9.414141E+01  1.734593E-10
 9.909091E+01  3.348883E-11
 1.040404E+02  6.070772E-12
 1.089899E+02  4.607433E-12
 1.139394E+02  3.674756E-12
 1.188889E+02  3.003495E-12
 1.238384E+02  2.487395E-12
 1.287879E+02  2.085432E-12
 1.337374E+02  1.758722E-12
 1.386869E+02  1.493009E-12
 1.436364E+02  1.275558E-12
 1.485859E+02  1.096281E-12
 1.535354E+02  9.421475E-13
 1.584848E+02  8.155534E-13
 1.634343E+02  7.085951E-13
 1.683838E+02  6.162434E-13
 1.733333E+02  5.389323E-13
 1.782828E+02  4.720130E-13
 1.832323E+02  4.144818E-13
 1.881818E+02  3.633203E-13
 1.931313E+02  3.206743E-13
 1.980808E+02  2.831664E-13
 2.030303E+02  2.498547E-13
 2.079798E+02  2.217168E-13
 2.129293E+02  1.962721E-13
 2.178788E+02  1.750890E-13
 2.228283E+02  1.555453E-13
 2.277778E+02  1.386104E-13
 2.327273E+02  1.236612E-13
 2.376768E+02  1.104883E-13
 2.426263E+02  9.909790E-14
 2.475758E+02  8.836405E-14
 2.525253E+02  7.935182E-14
 2.574747E+02  7.112296E-14
 2.624242E+02  6.396225E-14
 2.673737E+02  5.748742E-14
 2.723232E+02  5.165005E-14
 2.772727E+02  4.664639E-14
 2.822222E+02  4.193897E-14
 2.871717E+02  3.786154E-14
 2.921212E+02  3.417297E-14
 2.970707E+02  3.089116E-14
 3.020202E+02  2.788992E-14
 3.069697E+02  2.520905E-14
 3.119192E+02  2.287770E-14
 3.168687E+02  2.068661E-14
 3.218182E+02  1.873318E-14
 3.267677E+02  1.701047E-14
 3.317172E+02  1.541739E-14
 3.366667E+02  1.399288E-14
 3.416162E+02  1.269963E-14
 3.465657E+02  1.156346E-14
 3.515152E+02  1.049439E-14
 3.564646E+02  9.555192E-15
 3.614141E+02  8.723465E-15
 3.663636E+02  7.920752E-15
 3.713131E+02  7.227219E-15
 3.762626E+02  6.590698E-15
 3.812121E+02  5.999081E-15
 3.861616E+02  5.474267E-15
 3.911111E+02  4.991082E-15
 3.960606E+02  4.561354E-15
 4.010101E+02  4.165155E-15
 4.059596E+02  3.805876E-15
 4.109091E+02  3.477832E-15
 4.158586E+02  3.185850E-15
 4.208081E+02  2.909500E-15
 4.257576E+02  2.655746E-15
 4.307071E+02  2.437429E-15
 4.356566E+02  2.227546E-15
 4.406061E+02  2.042319E-15
 4.455556E+02  1.869411E-15
 4.505051E+02  1.711598E-15
 4.554545E+02  1.568852E-15
 4.604040E+02  1.441790E-15
 4.653535E+02  1.322517E-15
 4.703030E+02  1.211159E-15
 4.752525E+02  1.112153E-15
 4.802020E+02  1.020428E-15
 4.851515E+02  9.355058E-16
 4.901010E+02  8.603692E-16
 4.950505E+02  7.899335E-16
 5.000000E+02  7.263085E-16
