 1.000000E+01  3.458112E-07
 1.494949E+01  1.263173E-07
 1.989899E+01  3.270939E-08
 2.484848E+01  2.398307E-08
 2.979798E+01  2.091491E-08
 3.474747E+01  1.780172E-08
 3.969697E+01  1.468060E-08
 4.464646E+01  1.179343E-08
 4.959596E+01  9.046337E-09
 5.454545E+01  6.663386E-09
 5.949495E+01  4.601034E-09
 6.444444E+01  2.944306E-09
 6.939394E+01  1.685816E-09
 7.434343E+01  8.180027E-10
 7.929293E+01  3.019891E-10
 8.424242E+01  6.473777E-11
 8.919192E+01  6.932961E-12
 9.414141E+01  4.417455E-12
 9.909091E+01  3.420194E-12
 1.040404E+02  2.707755E-12
 1.089899E+02  2.190330E-12
 1.139394E+02  1.790476E-12
 1.188889E+02  1.478821E-12
 1.238384E+02  1.230937E-12
 1.287879E+02  1.031723E-12
 1.337374E+02  8.704157E-13
 1.386869E+02  7.380116E-13
 1.436364E+02  6.245713E-13
 1.485859E+02  5.338368E-13
 1.535354E+02  4.587794E-13
 1.584848E+02  3.933930E-13
 1.634343E+02  3.390005E-13
 1.683838E+02  2.927811E-13
 1.733333E+02  2.536160E-13
 1.782828E+02  2.201482E-13
 1.832323E+02  1.923438E-13
 1.881818E+02  1.676154E-13
 1.931313E+02  1.461901E-13
 1.980808E+02  1.281833E-13
 2.030303E+02  1.125605E-13
 2.079798E+02  9.860165E-14
 2.129293E+02  8.691282E-14
 2.178788E+02  7.638698E-14
 2.228283E+02  6.747932E-14
 2.277778E+02  5.957927E-14
 2.327273E+02  5.264479E-14
 2.376768E+02  4.670107E-14
 2.426263E+02  4.140114E-14
 2.475758E+02  3.664312E-14
 2.525253E+02  3.260298E-14
 2.574747E+02  2.892067E-14
 2.624242E+02  2.577850E-14
 2.673737E+02  2.294608E-14
 2.723232E+02  2.051347E-14
 2.772727E+02  1.828516E-14
 2.822222E+02  1.630673E-14
 2.871717E+02  1.456425E-14
 2.921212E+02  1.303629E-14
 2.970707E+02  1.166162E-14
 3.020202E+02  1.045491E-14
 3.069697E+02  9.373371E-15
 3.119192E+02  8.393547E-15
 3.168687E+02  7.523137E-15
 3.218182E+02  6.776019E-15
 3.267677E+02  6.076839E-15
 3.317172E+02  5.471065E-15
 3.366667E+02  4.920336E-15
 3.416162E+02  4.434975E-15
 3.465657E+02  3.981042E-15
 3.515152E+02  3.594374E-15
 3.564646E+02  3.237480E-15
 3.614141E+02  2.919783E-15
 3.663636E+02  2.635362E-15
 3.713131E+02  2.377973E-15
 3.762626E+02  2.142307E-15
 3.812121E+02  1.939708E-15
 3.861616E+02  1.754241E-15
 3.911111E+02  1.583811E-15
 3.960606E+02  1.432439E-15
 4.010101E+02  1.296303E-15
 4.059596E+02  1.173769E-15
 4.109091E+02  1.061016E-15
 4.158586E+02  9.626141E-16
 4.208081E+02  8.716445E-16
 4.257576E+02  7.905150E-16
 4.307071E+02  7.146226E-16
 4.356566E+02  6.495311E-16
 4.406061E+02  5.889001E-16
 4.455556E+02  5.342610E-16
 4.505051E+02  4.839114E-16
 4.554545E+02  4.404458E-16
 4.604040E+02  3.999448E-16
 4.653535E+02  3.626506E-16
 4.703030E+02  3.302131E-16
 4.752525E+02  2.996771E-16
 4.802020E+02  2.723505E-16
 4.851515E+02  2.478350E-16
 4.901010E+02  2.252128E-16
 4.950505E+02  2.052817E-16
 5.000000E+02  1.865600E-16
