 1.000000E+01  3.450323E-07
 1.494949E+01  1.260110E-07
 1.989899E+01  3.264406E-08
 2.484848E+01  2.395141E-08
 2.979798E+01  2.096780E-08
 3.474747E+01  1.777659E-08
 3.969697E+01  1.469661E-08
 4.464646E+01  1.177518E-08
 4.959596E+01  9.073437E-09
 5.454545E+01  6.665868E-09
 5.949495E+01  4.601880E-09
 6.444444E+01  2.936695E-09
 6.939394E+01  1.683493E-09
 7.434343E+01  8.226884E-10
 7.929293E+01  3.025285E-10
 8.424242E+01  6.494646E-11
 8.919192E+01  6.931647E-12
 9.414141E+01  4.419508E-12
 9.909091E+01  3.414567E-12
 1.040404E+02  2.713291E-12
 1.089899E+02  2.193574E-12
 1.139394E+02  1.789725E-12
 1.188889E+02  1.481248E-12
 1.238384E+02  1.231348E-12
 1.287879E+02  1.031865E-12
 1.337374E+02  8.699262E-13
 1.386869E+02  7.362309E-13
 1.436364E+02  6.254723E-13
 1.485859E+02  5.336493E-13
 1.535354E+02  4.576793E-13
 1.584848E+02  3.938559E-13
 1.634343E+02  3.394903E-13
 1.683838E+02  2.938063E-13
 1.733333E+02  2.544363E-13
 1.782828E+02  2.205873E-13
 1.832323E+02  1.918422E-13
 1.881818E+02  1.676475E-13
 1.931313E+02  1.463347E-13
 1.980808E+02  1.282047E-13
 2.030303E+02  1.124122E-13
 2.079798E+02  9.882118E-14
 2.129293E+02  8.652533E-14
 2.178788E+02  7.641585E-14
 2.228283E+02  6.749089E-14
 2.277778E+02  5.958130E-14
 2.327273E+02  5.271619E-14
 2.376768E+02  4.667087E-14
 2.426263E+02  4.133060E-14
 2.475758E+02  3.674966E-14
 2.525253E+02  3.257607E-14
 2.574747E+02  2.896226E-14
 2.624242E+02  2.576911E-14
 2.673737E+02  2.296491E-14
 2.723232E+02  2.047517E-14
 2.772727E+02  1.827295E-14
 2.822222E+02  1.631497E-14
 2.871717E+02  1.458527E-14
 2.921212E+02  1.304898E-14
 2.970707E+02  1.166493E-14
 3.020202E+02  1.047479E-14
 3.069697E+02  9.357764E-15
 3.119192E+02  8.404808E-15
 3.168687E+02  7.544478E-15
 3.218182E+02  6.766497E-15
 3.267677E+02  6.088361E-15
 3.317172E+02  5.461483E-15
 3.366667E+02  4.910844E-15
 3.416162E+02  4.426358E-15
 3.465657E+02  3.981576E-15
 3.515152E+02  3.599394E-15
 3.564646E+02  3.235815E-15
 3.614141E+02  2.920194E-15
 3.663636E+02  2.637688E-15
 3.713131E+02  2.379876E-15
 3.762626E+02  2.145716E-15
 3.812121E+02  1.941439E-15
 3.861616E+02  1.750968E-15
 3.911111E+02  1.585965E-15
 3.960606E+02  1.432823E-15
 4.010101E+02  1.295561E-15
 4.059596E+02  1.174277E-15
 4.109091E+02  1.062992E-15
 4.158586E+02  9.623509E-16
 4.208081E+02  8.712265E-16
 4.257576E+02  7.908001E-16
 4.307071E+02  7.165388E-16
 4.356566E+02  6.486737E-16
 4.406061E+02  5.880755E-16
 4.455556E+02  5.339337E-16
 4.505051E+02  4.846668E-16
 4.554545E+02  4.406100E-16
 4.604040E+02  3.998403E-16
 4.653535E+02  3.631594E-16
 4.703030E+02  3.298541E-16
 4.752525E+02  2.997672E-16
 4.802020E+02  2.728089E-16
 4.851515E+02  2.476630E-16
 4.901010E+02  2.249529E-16
 4.950505E+02  2.047052E-16
 5.000000E+02  1.862770E-16
