 1.000000E+01  3.126942E-05
 1.494949E+01  1.016777E-05
 1.989899E+01  2.762426E-06
 2.484848E+01  2.293971E-06
 2.979798E+01  1.961074E-06
 3.474747E+01  1.636743E-06
 3.969697E+01  1.324030E-06
 4.464646E+01  1.024170E-06
 4.959596E+01  7.601783E-07
 5.454545E+01  5.337361E-07
 5.949495E+01  3.463907E-07
 6.444444E+01  2.026445E-07
 6.939394E+01  1.017905E-07
 7.434343E+01  3.945892E-08
 7.929293E+01  9.430876E-09
 8.424242E+01  9.159039E-10
 8.919192E+01  4.450887E-10
 9.414141E+01  3.385032E-10
 9.909091E+01  2.652057E-10
 1.040404E+02  2.121378E-10
 1.089899E+02  1.714135E-10
 1.139394E+02  1.406268E-10
 1.188889E+02  1.160323E-10
 1.238384E+02  9.638848E-11
 1.287879E+02  8.084139E-11
 1.337374E+02  6.790385E-11
 1.386869E+02  5.722574E-11
 1.436364E+02  4.868128E-11
 1.485859E+02  4.139403E-11
 1.535354E+02  3.533708E-11
 1.584848E+02  3.034753E-11
 1.634343E+02  2.608888E-11
 1.683838E+02  2.248208E-11
 1.733333E+02  1.940299E-11
 1.782828E+02  1.677961E-11
 1.832323E+02  1.459305E-11
 1.881818E+02  1.267459E-11
 1.931313E+02  1.104106E-11
 1.980808E+02  9.630152E-12
 2.030303E+02  8.426095E-12
 2.079798E+02  7.353210E-12
 2.129293E+02  6.442998E-12
 2.178788E+02  5.675923E-12
 2.228283E+02  4.988484E-12
 2.277778E+02  4.387203E-12
 2.327273E+02  3.875244E-12
 2.376768E+02  3.416664E-12
 2.426263E+02  3.013750E-12
 2.475758E+02  2.666114E-12
 2.525253E+02  2.361239E-12
 2.574747E+02  2.093307E-12
 2.624242E+02  1.856526E-12
 2.673737E+02  1.647003E-12
 2.723232E+02  1.465348E-12
 2.772727E+02  1.301359E-12
 2.822222E+02  1.157596E-12
 2.871717E+02  1.032160E-12
 2.921212E+02  9.197897E-13
 2.970707E+02  8.194721E-13
 3.020202E+02  7.316944E-13
 3.069697E+02  6.535367E-13
 3.119192E+02  5.842258E-13
 3.168687E+02  5.218553E-13
 3.218182E+02  4.676891E-13
 3.267677E+02  4.191568E-13
 3.317172E+02  3.750513E-13
 3.366667E+02  3.365127E-13
 3.416162E+02  3.011212E-13
 3.465657E+02  2.708986E-13
 3.515152E+02  2.423509E-13
 3.564646E+02  2.179528E-13
 3.614141E+02  1.964106E-13
 3.663636E+02  1.761373E-13
 3.713131E+02  1.583178E-13
 3.762626E+02  1.422119E-13
 3.812121E+02  1.285076E-13
 3.861616E+02  1.156956E-13
 3.911111E+02  1.039597E-13
 3.960606E+02  9.397575E-14
 4.010101E+02  8.472153E-14
 4.059596E+02  7.617548E-14
 4.109091E+02  6.892130E-14
 4.158586E+02  6.214783E-14
 4.208081E+02  5.610212E-14
 4.257576E+02  5.060573E-14
 4.307071E+02  4.583375E-14
 4.356566E+02  4.132692E-14
 4.406061E+02  3.740005E-14
 4.455556E+02  3.380442E-14
 4.505051E+02  3.055424E-14
 4.554545E+02  2.764981E-14
 4.604040E+02  2.502410E-14
 4.653535E+02  2.264741E-14
 4.703030E+02  2.048982E-14
 4.752525E+02  1.854685E-14
 4.802020E+02  1.679966E-14
 4.851515E+02  1.519723E-14
 4.901010E+02  1.377048E-14
 4.950505E+02  1.247885E-14
 5.000000E+02  1.135655E-14
