 1.000000E+01  3.125632E-05
 1.494949E+01  1.010908E-05
 1.989899E+01  2.764301E-06
 2.484848E+01  2.294901E-06
 2.979798E+01  1.965011E-06
 3.474747E+01  1.631835E-06
 3.969697E+01  1.319248E-06
 4.464646E+01  1.025262E-06
 4.959596E+01  7.592042E-07
 5.454545E+01  5.326924E-07
 5.949495E+01  3.456131E-07
 6.444444E+01  2.026370E-07
 6.939394E+01  1.015658E-07
 7.434343E+01  3.945845E-08
 7.929293E+01  9.407753E-09
 8.424242E+01  9.158312E-10
 8.919192E+01  4.447498E-10
 9.414141E+01  3.380528E-10
 9.909091E+01  2.651885E-10
 1.040404E+02  2.117701E-10
 1.089899E+02  1.716497E-10
 1.139394E+02  1.405781E-10
 1.188889E+02  1.161500E-10
 1.238384E+02  9.641242E-11
 1.287879E+02  8.068693E-11
 1.337374E+02  6.779968E-11
 1.386869E+02  5.734249E-11
 1.436364E+02  4.863079E-11
 1.485859E+02  4.138848E-11
 1.535354E+02  3.533128E-11
 1.584848E+02  3.032855E-11
 1.634343E+02  2.604623E-11
 1.683838E+02  2.248245E-11
 1.733333E+02  1.938582E-11
 1.782828E+02  1.682258E-11
 1.832323E+02  1.456612E-11
 1.881818E+02  1.268273E-11
 1.931313E+02  1.102550E-11
 1.980808E+02  9.622531E-12
 2.030303E+02  8.416642E-12
 2.079798E+02  7.386234E-12
 2.129293E+02  6.453478E-12
 2.178788E+02  5.664740E-12
 2.228283E+02  4.984654E-12
 2.277778E+02  4.395592E-12
 2.327273E+02  3.871515E-12
 2.376768E+02  3.414746E-12
 2.426263E+02  3.013012E-12
 2.475758E+02  2.666683E-12
 2.525253E+02  2.361416E-12
 2.574747E+02  2.092769E-12
 2.624242E+02  1.855491E-12
 2.673737E+02  1.644647E-12
 2.723232E+02  1.461184E-12
 2.772727E+02  1.301217E-12
 2.822222E+02  1.156959E-12
 2.871717E+02  1.030771E-12
 2.921212E+02  9.209479E-13
 2.970707E+02  8.191028E-13
 3.020202E+02  7.316193E-13
 3.069697E+02  6.543993E-13
 3.119192E+02  5.840183E-13
 3.168687E+02  5.228906E-13
 3.218182E+02  4.668054E-13
 3.267677E+02  4.189456E-13
 3.317172E+02  3.748444E-13
 3.366667E+02  3.359592E-13
 3.416162E+02  3.019734E-13
 3.465657E+02  2.709782E-13
 3.515152E+02  2.422164E-13
 3.564646E+02  2.179237E-13
 3.614141E+02  1.957724E-13
 3.663636E+02  1.761065E-13
 3.713131E+02  1.587681E-13
 3.762626E+02  1.428793E-13
 3.812121E+02  1.283123E-13
 3.861616E+02  1.157330E-13
 3.911111E+02  1.040522E-13
 3.960606E+02  9.383627E-14
 4.010101E+02  8.457002E-14
 4.059596E+02  7.635384E-14
 4.109091E+02  6.875784E-14
 4.158586E+02  6.211328E-14
 4.208081E+02  5.611567E-14
 4.257576E+02  5.056648E-14
 4.307071E+02  4.578157E-14
 4.356566E+02  4.136188E-14
 4.406061E+02  3.738305E-14
 4.455556E+02  3.378853E-14
 4.505051E+02  3.051542E-14
 4.554545E+02  2.762636E-14
 4.604040E+02  2.499860E-14
 4.653535E+02  2.264480E-14
 4.703030E+02  2.049002E-14
 4.752525E+02  1.854601E-14
 4.802020E+02  1.679695E-14
 4.851515E+02  1.522586E-14
 4.901010E+02  1.378919E-14
 4.950505E+02  1.249645E-14
 5.000000E+02  1.130926E-14
