 1.000000E+01  6.860653E-05
 1.040404E+01  8.012842E-05
 1.080808E+01  9.323612E-05
 1.121212E+01  1.073923E-04
 1.161616E+01  1.232228E-04
 1.202020E+01  1.409907E-04
 1.242424E+01  1.602390E-04
 1.282828E+01  1.809242E-04
 1.323232E+01  2.042249E-04
 1.363636E+01  2.290461E-04
 1.404040E+01  2.567958E-04
 1.444444E+01  2.859395E-04
 1.484848E+01  3.179288E-04
 1.525253E+01  3.517471E-04
 1.565657E+01  3.886287E-04
 1.606061E+01  4.284288E-04
 1.646465E+01  4.701954E-04
 1.686869E+01  5.142105E-04
 1.727273E+01  5.626031E-04
 1.767677E+01  6.138386E-04
 1.808081E+01  6.651253E-04
 1.848485E+01  7.236133E-04
 1.888889E+01  7.816716E-04
 1.929293E+01  8.458806E-04
 1.969697E+01  9.110240E-04
 2.010101E+01  9.803042E-04
 2.050505E+01  1.053901E-03
 2.090909E+01  1.127763E-03
 2.131313E+01  1.208615E-03
 2.171717E+01  1.292867E-03
 2.212121E+01  1.374967E-03
 2.252525E+01  1.462023E-03
 2.292929E+01  1.555753E-03
 2.333333E+01  1.649834E-03
 2.373737E+01  1.748370E-03
 2.414141E+01  1.847147E-03
 2.454545E+01  1.949710E-03
 2.494949E+01  2.056247E-03
 2.535354E+01  2.162306E-03
 2.575758E+01  2.273296E-03
 2.616162E+01  2.389365E-03
 2.656566E+01  2.497839E-03
 2.696970E+01  2.611899E-03
 2.737374E+01  2.720766E-03
 2.777778E+01  2.841448E-03
 2.818182E+01  2.948689E-03
 2.858586E+01  3.070699E-03
 2.898990E+01  3.176034E-03
 2.939394E+01  3.283671E-03
 2.979798E+01  3.384143E-03
 3.020202E+01  3.495242E-03
 3.060606E+01  3.584115E-03
 3.101010E+01  3.668042E-03
 3.141414E+01  3.742514E-03
 3.181818E+01  3.815135E-03
 3.222222E+01  3.879156E-03
 3.262626E+01  3.931911E-03
 3.303030E+01  3.961240E-03
 3.343434E+01  3.984261E-03
 3.383838E+01  3.967273E-03
 3.424242E+01  3.939255E-03
 3.464646E+01  3.878391E-03
 3.505051E+01  3.774970E-03
 3.545455E+01  3.617839E-03
 3.585859E+01  3.404941E-03
 3.626263E+01  3.096421E-03
 3.666667E+01  2.664425E-03
 3.707071E+01  2.002154E-03
 3.747475E+01  5.093672E-04
 3.787879E+01  1.261640E-07
 3.828283E+01  8.005979E-08
 3.868687E+01  6.083035E-08
 3.909091E+01  4.974311E-08
 3.949495E+01  4.234018E-08
 3.989899E+01  3.719886E-08
 4.030303E+01  3.319135E-08
 4.070707E+01  3.002037E-08
 4.111111E+01  2.743322E-08
 4.151515E+01  2.535688E-08
 4.191919E+01  2.355757E-08
 4.232323E+01  2.204643E-08
 4.272727E+01  2.070228E-08
 4.313131E+01  1.954021E-08
 4.353535E+01  1.854192E-08
 4.393939E+01  1.760877E-08
 4.434343E+01  1.678863E-08
 4.474747E+01  1.603402E-08
 4.515152E+01  1.535287E-08
 4.555556E+01  1.475830E-08
 4.595960E+01  1.417338E-08
 4.636364E+01  1.364780E-08
 4.676768E+01  1.317401E-08
 4.717172E+01  1.274071E-08
 4.757576E+01  1.230784E-08
 4.797980E+01  1.191110E-08
 4.838384E+01  1.154689E-08
 4.878788E+01  1.122070E-08
 4.919192E+01  1.090105E-08
 4.959596E+01  1.060589E-08
 5.000000E+01  1.030916E-08
