 1.000000E+01  3.121825E-04
 1.040404E+01  3.642239E-04
 1.080808E+01  4.234846E-04
 1.121212E+01  4.896482E-04
 1.161616E+01  5.619105E-04
 1.202020E+01  6.431300E-04
 1.242424E+01  7.299195E-04
 1.282828E+01  8.298955E-04
 1.323232E+01  9.378411E-04
 1.363636E+01  1.052129E-03
 1.404040E+01  1.177779E-03
 1.444444E+01  1.316235E-03
 1.484848E+01  1.463121E-03
 1.525253E+01  1.624007E-03
 1.565657E+01  1.795470E-03
 1.606061E+01  1.982141E-03
 1.646465E+01  2.175504E-03
 1.686869E+01  2.390920E-03
 1.727273E+01  2.615721E-03
 1.767677E+01  2.852801E-03
 1.808081E+01  3.109813E-03
 1.848485E+01  3.382442E-03
 1.888889E+01  3.666166E-03
 1.929293E+01  3.963596E-03
 1.969697E+01  4.289266E-03
 2.010101E+01  4.628777E-03
 2.050505E+01  4.985441E-03
 2.090909E+01  5.371370E-03
 2.131313E+01  5.756315E-03
 2.171717E+01  6.163929E-03
 2.212121E+01  6.598755E-03
 2.252525E+01  7.051240E-03
 2.292929E+01  7.516555E-03
 2.333333E+01  8.001478E-03
 2.373737E+01  8.506272E-03
 2.414141E+01  9.028304E-03
 2.454545E+01  9.570952E-03
 2.494949E+01  1.014924E-02
 2.535354E+01  1.069917E-02
 2.575758E+01  1.133261E-02
 2.616162E+01  1.194386E-02
 2.656566E+01  1.257760E-02
 2.696970E+01  1.323369E-02
 2.737374E+01  1.391520E-02
 2.777778E+01  1.461248E-02
 2.818182E+01  1.532432E-02
 2.858586E+01  1.604020E-02
 2.898990E+01  1.677844E-02
 2.939394E+01  1.752680E-02
 2.979798E+01  1.826062E-02
 3.020202E+01  1.902208E-02
 3.060606E+01  1.983310E-02
 3.101010E+01  2.060638E-02
 3.141414E+01  2.144623E-02
 3.181818E+01  2.219488E-02
 3.222222E+01  2.302606E-02
 3.262626E+01  2.375490E-02
 3.303030E+01  2.455714E-02
 3.343434E+01  2.535270E-02
 3.383838E+01  2.604187E-02
 3.424242E+01  2.683051E-02
 3.464646E+01  2.755494E-02
 3.505051E+01  2.816952E-02
 3.545455E+01  2.878410E-02
 3.585859E+01  2.942781E-02
 3.626263E+01  2.994606E-02
 3.666667E+01  3.044480E-02
 3.707071E+01  3.089492E-02
 3.747475E+01  3.133610E-02
 3.787879E+01  3.155942E-02
 3.828283E+01  3.180483E-02
 3.868687E+01  3.183781E-02
 3.909091E+01  3.177053E-02
 3.949495E+01  3.156535E-02
 3.989899E+01  3.115420E-02
 4.030303E+01  3.053260E-02
 4.070707E+01  2.968704E-02
 4.111111E+01  2.844355E-02
 4.151515E+01  2.674437E-02
 4.191919E+01  2.453379E-02
 4.232323E+01  2.149947E-02
 4.272727E+01  1.711655E-02
 4.313131E+01  9.713728E-03
 4.353535E+01  1.465508E-06
 4.393939E+01  7.999138E-07
 4.434343E+01  5.835665E-07
 4.474747E+01  4.685275E-07
 4.515152E+01  3.959347E-07
 4.555556E+01  3.444235E-07
 4.595960E+01  3.061403E-07
 4.636364E+01  2.761362E-07
 4.676768E+01  2.521618E-07
 4.717172E+01  2.325944E-07
 4.757576E+01  2.158781E-07
 4.797980E+01  2.012442E-07
 4.838384E+01  1.892371E-07
 4.878788E+01  1.785126E-07
 4.919192E+01  1.690598E-07
 4.959596E+01  1.605163E-07
 5.000000E+01  1.527771E-07
