 1.000000E+01  3.527857E-05
 1.040404E+01  4.134012E-05
 1.080808E+01  4.818975E-05
 1.121212E+01  5.571893E-05
 1.161616E+01  6.386679E-05
 1.202020E+01  7.348184E-05
 1.242424E+01  8.382926E-05
 1.282828E+01  9.507005E-05
 1.323232E+01  1.073368E-04
 1.363636E+01  1.211403E-04
 1.404040E+01  1.360963E-04
 1.444444E+01  1.521752E-04
 1.484848E+01  1.695417E-04
 1.525253E+01  1.888713E-04
 1.565657E+01  2.095084E-04
 1.606061E+01  2.311077E-04
 1.646465E+01  2.548454E-04
 1.686869E+01  2.808955E-04
 1.727273E+01  3.083171E-04
 1.767677E+01  3.379007E-04
 1.808081E+01  3.690222E-04
 1.848485E+01  4.029439E-04
 1.888889E+01  4.391386E-04
 1.929293E+01  4.772207E-04
 1.969697E+01  5.165953E-04
 2.010101E+01  5.606258E-04
 2.050505E+01  6.064719E-04
 2.090909E+01  6.535429E-04
 2.131313E+01  7.043206E-04
 2.171717E+01  7.583664E-04
 2.212121E+01  8.150703E-04
 2.252525E+01  8.742729E-04
 2.292929E+01  9.369293E-04
 2.333333E+01  1.002541E-03
 2.373737E+01  1.071985E-03
 2.414141E+01  1.145392E-03
 2.454545E+01  1.219284E-03
 2.494949E+01  1.298876E-03
 2.535354E+01  1.386259E-03
 2.575758E+01  1.469082E-03
 2.616162E+01  1.564813E-03
 2.656566E+01  1.659418E-03
 2.696970E+01  1.754459E-03
 2.737374E+01  1.857109E-03
 2.777778E+01  1.966974E-03
 2.818182E+01  2.082876E-03
 2.858586E+01  2.194324E-03
 2.898990E+01  2.316207E-03
 2.939394E+01  2.445155E-03
 2.979798E+01  2.576327E-03
 3.020202E+01  2.712609E-03
 3.060606E+01  2.853355E-03
 3.101010E+01  2.996782E-03
 3.141414E+01  3.147471E-03
 3.181818E+01  3.311843E-03
 3.222222E+01  3.466648E-03
 3.262626E+01  3.630738E-03
 3.303030E+01  3.802860E-03
 3.343434E+01  3.980736E-03
 3.383838E+01  4.163798E-03
 3.424242E+01  4.356534E-03
 3.464646E+01  4.537394E-03
 3.505051E+01  4.753926E-03
 3.545455E+01  4.955235E-03
 3.585859E+01  5.176590E-03
 3.626263E+01  5.395682E-03
 3.666667E+01  5.616958E-03
 3.707071E+01  5.843746E-03
 3.747475E+01  6.073373E-03
 3.787879E+01  6.316982E-03
 3.828283E+01  6.562576E-03
 3.868687E+01  6.827741E-03
 3.909091E+01  7.095852E-03
 3.949495E+01  7.351136E-03
 3.989899E+01  7.633536E-03
 4.030303E+01  7.917929E-03
 4.070707E+01  8.207863E-03
 4.111111E+01  8.509520E-03
 4.151515E+01  8.800435E-03
 4.191919E+01  9.127411E-03
 4.232323E+01  9.422073E-03
 4.272727E+01  9.754116E-03
 4.313131E+01  1.007683E-02
 4.353535E+01  1.039822E-02
 4.393939E+01  1.075449E-02
 4.434343E+01  1.108409E-02
 4.474747E+01  1.145537E-02
 4.515152E+01  1.179812E-02
 4.555556E+01  1.214273E-02
 4.595960E+01  1.254944E-02
 4.636364E+01  1.292972E-02
 4.676768E+01  1.329677E-02
 4.717172E+01  1.366634E-02
 4.757576E+01  1.406107E-02
 4.797980E+01  1.447569E-02
 4.838384E+01  1.487789E-02
 4.878788E+01  1.530809E-02
 4.919192E+01  1.568516E-02
 4.959596E+01  1.611875E-02
 5.000000E+01  1.654058E-02
