 1.000000E+01  1.290769E-02
 1.040404E+01  1.387895E-02
 1.080808E+01  1.483487E-02
 1.121212E+01  1.585713E-02
 1.161616E+01  1.682122E-02
 1.202020E+01  1.779795E-02
 1.242424E+01  1.887144E-02
 1.282828E+01  1.980619E-02
 1.323232E+01  2.088915E-02
 1.363636E+01  2.194981E-02
 1.404040E+01  2.293190E-02
 1.444444E+01  2.398466E-02
 1.484848E+01  2.503906E-02
 1.525253E+01  2.610647E-02
 1.565657E+01  2.711109E-02
 1.606061E+01  2.809288E-02
 1.646465E+01  2.909286E-02
 1.686869E+01  3.006238E-02
 1.727273E+01  3.092931E-02
 1.767677E+01  3.191298E-02
 1.808081E+01  3.283749E-02
 1.848485E+01  3.372506E-02
 1.888889E+01  3.450416E-02
 1.929293E+01  3.528536E-02
 1.969697E+01  3.610848E-02
 2.010101E+01  3.682797E-02
 2.050505E+01  3.753762E-02
 2.090909E+01  3.808921E-02
 2.131313E+01  3.880583E-02
 2.171717E+01  3.935264E-02
 2.212121E+01  3.984688E-02
 2.252525E+01  4.022508E-02
 2.292929E+01  4.064323E-02
 2.333333E+01  4.103276E-02
 2.373737E+01  4.121775E-02
 2.414141E+01  4.134344E-02
 2.454545E+01  4.155325E-02
 2.494949E+01  4.159353E-02
 2.535354E+01  4.155710E-02
 2.575758E+01  4.142023E-02
 2.616162E+01  4.120085E-02
 2.656566E+01  4.102163E-02
 2.696970E+01  4.079906E-02
 2.737374E+01  4.038598E-02
 2.777778E+01  3.989144E-02
 2.818182E+01  3.930996E-02
 2.858586E+01  3.865511E-02
 2.898990E+01  3.792607E-02
 2.939394E+01  3.715641E-02
 2.979798E+01  3.627303E-02
 3.020202E+01  3.524726E-02
 3.060606E+01  3.419327E-02
 3.101010E+01  3.308376E-02
 3.141414E+01  3.187212E-02
 3.181818E+01  3.062856E-02
 3.222222E+01  2.919492E-02
 3.262626E+01  2.771815E-02
 3.303030E+01  2.626131E-02
 3.343434E+01  2.475122E-02
 3.383838E+01  2.309945E-02
 3.424242E+01  2.140213E-02
 3.464646E+01  1.968381E-02
 3.505051E+01  1.792712E-02
 3.545455E+01  1.609446E-02
 3.585859E+01  1.431658E-02
 3.626263E+01  1.245966E-02
 3.666667E+01  1.064089E-02
 3.707071E+01  8.826800E-03
 3.747475E+01  7.068796E-03
 3.787879E+01  5.390727E-03
 3.828283E+01  3.788113E-03
 3.868687E+01  2.347788E-03
 3.909091E+01  1.109876E-03
 3.949495E+01  2.081981E-04
 3.989899E+01  3.919288E-07
 4.030303E+01  3.371331E-07
 4.070707E+01  3.041120E-07
 4.111111E+01  2.804169E-07
 4.151515E+01  2.616841E-07
 4.191919E+01  2.468806E-07
 4.232323E+01  2.334341E-07
 4.272727E+01  2.217561E-07
 4.313131E+01  2.121567E-07
 4.353535E+01  2.029260E-07
 4.393939E+01  1.951881E-07
 4.434343E+01  1.881490E-07
 4.474747E+01  1.815389E-07
 4.515152E+01  1.753229E-07
 4.555556E+01  1.697177E-07
 4.595960E+01  1.645585E-07
 4.636364E+01  1.594831E-07
 4.676768E+01  1.552264E-07
 4.717172E+01  1.506527E-07
 4.757576E+01  1.467560E-07
 4.797980E+01  1.430043E-07
 4.838384E+01  1.393161E-07
 4.878788E+01  1.361010E-07
 4.919192E+01  1.327047E-07
 4.959596E+01  1.298063E-07
 5.000000E+01  1.266849E-07
