 1.000000E+01  1.290809E-02
 1.040404E+01  1.386264E-02
 1.080808E+01  1.481943E-02
 1.121212E+01  1.581416E-02
 1.161616E+01  1.682539E-02
 1.202020E+01  1.784144E-02
 1.242424E+01  1.886495E-02
 1.282828E+01  1.985456E-02
 1.323232E+01  2.085877E-02
 1.363636E+01  2.196898E-02
 1.404040E+01  2.300987E-02
 1.444444E+01  2.402642E-02
 1.484848E+01  2.503964E-02
 1.525253E+01  2.603039E-02
 1.565657E+01  2.707637E-02
 1.606061E+01  2.807114E-02
 1.646465E+01  2.904103E-02
 1.686869E+01  3.004396E-02
 1.727273E+01  3.099845E-02
 1.767677E+01  3.192144E-02
 1.808081E+01  3.284879E-02
 1.848485E+01  3.371948E-02
 1.888889E+01  3.459962E-02
 1.929293E+01  3.529954E-02
 1.969697E+01  3.608316E-02
 2.010101E+01  3.685533E-02
 2.050505E+01  3.758217E-02
 2.090909E+01  3.811522E-02
 2.131313E+01  3.871440E-02
 2.171717E+01  3.928775E-02
 2.212121E+01  3.979786E-02
 2.252525E+01  4.034616E-02
 2.292929E+01  4.050082E-02
 2.333333E+01  4.092500E-02
 2.373737E+01  4.123350E-02
 2.414141E+01  4.135041E-02
 2.454545E+01  4.150978E-02
 2.494949E+01  4.159575E-02
 2.535354E+01  4.155609E-02
 2.575758E+01  4.154325E-02
 2.616162E+01  4.127499E-02
 2.656566E+01  4.106081E-02
 2.696970E+01  4.078062E-02
 2.737374E+01  4.037381E-02
 2.777778E+01  3.993667E-02
 2.818182E+01  3.926410E-02
 2.858586E+01  3.870362E-02
 2.898990E+01  3.791298E-02
 2.939394E+01  3.718324E-02
 2.979798E+01  3.624866E-02
 3.020202E+01  3.520156E-02
 3.060606E+01  3.420334E-02
 3.101010E+01  3.307678E-02
 3.141414E+01  3.189444E-02
 3.181818E+01  3.057282E-02
 3.222222E+01  2.923187E-02
 3.262626E+01  2.780296E-02
 3.303030E+01  2.621801E-02
 3.343434E+01  2.466374E-02
 3.383838E+01  2.307235E-02
 3.424242E+01  2.137622E-02
 3.464646E+01  1.970157E-02
 3.505051E+01  1.792066E-02
 3.545455E+01  1.612419E-02
 3.585859E+01  1.429192E-02
 3.626263E+01  1.246925E-02
 3.666667E+01  1.063470E-02
 3.707071E+01  8.850631E-03
 3.747475E+01  7.062464E-03
 3.787879E+01  5.385161E-03
 3.828283E+01  3.794336E-03
 3.868687E+01  2.345505E-03
 3.909091E+01  1.109678E-03
 3.949495E+01  2.084402E-04
 3.989899E+01  3.915152E-07
 4.030303E+01  3.374991E-07
 4.070707E+01  3.041563E-07
 4.111111E+01  2.803202E-07
 4.151515E+01  2.616751E-07
 4.191919E+01  2.466153E-07
 4.232323E+01  2.334365E-07
 4.272727E+01  2.220303E-07
 4.313131E+01  2.119357E-07
 4.353535E+01  2.033275E-07
 4.393939E+01  1.955127E-07
 4.434343E+01  1.881698E-07
 4.474747E+01  1.813023E-07
 4.515152E+01  1.754443E-07
 4.555556E+01  1.697093E-07
 4.595960E+01  1.642043E-07
 4.636364E+01  1.596456E-07
 4.676768E+01  1.551360E-07
 4.717172E+01  1.508214E-07
 4.757576E+01  1.468839E-07
 4.797980E+01  1.430219E-07
 4.838384E+01  1.395394E-07
 4.878788E+01  1.359226E-07
 4.919192E+01  1.327650E-07
 4.959596E+01  1.296193E-07
 5.000000E+01  1.269788E-07
