 1.000000E+01  1.479119E-05
 1.191919E+01  1.906355E-05
 1.383838E+01  2.293680E-05
 1.575758E+01  2.619688E-05
 1.767677E+01  2.839894E-05
 1.959596E+01  2.948076E-05
 2.151515E+01  2.924038E-05
 2.343434E+01  2.774097E-05
 2.535354E+01  2.492117E-05
 2.727273E+01  2.094270E-05
 2.919192E+01  1.622576E-05
 3.111111E+01  1.115162E-05
 3.303030E+01  6.300168E-06
 3.494949E+01  2.347636E-06
 3.686869E+01  1.632493E-07
 3.878788E+01  6.572155E-11
 4.070707E+01  5.390695E-11
 4.262626E+01  4.638571E-11
 4.454545E+01  4.090903E-11
 4.646465E+01  3.668323E-11
 4.838384E+01  3.316312E-11
 5.030303E+01  3.022323E-11
 5.222222E+01  2.775827E-11
 5.414141E+01  2.558789E-11
 5.606061E+01  2.367665E-11
 5.797980E+01  2.201256E-11
 5.989899E+01  2.047746E-11
 6.181818E+01  1.914927E-11
 6.373737E+01  1.792682E-11
 6.565657E+01  1.680055E-11
 6.757576E+01  1.576217E-11
 6.949495E+01  1.482476E-11
 7.141414E+01  1.397168E-11
 7.333333E+01  1.316986E-11
 7.525253E+01  1.244249E-11
 7.717172E+01  1.177649E-11
 7.909091E+01  1.112652E-11
 8.101010E+01  1.053122E-11
 8.292929E+01  9.976636E-12
 8.484848E+01  9.443880E-12
 8.676768E+01  8.978035E-12
 8.868687E+01  8.531910E-12
 9.060606E+01  8.095875E-12
 9.252525E+01  7.702870E-12
 9.444444E+01  7.314988E-12
 9.636364E+01  6.965196E-12
 9.828283E+01  6.648605E-12
 1.002020E+02  6.328789E-12
 1.021212E+02  6.030146E-12
 1.040404E+02  5.747509E-12
 1.059596E+02  5.492435E-12
 1.078788E+02  5.241213E-12
 1.097980E+02  5.006037E-12
 1.117172E+02  4.776134E-12
 1.136364E+02  4.564242E-12
 1.155556E+02  4.363908E-12
 1.174747E+02  4.177481E-12
 1.193939E+02  3.991270E-12
 1.213131E+02  3.820035E-12
 1.232323E+02  3.650946E-12
 1.251515E+02  3.506942E-12
 1.270707E+02  3.352872E-12
 1.289899E+02  3.216141E-12
 1.309091E+02  3.082061E-12
 1.328283E+02  2.953350E-12
 1.347475E+02  2.836066E-12
 1.366667E+02  2.717834E-12
 1.385859E+02  2.606510E-12
 1.405051E+02  2.498211E-12
 1.424242E+02  2.397137E-12
 1.443434E+02  2.303193E-12
 1.462626E+02  2.210639E-12
 1.481818E+02  2.127574E-12
 1.501010E+02  2.042061E-12
 1.520202E+02  1.963933E-12
 1.539394E+02  1.887748E-12
 1.558586E+02  1.813304E-12
 1.577778E+02  1.745618E-12
 1.596970E+02  1.676136E-12
 1.616162E+02  1.610789E-12
 1.635354E+02  1.553111E-12
 1.654545E+02  1.494442E-12
 1.673737E+02  1.436772E-12
 1.692929E+02  1.383403E-12
 1.712121E+02  1.332735E-12
 1.731313E+02  1.283883E-12
 1.750505E+02  1.235359E-12
 1.769697E+02  1.189561E-12
 1.788889E+02  1.146623E-12
 1.808081E+02  1.105482E-12
 1.827273E+02  1.063600E-12
 1.846465E+02  1.026997E-12
 1.865657E+02  9.912280E-13
 1.884848E+02  9.552382E-13
 1.904040E+02  9.208708E-13
 1.923232E+02  8.885533E-13
 1.942424E+02  8.570130E-13
 1.961616E+02  8.260613E-13
 1.980808E+02  7.960913E-13
 2.000000E+02  7.690512E-13
