 1.000000E+01  3.433505E-05
 1.191919E+01  4.110320E-05
 1.383838E+01  4.495067E-05
 1.575758E+01  4.520683E-05
 1.767677E+01  4.171126E-05
 1.959596E+01  3.451095E-05
 2.151515E+01  2.472569E-05
 2.343434E+01  1.399070E-05
 2.535354E+01  4.641460E-06
 2.727273E+01  4.063104E-08
 2.919192E+01  9.075573E-11
 3.111111E+01  7.268712E-11
 3.303030E+01  6.143752E-11
 3.494949E+01  5.314067E-11
 3.686869E+01  4.674795E-11
 3.878788E+01  4.161117E-11
 4.070707E+01  3.740439E-11
 4.262626E+01  3.381851E-11
 4.454545E+01  3.074093E-11
 4.646465E+01  2.803551E-11
 4.838384E+01  2.567936E-11
 5.030303E+01  2.358827E-11
 5.222222E+01  2.170817E-11
 5.414141E+01  2.006230E-11
 5.606061E+01  1.857031E-11
 5.797980E+01  1.723054E-11
 5.989899E+01  1.597410E-11
 6.181818E+01  1.485161E-11
 6.373737E+01  1.381729E-11
 6.565657E+01  1.289622E-11
 6.757576E+01  1.202853E-11
 6.949495E+01  1.124443E-11
 7.141414E+01  1.052161E-11
 7.333333E+01  9.835157E-12
 7.525253E+01  9.219183E-12
 7.717172E+01  8.649632E-12
 7.909091E+01  8.099415E-12
 8.101010E+01  7.621117E-12
 8.292929E+01  7.164841E-12
 8.484848E+01  6.731835E-12
 8.676768E+01  6.355822E-12
 8.868687E+01  5.971803E-12
 9.060606E+01  5.627157E-12
 9.252525E+01  5.299510E-12
 9.444444E+01  5.012831E-12
 9.636364E+01  4.716503E-12
 9.828283E+01  4.453771E-12
 1.002020E+02  4.208764E-12
 1.021212E+02  3.981297E-12
 1.040404E+02  3.766326E-12
 1.059596E+02  3.555955E-12
 1.078788E+02  3.362132E-12
 1.097980E+02  3.187897E-12
 1.117172E+02  3.019415E-12
 1.136364E+02  2.863504E-12
 1.155556E+02  2.715729E-12
 1.174747E+02  2.578705E-12
 1.193939E+02  2.441895E-12
 1.213131E+02  2.319028E-12
 1.232323E+02  2.199211E-12
 1.251515E+02  2.088460E-12
 1.270707E+02  1.983951E-12
 1.289899E+02  1.886922E-12
 1.309091E+02  1.789918E-12
 1.328283E+02  1.701072E-12
 1.347475E+02  1.620322E-12
 1.366667E+02  1.543791E-12
 1.385859E+02  1.464226E-12
 1.405051E+02  1.394559E-12
 1.424242E+02  1.330594E-12
 1.443434E+02  1.266450E-12
 1.462626E+02  1.205292E-12
 1.481818E+02  1.147409E-12
 1.501010E+02  1.097196E-12
 1.520202E+02  1.043188E-12
 1.539394E+02  9.958725E-13
 1.558586E+02  9.503906E-13
 1.577778E+02  9.055928E-13
 1.596970E+02  8.642833E-13
 1.616162E+02  8.246260E-13
 1.635354E+02  7.873608E-13
 1.654545E+02  7.516793E-13
 1.673737E+02  7.180440E-13
 1.692929E+02  6.857915E-13
 1.712121E+02  6.556890E-13
 1.731313E+02  6.252285E-13
 1.750505E+02  5.980173E-13
 1.769697E+02  5.726162E-13
 1.788889E+02  5.467412E-13
 1.808081E+02  5.240013E-13
 1.827273E+02  5.008930E-13
 1.846465E+02  4.791575E-13
 1.865657E+02  4.581908E-13
 1.884848E+02  4.380612E-13
 1.904040E+02  4.191127E-13
 1.923232E+02  4.016792E-13
 1.942424E+02  3.845349E-13
 1.961616E+02  3.677503E-13
 1.980808E+02  3.525190E-13
 2.000000E+02  3.374688E-13
