 1.000000E+01  8.433444E-07
 1.191919E+01  9.674995E-07
 1.383838E+01  1.010191E-06
 1.575758E+01  9.452403E-07
 1.767677E+01  7.829483E-07
 1.959596E+01  5.479826E-07
 2.151515E+01  2.870190E-07
 2.343434E+01  7.161016E-08
 2.535354E+01  2.535884E-12
 2.727273E+01  1.825551E-12
 2.919192E+01  1.474504E-12
 3.111111E+01  1.246352E-12
 3.303030E+01  1.075529E-12
 3.494949E+01  9.456618E-13
 3.686869E+01  8.384960E-13
 3.878788E+01  7.494171E-13
 4.070707E+01  6.750297E-13
 4.262626E+01  6.107761E-13
 4.454545E+01  5.562355E-13
 4.646465E+01  5.055144E-13
 4.838384E+01  4.643009E-13
 5.030303E+01  4.257967E-13
 5.222222E+01  3.911103E-13
 5.414141E+01  3.602280E-13
 5.606061E+01  3.320670E-13
 5.797980E+01  3.075138E-13
 5.989899E+01  2.843523E-13
 6.181818E+01  2.635807E-13
 6.373737E+01  2.449022E-13
 6.565657E+01  2.274058E-13
 6.757576E+01  2.116704E-13
 6.949495E+01  1.967507E-13
 7.141414E+01  1.838240E-13
 7.333333E+01  1.714851E-13
 7.525253E+01  1.600907E-13
 7.717172E+01  1.496469E-13
 7.909091E+01  1.401600E-13
 8.101010E+01  1.312694E-13
 8.292929E+01  1.228430E-13
 8.484848E+01  1.151053E-13
 8.676768E+01  1.082507E-13
 8.868687E+01  1.013473E-13
 9.060606E+01  9.528479E-14
 9.252525E+01  8.943236E-14
 9.444444E+01  8.420801E-14
 9.636364E+01  7.916925E-14
 9.828283E+01  7.450926E-14
 1.002020E+02  7.028712E-14
 1.021212E+02  6.613346E-14
 1.040404E+02  6.238772E-14
 1.059596E+02  5.881669E-14
 1.078788E+02  5.542875E-14
 1.097980E+02  5.241584E-14
 1.117172E+02  4.947166E-14
 1.136364E+02  4.671731E-14
 1.155556E+02  4.417328E-14
 1.174747E+02  4.178372E-14
 1.193939E+02  3.954378E-14
 1.213131E+02  3.734424E-14
 1.232323E+02  3.531690E-14
 1.251515E+02  3.354426E-14
 1.270707E+02  3.174310E-14
 1.289899E+02  3.009170E-14
 1.309091E+02  2.852684E-14
 1.328283E+02  2.703259E-14
 1.347475E+02  2.559104E-14
 1.366667E+02  2.433640E-14
 1.385859E+02  2.302074E-14
 1.405051E+02  2.187644E-14
 1.424242E+02  2.077331E-14
 1.443434E+02  1.975985E-14
 1.462626E+02  1.874683E-14
 1.481818E+02  1.779436E-14
 1.501010E+02  1.691385E-14
 1.520202E+02  1.609010E-14
 1.539394E+02  1.530342E-14
 1.558586E+02  1.452921E-14
 1.577778E+02  1.383435E-14
 1.596970E+02  1.315604E-14
 1.616162E+02  1.254837E-14
 1.635354E+02  1.193563E-14
 1.654545E+02  1.136502E-14
 1.673737E+02  1.081358E-14
 1.692929E+02  1.030061E-14
 1.712121E+02  9.818318E-15
 1.731313E+02  9.355798E-15
 1.750505E+02  8.932390E-15
 1.769697E+02  8.502274E-15
 1.788889E+02  8.112682E-15
 1.808081E+02  7.727824E-15
 1.827273E+02  7.379789E-15
 1.846465E+02  7.034737E-15
 1.865657E+02  6.725751E-15
 1.884848E+02  6.414868E-15
 1.904040E+02  6.108558E-15
 1.923232E+02  5.835732E-15
 1.942424E+02  5.572980E-15
 1.961616E+02  5.326891E-15
 1.980808E+02  5.087766E-15
 2.000000E+02  4.857685E-15
