 1.000000E+01  8.592427E-06
 1.191919E+01  1.044031E-05
 1.383838E+01  1.168309E-05
 1.575758E+01  1.212210E-05
 1.767677E+01  1.161559E-05
 1.959596E+01  1.022852E-05
 2.151515E+01  8.078174E-06
 2.343434E+01  5.444008E-06
 2.535354E+01  2.763185E-06
 2.727273E+01  6.819068E-07
 2.919192E+01  3.096320E-11
 3.111111E+01  2.287335E-11
 3.303030E+01  1.881147E-11
 3.494949E+01  1.605910E-11
 3.686869E+01  1.402054E-11
 3.878788E+01  1.240721E-11
 4.070707E+01  1.113241E-11
 4.262626E+01  1.003901E-11
 4.454545E+01  9.110847E-12
 4.646465E+01  8.315167E-12
 4.838384E+01  7.605936E-12
 5.030303E+01  6.990511E-12
 5.222222E+01  6.461024E-12
 5.414141E+01  5.955383E-12
 5.606061E+01  5.524198E-12
 5.797980E+01  5.121979E-12
 5.989899E+01  4.763929E-12
 6.181818E+01  4.435725E-12
 6.373737E+01  4.129268E-12
 6.565657E+01  3.854424E-12
 6.757576E+01  3.610536E-12
 6.949495E+01  3.372689E-12
 7.141414E+01  3.160392E-12
 7.333333E+01  2.960429E-12
 7.525253E+01  2.781199E-12
 7.717172E+01  2.613952E-12
 7.909091E+01  2.454682E-12
 8.101010E+01  2.309119E-12
 8.292929E+01  2.172069E-12
 8.484848E+01  2.047458E-12
 8.676768E+01  1.928268E-12
 8.868687E+01  1.819846E-12
 9.060606E+01  1.719636E-12
 9.252525E+01  1.622570E-12
 9.444444E+01  1.532008E-12
 9.636364E+01  1.448518E-12
 9.828283E+01  1.369952E-12
 1.002020E+02  1.295412E-12
 1.021212E+02  1.227678E-12
 1.040404E+02  1.161804E-12
 1.059596E+02  1.099501E-12
 1.078788E+02  1.043903E-12
 1.097980E+02  9.898683E-13
 1.117172E+02  9.384113E-13
 1.136364E+02  8.906247E-13
 1.155556E+02  8.454768E-13
 1.174747E+02  8.034285E-13
 1.193939E+02  7.628106E-13
 1.213131E+02  7.256935E-13
 1.232323E+02  6.891626E-13
 1.251515E+02  6.569832E-13
 1.270707E+02  6.244999E-13
 1.289899E+02  5.940789E-13
 1.309091E+02  5.649223E-13
 1.328283E+02  5.377204E-13
 1.347475E+02  5.124382E-13
 1.366667E+02  4.885702E-13
 1.385859E+02  4.655968E-13
 1.405051E+02  4.436431E-13
 1.424242E+02  4.231671E-13
 1.443434E+02  4.032976E-13
 1.462626E+02  3.849844E-13
 1.481818E+02  3.675507E-13
 1.501010E+02  3.505618E-13
 1.520202E+02  3.345515E-13
 1.539394E+02  3.196140E-13
 1.558586E+02  3.053022E-13
 1.577778E+02  2.915332E-13
 1.596970E+02  2.790544E-13
 1.616162E+02  2.662563E-13
 1.635354E+02  2.545640E-13
 1.654545E+02  2.435733E-13
 1.673737E+02  2.331178E-13
 1.692929E+02  2.227281E-13
 1.712121E+02  2.129337E-13
 1.731313E+02  2.041917E-13
 1.750505E+02  1.947786E-13
 1.769697E+02  1.869159E-13
 1.788889E+02  1.788079E-13
 1.808081E+02  1.711344E-13
 1.827273E+02  1.641570E-13
 1.846465E+02  1.571352E-13
 1.865657E+02  1.504205E-13
 1.884848E+02  1.442896E-13
 1.904040E+02  1.382997E-13
 1.923232E+02  1.325862E-13
 1.942424E+02  1.271622E-13
 1.961616E+02  1.218633E-13
 1.980808E+02  1.168159E-13
 2.000000E+02  1.119923E-13
