 1.000000E+01  3.062016E-05
 1.191919E+01  4.003652E-05
 1.383838E+01  4.895116E-05
 1.575758E+01  5.683850E-05
 1.767677E+01  6.297489E-05
 1.959596E+01  6.731414E-05
 2.151515E+01  6.903160E-05
 2.343434E+01  6.782677E-05
 2.535354E+01  6.405295E-05
 2.727273E+01  5.778087E-05
 2.919192E+01  4.936224E-05
 3.111111E+01  3.905738E-05
 3.303030E+01  2.807061E-05
 3.494949E+01  1.725068E-05
 3.686869E+01  7.892895E-06
 3.878788E+01  1.590473E-06
 4.070707E+01  1.730445E-10
 4.262626E+01  1.376889E-10
 4.454545E+01  1.178372E-10
 4.646465E+01  1.032428E-10
 4.838384E+01  9.214033E-11
 5.030303E+01  8.343922E-11
 5.222222E+01  7.608337E-11
 5.414141E+01  7.001564E-11
 5.606061E+01  6.453460E-11
 5.797980E+01  5.990960E-11
 5.989899E+01  5.569805E-11
 6.181818E+01  5.184213E-11
 6.373737E+01  4.871780E-11
 6.565657E+01  4.555624E-11
 6.757576E+01  4.282004E-11
 6.949495E+01  4.024198E-11
 7.141414E+01  3.797038E-11
 7.333333E+01  3.584272E-11
 7.525253E+01  3.385470E-11
 7.717172E+01  3.203414E-11
 7.909091E+01  3.031769E-11
 8.101010E+01  2.876909E-11
 8.292929E+01  2.728047E-11
 8.484848E+01  2.591714E-11
 8.676768E+01  2.463363E-11
 8.868687E+01  2.342415E-11
 9.060606E+01  2.229937E-11
 9.252525E+01  2.121421E-11
 9.444444E+01  2.021371E-11
 9.636364E+01  1.928012E-11
 9.828283E+01  1.838926E-11
 1.002020E+02  1.755309E-11
 1.021212E+02  1.674160E-11
 1.040404E+02  1.600221E-11
 1.059596E+02  1.530405E-11
 1.078788E+02  1.462277E-11
 1.097980E+02  1.398151E-11
 1.117172E+02  1.337722E-11
 1.136364E+02  1.279994E-11
 1.155556E+02  1.226472E-11
 1.174747E+02  1.173465E-11
 1.193939E+02  1.126078E-11
 1.213131E+02  1.080016E-11
 1.232323E+02  1.034648E-11
 1.251515E+02  9.917159E-12
 1.270707E+02  9.511898E-12
 1.289899E+02  9.133445E-12
 1.309091E+02  8.771550E-12
 1.328283E+02  8.410577E-12
 1.347475E+02  8.091724E-12
 1.366667E+02  7.766513E-12
 1.385859E+02  7.460142E-12
 1.405051E+02  7.180423E-12
 1.424242E+02  6.893483E-12
 1.443434E+02  6.630111E-12
 1.462626E+02  6.384109E-12
 1.481818E+02  6.132934E-12
 1.501010E+02  5.896083E-12
 1.520202E+02  5.677714E-12
 1.539394E+02  5.471408E-12
 1.558586E+02  5.272391E-12
 1.577778E+02  5.073535E-12
 1.596970E+02  4.886323E-12
 1.616162E+02  4.710695E-12
 1.635354E+02  4.538875E-12
 1.654545E+02  4.379257E-12
 1.673737E+02  4.216510E-12
 1.692929E+02  4.062407E-12
 1.712121E+02  3.912152E-12
 1.731313E+02  3.776938E-12
 1.750505E+02  3.644822E-12
 1.769697E+02  3.522093E-12
 1.788889E+02  3.393083E-12
 1.808081E+02  3.282015E-12
 1.827273E+02  3.160331E-12
 1.846465E+02  3.053201E-12
 1.865657E+02  2.947257E-12
 1.884848E+02  2.846962E-12
 1.904040E+02  2.751288E-12
 1.923232E+02  2.654708E-12
 1.942424E+02  2.565557E-12
 1.961616E+02  2.479210E-12
 1.980808E+02  2.396141E-12
 2.000000E+02  2.319287E-12
