 1.000000E+01  8.597145E-06
 1.191919E+01  1.044013E-05
 1.383838E+01  1.169192E-05
 1.575758E+01  1.209272E-05
 1.767677E+01  1.163032E-05
 1.959596E+01  1.021959E-05
 2.151515E+01  8.099702E-06
 2.343434E+01  5.434743E-06
 2.535354E+01  2.762690E-06
 2.727273E+01  6.828102E-07
 2.919192E+01  3.104963E-11
 3.111111E+01  2.285288E-11
 3.303030E+01  1.880003E-11
 3.494949E+01  1.605952E-11
 3.686869E+01  1.401736E-11
 3.878788E+01  1.243137E-11
 4.070707E+01  1.111674E-11
 4.262626E+01  1.004079E-11
 4.454545E+01  9.113325E-12
 4.646465E+01  8.317055E-12
 4.838384E+01  7.618656E-12
 5.030303E+01  7.006443E-12
 5.222222E+01  6.443763E-12
 5.414141E+01  5.967709E-12
 5.606061E+01  5.521102E-12
 5.797980E+01  5.121401E-12
 5.989899E+01  4.758121E-12
 6.181818E+01  4.425115E-12
 6.373737E+01  4.131881E-12
 6.565657E+01  3.860558E-12
 6.757576E+01  3.606252E-12
 6.949495E+01  3.371910E-12
 7.141414E+01  3.163087E-12
 7.333333E+01  2.962201E-12
 7.525253E+01  2.781409E-12
 7.717172E+01  2.613579E-12
 7.909091E+01  2.456893E-12
 8.101010E+01  2.310081E-12
 8.292929E+01  2.172784E-12
 8.484848E+01  2.048201E-12
 8.676768E+01  1.930736E-12
 8.868687E+01  1.821654E-12
 9.060606E+01  1.717949E-12
 9.252525E+01  1.620940E-12
 9.444444E+01  1.531246E-12
 9.636364E+01  1.447128E-12
 9.828283E+01  1.370561E-12
 1.002020E+02  1.296778E-12
 1.021212E+02  1.226416E-12
 1.040404E+02  1.161517E-12
 1.059596E+02  1.100225E-12
 1.078788E+02  1.043911E-12
 1.097980E+02  9.897230E-13
 1.117172E+02  9.378110E-13
 1.136364E+02  8.919196E-13
 1.155556E+02  8.454177E-13
 1.174747E+02  8.033026E-13
 1.193939E+02  7.631570E-13
 1.213131E+02  7.256575E-13
 1.232323E+02  6.892859E-13
 1.251515E+02  6.559373E-13
 1.270707E+02  6.235769E-13
 1.289899E+02  5.936685E-13
 1.309091E+02  5.651134E-13
 1.328283E+02  5.376662E-13
 1.347475E+02  5.129835E-13
 1.366667E+02  4.886004E-13
 1.385859E+02  4.649006E-13
 1.405051E+02  4.437971E-13
 1.424242E+02  4.229389E-13
 1.443434E+02  4.033353E-13
 1.462626E+02  3.852374E-13
 1.481818E+02  3.668796E-13
 1.501010E+02  3.507279E-13
 1.520202E+02  3.344423E-13
 1.539394E+02  3.192081E-13
 1.558586E+02  3.050819E-13
 1.577778E+02  2.920935E-13
 1.596970E+02  2.790373E-13
 1.616162E+02  2.661772E-13
 1.635354E+02  2.547918E-13
 1.654545E+02  2.434008E-13
 1.673737E+02  2.328020E-13
 1.692929E+02  2.227696E-13
 1.712121E+02  2.130251E-13
 1.731313E+02  2.041263E-13
 1.750505E+02  1.951279E-13
 1.769697E+02  1.867775E-13
 1.788889E+02  1.787052E-13
 1.808081E+02  1.712169E-13
 1.827273E+02  1.641103E-13
 1.846465E+02  1.571080E-13
 1.865657E+02  1.506230E-13
 1.884848E+02  1.443598E-13
 1.904040E+02  1.383010E-13
 1.923232E+02  1.323739E-13
 1.942424E+02  1.271461E-13
 1.961616E+02  1.216744E-13
 1.980808E+02  1.171243E-13
 2.000000E+02  1.122745E-13
