 1.000000E+01  3.071500E-05
 1.191919E+01  4.001372E-05
 1.383838E+01  4.890401E-05
 1.575758E+01  5.681712E-05
 1.767677E+01  6.289854E-05
 1.959596E+01  6.711828E-05
 2.151515E+01  6.894056E-05
 2.343434E+01  6.774274E-05
 2.535354E+01  6.408061E-05
 2.727273E+01  5.788138E-05
 2.919192E+01  4.919338E-05
 3.111111E+01  3.912959E-05
 3.303030E+01  2.810805E-05
 3.494949E+01  1.724115E-05
 3.686869E+01  7.888480E-06
 3.878788E+01  1.593824E-06
 4.070707E+01  1.731729E-10
 4.262626E+01  1.377402E-10
 4.454545E+01  1.174324E-10
 4.646465E+01  1.032607E-10
 4.838384E+01  9.226402E-11
 5.030303E+01  8.337347E-11
 5.222222E+01  7.605342E-11
 5.414141E+01  6.981689E-11
 5.606061E+01  6.458089E-11
 5.797980E+01  5.987607E-11
 5.989899E+01  5.561033E-11
 6.181818E+01  5.194862E-11
 6.373737E+01  4.854859E-11
 6.565657E+01  4.562281E-11
 6.757576E+01  4.281010E-11
 6.949495E+01  4.028410E-11
 7.141414E+01  3.798920E-11
 7.333333E+01  3.584700E-11
 7.525253E+01  3.387194E-11
 7.717172E+01  3.204018E-11
 7.909091E+01  3.031812E-11
 8.101010E+01  2.877640E-11
 8.292929E+01  2.727006E-11
 8.484848E+01  2.590563E-11
 8.676768E+01  2.464094E-11
 8.868687E+01  2.341960E-11
 9.060606E+01  2.228878E-11
 9.252525E+01  2.121217E-11
 9.444444E+01  2.023942E-11
 9.636364E+01  1.929717E-11
 9.828283E+01  1.838171E-11
 1.002020E+02  1.756731E-11
 1.021212E+02  1.674674E-11
 1.040404E+02  1.600177E-11
 1.059596E+02  1.527598E-11
 1.078788E+02  1.462576E-11
 1.097980E+02  1.398038E-11
 1.117172E+02  1.339587E-11
 1.136364E+02  1.281315E-11
 1.155556E+02  1.228461E-11
 1.174747E+02  1.174215E-11
 1.193939E+02  1.126389E-11
 1.213131E+02  1.079281E-11
 1.232323E+02  1.033660E-11
 1.251515E+02  9.930992E-12
 1.270707E+02  9.522550E-12
 1.289899E+02  9.134826E-12
 1.309091E+02  8.760774E-12
 1.328283E+02  8.413820E-12
 1.347475E+02  8.096070E-12
 1.366667E+02  7.775052E-12
 1.385859E+02  7.461241E-12
 1.405051E+02  7.184082E-12
 1.424242E+02  6.887554E-12
 1.443434E+02  6.629628E-12
 1.462626E+02  6.376656E-12
 1.481818E+02  6.139505E-12
 1.501010E+02  5.902264E-12
 1.520202E+02  5.674712E-12
 1.539394E+02  5.470626E-12
 1.558586E+02  5.267885E-12
 1.577778E+02  5.076376E-12
 1.596970E+02  4.889698E-12
 1.616162E+02  4.715310E-12
 1.635354E+02  4.538434E-12
 1.654545E+02  4.371836E-12
 1.673737E+02  4.218040E-12
 1.692929E+02  4.061858E-12
 1.712121E+02  3.916279E-12
 1.731313E+02  3.780433E-12
 1.750505E+02  3.643013E-12
 1.769697E+02  3.517508E-12
 1.788889E+02  3.395050E-12
 1.808081E+02  3.274492E-12
 1.827273E+02  3.162812E-12
 1.846465E+02  3.053419E-12
 1.865657E+02  2.955548E-12
 1.884848E+02  2.848089E-12
 1.904040E+02  2.745237E-12
 1.923232E+02  2.654308E-12
 1.942424E+02  2.565290E-12
 1.961616E+02  2.475857E-12
 1.980808E+02  2.396731E-12
 2.000000E+02  2.315027E-12
