 1.000000E+01  3.135211E-06
 1.191919E+01  3.945844E-06
 1.383838E+01  4.642849E-06
 1.575758E+01  5.124257E-06
 1.767677E+01  5.351861E-06
 1.959596E+01  5.302307E-06
 2.151515E+01  4.911826E-06
 2.343434E+01  4.258353E-06
 2.535354E+01  3.387738E-06
 2.727273E+01  2.374291E-06
 2.919192E+01  1.363547E-06
 3.111111E+01  5.059106E-07
 3.303030E+01  3.083876E-08
 3.494949E+01  1.168504E-11
 3.686869E+01  9.484619E-12
 3.878788E+01  8.077168E-12
 4.070707E+01  7.080985E-12
 4.262626E+01  6.292470E-12
 4.454545E+01  5.657635E-12
 4.646465E+01  5.135462E-12
 4.838384E+01  4.685521E-12
 5.030303E+01  4.292052E-12
 5.222222E+01  3.956894E-12
 5.414141E+01  3.663654E-12
 5.606061E+01  3.396454E-12
 5.797980E+01  3.152070E-12
 5.989899E+01  2.945954E-12
 6.181818E+01  2.748181E-12
 6.373737E+01  2.565704E-12
 6.565657E+01  2.402600E-12
 6.757576E+01  2.256689E-12
 6.949495E+01  2.119314E-12
 7.141414E+01  1.995188E-12
 7.333333E+01  1.875307E-12
 7.525253E+01  1.765129E-12
 7.717172E+01  1.664840E-12
 7.909091E+01  1.569719E-12
 8.101010E+01  1.484993E-12
 8.292929E+01  1.401931E-12
 8.484848E+01  1.328499E-12
 8.676768E+01  1.255649E-12
 8.868687E+01  1.189430E-12
 9.060606E+01  1.127204E-12
 9.252525E+01  1.068895E-12
 9.444444E+01  1.015140E-12
 9.636364E+01  9.626051E-13
 9.828283E+01  9.134864E-13
 1.002020E+02  8.688900E-13
 1.021212E+02  8.256944E-13
 1.040404E+02  7.866883E-13
 1.059596E+02  7.475154E-13
 1.078788E+02  7.114791E-13
 1.097980E+02  6.780184E-13
 1.117172E+02  6.452263E-13
 1.136364E+02  6.152230E-13
 1.155556E+02  5.864184E-13
 1.174747E+02  5.596435E-13
 1.193939E+02  5.340652E-13
 1.213131E+02  5.087808E-13
 1.232323E+02  4.862892E-13
 1.251515E+02  4.644177E-13
 1.270707E+02  4.444944E-13
 1.289899E+02  4.241470E-13
 1.309091E+02  4.047673E-13
 1.328283E+02  3.870781E-13
 1.347475E+02  3.709418E-13
 1.366667E+02  3.541514E-13
 1.385859E+02  3.393972E-13
 1.405051E+02  3.247978E-13
 1.424242E+02  3.110272E-13
 1.443434E+02  2.973999E-13
 1.462626E+02  2.849960E-13
 1.481818E+02  2.726625E-13
 1.501010E+02  2.618256E-13
 1.520202E+02  2.506137E-13
 1.539394E+02  2.403448E-13
 1.558586E+02  2.306668E-13
 1.577778E+02  2.211413E-13
 1.596970E+02  2.121967E-13
 1.616162E+02  2.036963E-13
 1.635354E+02  1.955331E-13
 1.654545E+02  1.873536E-13
 1.673737E+02  1.800893E-13
 1.692929E+02  1.730111E-13
 1.712121E+02  1.660085E-13
 1.731313E+02  1.591575E-13
 1.750505E+02  1.531825E-13
 1.769697E+02  1.471640E-13
 1.788889E+02  1.414481E-13
 1.808081E+02  1.359136E-13
 1.827273E+02  1.307253E-13
 1.846465E+02  1.257658E-13
 1.865657E+02  1.209008E-13
 1.884848E+02  1.163584E-13
 1.904040E+02  1.119013E-13
 1.923232E+02  1.078040E-13
 1.942424E+02  1.037731E-13
 1.961616E+02  9.963888E-14
 1.980808E+02  9.604464E-14
 2.000000E+02  9.245878E-14
