 1.000000E+01  3.134352E-06
 1.191919E+01  3.958571E-06
 1.383838E+01  4.637553E-06
 1.575758E+01  5.122534E-06
 1.767677E+01  5.350180E-06
 1.959596E+01  5.283371E-06
 2.151515E+01  4.918639E-06
 2.343434E+01  4.266499E-06
 2.535354E+01  3.390832E-06
 2.727273E+01  2.378983E-06
 2.919192E+01  1.361518E-06
 3.111111E+01  5.057153E-07
 3.303030E+01  3.074781E-08
 3.494949E+01  1.166782E-11
 3.686869E+01  9.461512E-12
 3.878788E+01  8.082110E-12
 4.070707E+01  7.075939E-12
 4.262626E+01  6.292860E-12
 4.454545E+01  5.660426E-12
 4.646465E+01  5.133879E-12
 4.838384E+01  4.689140E-12
 5.030303E+01  4.299864E-12
 5.222222E+01  3.966016E-12
 5.414141E+01  3.664514E-12
 5.606061E+01  3.397715E-12
 5.797980E+01  3.160861E-12
 5.989899E+01  2.945183E-12
 6.181818E+01  2.745523E-12
 6.373737E+01  2.568574E-12
 6.565657E+01  2.405979E-12
 6.757576E+01  2.256031E-12
 6.949495E+01  2.118097E-12
 7.141414E+01  1.992544E-12
 7.333333E+01  1.874747E-12
 7.525253E+01  1.765710E-12
 7.717172E+01  1.664877E-12
 7.909091E+01  1.570590E-12
 8.101010E+01  1.484577E-12
 8.292929E+01  1.401781E-12
 8.484848E+01  1.327347E-12
 8.676768E+01  1.256924E-12
 8.868687E+01  1.190476E-12
 9.060606E+01  1.126974E-12
 9.252525E+01  1.069240E-12
 9.444444E+01  1.014121E-12
 9.636364E+01  9.626354E-13
 9.828283E+01  9.140331E-13
 1.002020E+02  8.693101E-13
 1.021212E+02  8.256722E-13
 1.040404E+02  7.869371E-13
 1.059596E+02  7.480155E-13
 1.078788E+02  7.113453E-13
 1.097980E+02  6.778779E-13
 1.117172E+02  6.459515E-13
 1.136364E+02  6.148881E-13
 1.155556E+02  5.865702E-13
 1.174747E+02  5.596463E-13
 1.193939E+02  5.330502E-13
 1.213131E+02  5.093744E-13
 1.232323E+02  4.861718E-13
 1.251515E+02  4.645324E-13
 1.270707E+02  4.430613E-13
 1.289899E+02  4.237250E-13
 1.309091E+02  4.050981E-13
 1.328283E+02  3.876470E-13
 1.347475E+02  3.704085E-13
 1.366667E+02  3.543262E-13
 1.385859E+02  3.392328E-13
 1.405051E+02  3.247713E-13
 1.424242E+02  3.104494E-13
 1.443434E+02  2.974520E-13
 1.462626E+02  2.852225E-13
 1.481818E+02  2.729684E-13
 1.501010E+02  2.616550E-13
 1.520202E+02  2.507870E-13
 1.539394E+02  2.407620E-13
 1.558586E+02  2.307484E-13
 1.577778E+02  2.211251E-13
 1.596970E+02  2.120530E-13
 1.616162E+02  2.035425E-13
 1.635354E+02  1.952710E-13
 1.654545E+02  1.874703E-13
 1.673737E+02  1.801599E-13
 1.692929E+02  1.729169E-13
 1.712121E+02  1.660224E-13
 1.731313E+02  1.593644E-13
 1.750505E+02  1.531781E-13
 1.769697E+02  1.472859E-13
 1.788889E+02  1.414638E-13
 1.808081E+02  1.360624E-13
 1.827273E+02  1.307896E-13
 1.846465E+02  1.257832E-13
 1.865657E+02  1.210188E-13
 1.884848E+02  1.162883E-13
 1.904040E+02  1.119882E-13
 1.923232E+02  1.077343E-13
 1.942424E+02  1.036507E-13
 1.961616E+02  9.973414E-14
 1.980808E+02  9.595408E-14
 2.000000E+02  9.247348E-14
