 1.000000E+01  1.228532E-06
 1.191919E+01  1.652167E-06
 1.383838E+01  2.087595E-06
 1.575758E+01  2.523256E-06
 1.767677E+01  2.933657E-06
 1.959596E+01  3.304064E-06
 2.151515E+01  3.594366E-06
 2.343434E+01  3.849729E-06
 2.535354E+01  3.993430E-06
 2.727273E+01  4.024767E-06
 2.919192E+01  3.986861E-06
 3.111111E+01  3.823511E-06
 3.303030E+01  3.560679E-06
 3.494949E+01  3.225051E-06
 3.686869E+01  2.788284E-06
 3.878788E+01  2.304590E-06
 4.070707E+01  1.778809E-06
 4.262626E+01  1.255361E-06
 4.454545E+01  7.663241E-07
 4.646465E+01  3.575779E-07
 4.838384E+01  8.277411E-08
 5.030303E+01  1.074870E-11
 5.222222E+01  8.682713E-12
 5.414141E+01  7.504527E-12
 5.606061E+01  6.670635E-12
 5.797980E+01  6.023360E-12
 5.989899E+01  5.493834E-12
 6.181818E+01  5.060553E-12
 6.373737E+01  4.685961E-12
 6.565657E+01  4.366599E-12
 6.757576E+01  4.087494E-12
 6.949495E+01  3.831863E-12
 7.141414E+01  3.600885E-12
 7.333333E+01  3.393765E-12
 7.525253E+01  3.205432E-12
 7.717172E+01  3.032758E-12
 7.909091E+01  2.878490E-12
 8.101010E+01  2.729020E-12
 8.292929E+01  2.596318E-12
 8.484848E+01  2.470823E-12
 8.676768E+01  2.356381E-12
 8.868687E+01  2.243783E-12
 9.060606E+01  2.138280E-12
 9.252525E+01  2.045275E-12
 9.444444E+01  1.955515E-12
 9.636364E+01  1.872839E-12
 9.828283E+01  1.791347E-12
 1.002020E+02  1.718068E-12
 1.021212E+02  1.643917E-12
 1.040404E+02  1.577456E-12
 1.059596E+02  1.513245E-12
 1.078788E+02  1.453020E-12
 1.097980E+02  1.394937E-12
 1.117172E+02  1.339770E-12
 1.136364E+02  1.289104E-12
 1.155556E+02  1.237628E-12
 1.174747E+02  1.192582E-12
 1.193939E+02  1.148009E-12
 1.213131E+02  1.105348E-12
 1.232323E+02  1.063286E-12
 1.251515E+02  1.024938E-12
 1.270707E+02  9.853551E-13
 1.289899E+02  9.516317E-13
 1.309091E+02  9.162557E-13
 1.328283E+02  8.857583E-13
 1.347475E+02  8.537516E-13
 1.366667E+02  8.232054E-13
 1.385859E+02  7.945858E-13
 1.405051E+02  7.668981E-13
 1.424242E+02  7.395958E-13
 1.443434E+02  7.145885E-13
 1.462626E+02  6.906323E-13
 1.481818E+02  6.691142E-13
 1.501010E+02  6.459149E-13
 1.520202E+02  6.245077E-13
 1.539394E+02  6.033636E-13
 1.558586E+02  5.826652E-13
 1.577778E+02  5.645088E-13
 1.596970E+02  5.463324E-13
 1.616162E+02  5.272020E-13
 1.635354E+02  5.107427E-13
 1.654545E+02  4.950463E-13
 1.673737E+02  4.792292E-13
 1.692929E+02  4.639767E-13
 1.712121E+02  4.487599E-13
 1.731313E+02  4.352215E-13
 1.750505E+02  4.209604E-13
 1.769697E+02  4.083051E-13
 1.788889E+02  3.961757E-13
 1.808081E+02  3.832722E-13
 1.827273E+02  3.713545E-13
 1.846465E+02  3.601062E-13
 1.865657E+02  3.493444E-13
 1.884848E+02  3.390295E-13
 1.904040E+02  3.284236E-13
 1.923232E+02  3.184889E-13
 1.942424E+02  3.090838E-13
 1.961616E+02  3.000556E-13
 1.980808E+02  2.911106E-13
 2.000000E+02  2.824930E-13
