 1.000000E+01  1.230773E-06
 1.191919E+01  1.653432E-06
 1.383838E+01  2.089721E-06
 1.575758E+01  2.524666E-06
 1.767677E+01  2.939756E-06
 1.959596E+01  3.300405E-06
 2.151515E+01  3.610309E-06
 2.343434E+01  3.832904E-06
 2.535354E+01  3.982836E-06
 2.727273E+01  4.045174E-06
 2.919192E+01  3.981701E-06
 3.111111E+01  3.820979E-06
 3.303030E+01  3.565031E-06
 3.494949E+01  3.215425E-06
 3.686869E+01  2.787116E-06
 3.878788E+01  2.307825E-06
 4.070707E+01  1.780022E-06
 4.262626E+01  1.255966E-06
 4.454545E+01  7.656361E-07
 4.646465E+01  3.571675E-07
 4.838384E+01  8.276360E-08
 5.030303E+01  1.076249E-11
 5.222222E+01  8.670640E-12
 5.414141E+01  7.500187E-12
 5.606061E+01  6.648855E-12
 5.797980E+01  6.022069E-12
 5.989899E+01  5.504022E-12
 6.181818E+01  5.065261E-12
 6.373737E+01  4.697739E-12
 6.565657E+01  4.372101E-12
 6.757576E+01  4.082361E-12
 6.949495E+01  3.826852E-12
 7.141414E+01  3.597079E-12
 7.333333E+01  3.393225E-12
 7.525253E+01  3.207056E-12
 7.717172E+01  3.040341E-12
 7.909091E+01  2.878799E-12
 8.101010E+01  2.734700E-12
 8.292929E+01  2.595265E-12
 8.484848E+01  2.467172E-12
 8.676768E+01  2.349761E-12
 8.868687E+01  2.248599E-12
 9.060606E+01  2.142714E-12
 9.252525E+01  2.048140E-12
 9.444444E+01  1.953351E-12
 9.636364E+01  1.871307E-12
 9.828283E+01  1.790759E-12
 1.002020E+02  1.715592E-12
 1.021212E+02  1.644828E-12
 1.040404E+02  1.578816E-12
 1.059596E+02  1.513615E-12
 1.078788E+02  1.450478E-12
 1.097980E+02  1.396399E-12
 1.117172E+02  1.340735E-12
 1.136364E+02  1.290266E-12
 1.155556E+02  1.238278E-12
 1.174747E+02  1.193105E-12
 1.193939E+02  1.147896E-12
 1.213131E+02  1.104730E-12
 1.232323E+02  1.063938E-12
 1.251515E+02  1.022611E-12
 1.270707E+02  9.868025E-13
 1.289899E+02  9.509055E-13
 1.309091E+02  9.163835E-13
 1.328283E+02  8.838576E-13
 1.347475E+02  8.544263E-13
 1.366667E+02  8.245093E-13
 1.385859E+02  7.947861E-13
 1.405051E+02  7.666064E-13
 1.424242E+02  7.402892E-13
 1.443434E+02  7.151155E-13
 1.462626E+02  6.908146E-13
 1.481818E+02  6.674986E-13
 1.501010E+02  6.453932E-13
 1.520202E+02  6.240757E-13
 1.539394E+02  6.031988E-13
 1.558586E+02  5.831013E-13
 1.577778E+02  5.639949E-13
 1.596970E+02  5.463569E-13
 1.616162E+02  5.287640E-13
 1.635354E+02  5.109101E-13
 1.654545E+02  4.948807E-13
 1.673737E+02  4.795028E-13
 1.692929E+02  4.641356E-13
 1.712121E+02  4.498747E-13
 1.731313E+02  4.352067E-13
 1.750505E+02  4.212336E-13
 1.769697E+02  4.078738E-13
 1.788889E+02  3.959064E-13
 1.808081E+02  3.839303E-13
 1.827273E+02  3.715430E-13
 1.846465E+02  3.603612E-13
 1.865657E+02  3.496604E-13
 1.884848E+02  3.389721E-13
 1.904040E+02  3.290208E-13
 1.923232E+02  3.188912E-13
 1.942424E+02  3.089612E-13
 1.961616E+02  3.001382E-13
 1.980808E+02  2.909541E-13
 2.000000E+02  2.825292E-13
