 1.000000E+01  7.640772E-06
 1.191919E+01  6.410674E-06
 1.383838E+01  5.235563E-06
 1.575758E+01  4.063825E-06
 1.767677E+01  3.005093E-06
 1.959596E+01  2.082633E-06
 2.151515E+01  1.327308E-06
 2.343434E+01  7.490238E-07
 2.535354E+01  3.517562E-07
 2.727273E+01  1.199364E-07
 2.919192E+01  1.942984E-08
 3.111111E+01  4.825423E-11
 3.303030E+01  7.196321E-12
 3.494949E+01  6.209497E-12
 3.686869E+01  5.456945E-12
 3.878788E+01  4.846643E-12
 4.070707E+01  4.315643E-12
 4.262626E+01  3.866552E-12
 4.454545E+01  3.488212E-12
 4.646465E+01  3.154002E-12
 4.838384E+01  2.855370E-12
 5.030303E+01  2.603208E-12
 5.222222E+01  2.371145E-12
 5.414141E+01  2.170101E-12
 5.606061E+01  1.988241E-12
 5.797980E+01  1.825054E-12
 5.989899E+01  1.679297E-12
 6.181818E+01  1.545107E-12
 6.373737E+01  1.426102E-12
 6.565657E+01  1.316574E-12
 6.757576E+01  1.220039E-12
 6.949495E+01  1.131222E-12
 7.141414E+01  1.048542E-12
 7.333333E+01  9.738016E-13
 7.525253E+01  9.053176E-13
 7.717172E+01  8.429517E-13
 7.909091E+01  7.830362E-13
 8.101010E+01  7.302211E-13
 8.292929E+01  6.821222E-13
 8.484848E+01  6.365845E-13
 8.676768E+01  5.945946E-13
 8.868687E+01  5.567614E-13
 9.060606E+01  5.212727E-13
 9.252525E+01  4.883504E-13
 9.444444E+01  4.575433E-13
 9.636364E+01  4.296883E-13
 9.828283E+01  4.037625E-13
 1.002020E+02  3.787005E-13
 1.021212E+02  3.559118E-13
 1.040404E+02  3.344181E-13
 1.059596E+02  3.154812E-13
 1.078788E+02  2.964139E-13
 1.097980E+02  2.792505E-13
 1.117172E+02  2.632013E-13
 1.136364E+02  2.484514E-13
 1.155556E+02  2.345898E-13
 1.174747E+02  2.209726E-13
 1.193939E+02  2.085312E-13
 1.213131E+02  1.971953E-13
 1.232323E+02  1.863257E-13
 1.251515E+02  1.763107E-13
 1.270707E+02  1.669108E-13
 1.289899E+02  1.577615E-13
 1.309091E+02  1.491464E-13
 1.328283E+02  1.412421E-13
 1.347475E+02  1.337192E-13
 1.366667E+02  1.268227E-13
 1.385859E+02  1.203133E-13
 1.405051E+02  1.139136E-13
 1.424242E+02  1.082784E-13
 1.443434E+02  1.026400E-13
 1.462626E+02  9.753393E-14
 1.481818E+02  9.253726E-14
 1.501010E+02  8.790217E-14
 1.520202E+02  8.362103E-14
 1.539394E+02  7.950446E-14
 1.558586E+02  7.550525E-14
 1.577778E+02  7.182785E-14
 1.596970E+02  6.842549E-14
 1.616162E+02  6.488219E-14
 1.635354E+02  6.196060E-14
 1.654545E+02  5.891594E-14
 1.673737E+02  5.616861E-14
 1.692929E+02  5.342701E-14
 1.712121E+02  5.083444E-14
 1.731313E+02  4.855254E-14
 1.750505E+02  4.627974E-14
 1.769697E+02  4.416766E-14
 1.788889E+02  4.203632E-14
 1.808081E+02  4.018067E-14
 1.827273E+02  3.822403E-14
 1.846465E+02  3.649115E-14
 1.865657E+02  3.480839E-14
 1.884848E+02  3.328816E-14
 1.904040E+02  3.173508E-14
 1.923232E+02  3.032846E-14
 1.942424E+02  2.897785E-14
 1.961616E+02  2.764486E-14
 1.980808E+02  2.646279E-14
 2.000000E+02  2.531398E-14
