 1.000000E+01  6.391086E-06
 1.191919E+01  5.017741E-06
 1.383838E+01  3.725024E-06
 1.575758E+01  2.583020E-06
 1.767677E+01  1.637909E-06
 1.959596E+01  9.118431E-07
 2.151515E+01  4.146207E-07
 2.343434E+01  1.314002E-07
 2.535354E+01  1.692172E-08
 2.727273E+01  7.863995E-12
 2.919192E+01  6.514484E-12
 3.111111E+01  5.552982E-12
 3.303030E+01  4.825669E-12
 3.494949E+01  4.213845E-12
 3.686869E+01  3.714013E-12
 3.878788E+01  3.283111E-12
 4.070707E+01  2.925406E-12
 4.262626E+01  2.611622E-12
 4.454545E+01  2.345564E-12
 4.646465E+01  2.118963E-12
 4.838384E+01  1.913758E-12
 5.030303E+01  1.734559E-12
 5.222222E+01  1.573448E-12
 5.414141E+01  1.429652E-12
 5.606061E+01  1.303272E-12
 5.797980E+01  1.193740E-12
 5.989899E+01  1.089135E-12
 6.181818E+01  9.971737E-13
 6.373737E+01  9.175047E-13
 6.565657E+01  8.425376E-13
 6.757576E+01  7.759155E-13
 6.949495E+01  7.155560E-13
 7.141414E+01  6.604085E-13
 7.333333E+01  6.096552E-13
 7.525253E+01  5.631617E-13
 7.717172E+01  5.210271E-13
 7.909091E+01  4.839909E-13
 8.101010E+01  4.481944E-13
 8.292929E+01  4.166897E-13
 8.484848E+01  3.864654E-13
 8.676768E+01  3.600874E-13
 8.868687E+01  3.345223E-13
 9.060606E+01  3.123002E-13
 9.252525E+01  2.908981E-13
 9.444444E+01  2.722955E-13
 9.636364E+01  2.536639E-13
 9.828283E+01  2.363385E-13
 1.002020E+02  2.210877E-13
 1.021212E+02  2.066735E-13
 1.040404E+02  1.935741E-13
 1.059596E+02  1.811243E-13
 1.078788E+02  1.701867E-13
 1.097980E+02  1.597710E-13
 1.117172E+02  1.494283E-13
 1.136364E+02  1.404387E-13
 1.155556E+02  1.318906E-13
 1.174747E+02  1.236591E-13
 1.193939E+02  1.163311E-13
 1.213131E+02  1.092171E-13
 1.232323E+02  1.028664E-13
 1.251515E+02  9.680112E-14
 1.270707E+02  9.118043E-14
 1.289899E+02  8.582515E-14
 1.309091E+02  8.089258E-14
 1.328283E+02  7.637910E-14
 1.347475E+02  7.196396E-14
 1.366667E+02  6.780230E-14
 1.385859E+02  6.410742E-14
 1.405051E+02  6.064134E-14
 1.424242E+02  5.721479E-14
 1.443434E+02  5.412664E-14
 1.462626E+02  5.098072E-14
 1.481818E+02  4.828261E-14
 1.501010E+02  4.563372E-14
 1.520202E+02  4.310986E-14
 1.539394E+02  4.091589E-14
 1.558586E+02  3.870897E-14
 1.577778E+02  3.674195E-14
 1.596970E+02  3.471136E-14
 1.616162E+02  3.294210E-14
 1.635354E+02  3.123052E-14
 1.654545E+02  2.954481E-14
 1.673737E+02  2.804156E-14
 1.692929E+02  2.661599E-14
 1.712121E+02  2.524532E-14
 1.731313E+02  2.398147E-14
 1.750505E+02  2.270012E-14
 1.769697E+02  2.162398E-14
 1.788889E+02  2.047166E-14
 1.808081E+02  1.951756E-14
 1.827273E+02  1.852162E-14
 1.846465E+02  1.762685E-14
 1.865657E+02  1.673935E-14
 1.884848E+02  1.588770E-14
 1.904040E+02  1.509266E-14
 1.923232E+02  1.439498E-14
 1.942424E+02  1.366250E-14
 1.961616E+02  1.299332E-14
 1.980808E+02  1.239857E-14
 2.000000E+02  1.181124E-14
