 1.000000E+01  7.632819E-06
 1.191919E+01  6.419920E-06
 1.383838E+01  5.215829E-06
 1.575758E+01  4.052179E-06
 1.767677E+01  2.999577E-06
 1.959596E+01  2.079091E-06
 2.151515E+01  1.325370E-06
 2.343434E+01  7.484197E-07
 2.535354E+01  3.518804E-07
 2.727273E+01  1.203028E-07
 2.919192E+01  1.945662E-08
 3.111111E+01  4.829104E-11
 3.303030E+01  7.178182E-12
 3.494949E+01  6.221735E-12
 3.686869E+01  5.453886E-12
 3.878788E+01  4.841748E-12
 4.070707E+01  4.318314E-12
 4.262626E+01  3.866467E-12
 4.454545E+01  3.489885E-12
 4.646465E+01  3.151586E-12
 4.838384E+01  2.849081E-12
 5.030303E+01  2.602818E-12
 5.222222E+01  2.368721E-12
 5.414141E+01  2.172293E-12
 5.606061E+01  1.984636E-12
 5.797980E+01  1.822218E-12
 5.989899E+01  1.681382E-12
 6.181818E+01  1.544251E-12
 6.373737E+01  1.423717E-12
 6.565657E+01  1.316210E-12
 6.757576E+01  1.220279E-12
 6.949495E+01  1.131050E-12
 7.141414E+01  1.047269E-12
 7.333333E+01  9.707709E-13
 7.525253E+01  9.059583E-13
 7.717172E+01  8.424382E-13
 7.909091E+01  7.852410E-13
 8.101010E+01  7.320092E-13
 8.292929E+01  6.820497E-13
 8.484848E+01  6.371562E-13
 8.676768E+01  5.953796E-13
 8.868687E+01  5.564153E-13
 9.060606E+01  5.217631E-13
 9.252525E+01  4.878083E-13
 9.444444E+01  4.581168E-13
 9.636364E+01  4.289050E-13
 9.828283E+01  4.038047E-13
 1.002020E+02  3.783677E-13
 1.021212E+02  3.558089E-13
 1.040404E+02  3.346946E-13
 1.059596E+02  3.148553E-13
 1.078788E+02  2.963814E-13
 1.097980E+02  2.796257E-13
 1.117172E+02  2.633446E-13
 1.136364E+02  2.482061E-13
 1.155556E+02  2.340755E-13
 1.174747E+02  2.210228E-13
 1.193939E+02  2.086099E-13
 1.213131E+02  1.977644E-13
 1.232323E+02  1.863396E-13
 1.251515E+02  1.761648E-13
 1.270707E+02  1.669340E-13
 1.289899E+02  1.578226E-13
 1.309091E+02  1.492268E-13
 1.328283E+02  1.413644E-13
 1.347475E+02  1.339983E-13
 1.366667E+02  1.268232E-13
 1.385859E+02  1.203896E-13
 1.405051E+02  1.141537E-13
 1.424242E+02  1.082554E-13
 1.443434E+02  1.026245E-13
 1.462626E+02  9.758238E-14
 1.481818E+02  9.257459E-14
 1.501010E+02  8.791265E-14
 1.520202E+02  8.350931E-14
 1.539394E+02  7.948870E-14
 1.558586E+02  7.549067E-14
 1.577778E+02  7.175765E-14
 1.596970E+02  6.822787E-14
 1.616162E+02  6.511037E-14
 1.635354E+02  6.185090E-14
 1.654545E+02  5.884866E-14
 1.673737E+02  5.618168E-14
 1.692929E+02  5.341773E-14
 1.712121E+02  5.088469E-14
 1.731313E+02  4.850669E-14
 1.750505E+02  4.626703E-14
 1.769697E+02  4.410123E-14
 1.788889E+02  4.207767E-14
 1.808081E+02  4.014820E-14
 1.827273E+02  3.828012E-14
 1.846465E+02  3.653222E-14
 1.865657E+02  3.484189E-14
 1.884848E+02  3.328761E-14
 1.904040E+02  3.174758E-14
 1.923232E+02  3.034731E-14
 1.942424E+02  2.900177E-14
 1.961616E+02  2.766495E-14
 1.980808E+02  2.642437E-14
 2.000000E+02  2.531589E-14
