 1.000000E+01  5.911457E-04
 1.191919E+01  4.501950E-04
 1.383838E+01  3.217221E-04
 1.575758E+01  2.104756E-04
 1.767677E+01  1.240349E-04
 1.959596E+01  6.134236E-05
 2.151515E+01  2.266560E-05
 2.343434E+01  4.489747E-06
 2.535354E+01  6.610425E-08
 2.727273E+01  6.710984E-10
 2.919192E+01  5.664229E-10
 3.111111E+01  4.844497E-10
 3.303030E+01  4.204518E-10
 3.494949E+01  3.680282E-10
 3.686869E+01  3.240581E-10
 3.878788E+01  2.870424E-10
 4.070707E+01  2.549190E-10
 4.262626E+01  2.279764E-10
 4.454545E+01  2.039574E-10
 4.646465E+01  1.838593E-10
 4.838384E+01  1.655574E-10
 5.030303E+01  1.491046E-10
 5.222222E+01  1.358161E-10
 5.414141E+01  1.228134E-10
 5.606061E+01  1.121675E-10
 5.797980E+01  1.021634E-10
 5.989899E+01  9.346806E-11
 6.181818E+01  8.539870E-11
 6.373737E+01  7.803767E-11
 6.565657E+01  7.163091E-11
 6.757576E+01  6.583263E-11
 6.949495E+01  6.051583E-11
 7.141414E+01  5.571336E-11
 7.333333E+01  5.151362E-11
 7.525253E+01  4.752514E-11
 7.717172E+01  4.379640E-11
 7.909091E+01  4.056753E-11
 8.101010E+01  3.760502E-11
 8.292929E+01  3.483702E-11
 8.484848E+01  3.229512E-11
 8.676768E+01  2.993741E-11
 8.868687E+01  2.785291E-11
 9.060606E+01  2.591371E-11
 9.252525E+01  2.406896E-11
 9.444444E+01  2.245963E-11
 9.636364E+01  2.095027E-11
 9.828283E+01  1.948444E-11
 1.002020E+02  1.816553E-11
 1.021212E+02  1.695034E-11
 1.040404E+02  1.589525E-11
 1.059596E+02  1.482740E-11
 1.078788E+02  1.389615E-11
 1.097980E+02  1.298873E-11
 1.117172E+02  1.215323E-11
 1.136364E+02  1.139774E-11
 1.155556E+02  1.068844E-11
 1.174747E+02  1.002271E-11
 1.193939E+02  9.411017E-12
 1.213131E+02  8.816328E-12
 1.232323E+02  8.302807E-12
 1.251515E+02  7.796198E-12
 1.270707E+02  7.322860E-12
 1.289899E+02  6.896885E-12
 1.309091E+02  6.475315E-12
 1.328283E+02  6.114129E-12
 1.347475E+02  5.728723E-12
 1.366667E+02  5.417932E-12
 1.385859E+02  5.099893E-12
 1.405051E+02  4.809264E-12
 1.424242E+02  4.529573E-12
 1.443434E+02  4.280377E-12
 1.462626E+02  4.029203E-12
 1.481818E+02  3.809110E-12
 1.501010E+02  3.602011E-12
 1.520202E+02  3.401588E-12
 1.539394E+02  3.208280E-12
 1.558586E+02  3.037883E-12
 1.577778E+02  2.868350E-12
 1.596970E+02  2.718272E-12
 1.616162E+02  2.574091E-12
 1.635354E+02  2.430140E-12
 1.654545E+02  2.301746E-12
 1.673737E+02  2.181496E-12
 1.692929E+02  2.064314E-12
 1.712121E+02  1.958524E-12
 1.731313E+02  1.853901E-12
 1.750505E+02  1.754177E-12
 1.769697E+02  1.667676E-12
 1.788889E+02  1.579539E-12
 1.808081E+02  1.497717E-12
 1.827273E+02  1.421193E-12
 1.846465E+02  1.348095E-12
 1.865657E+02  1.278417E-12
 1.884848E+02  1.214587E-12
 1.904040E+02  1.152963E-12
 1.923232E+02  1.098407E-12
 1.942424E+02  1.043035E-12
 1.961616E+02  9.906565E-13
 1.980808E+02  9.397796E-13
 2.000000E+02  8.924955E-13
