 1.000000E+01  6.391078E-06
 1.191919E+01  4.999790E-06
 1.383838E+01  3.736910E-06
 1.575758E+01  2.586375E-06
 1.767677E+01  1.633929E-06
 1.959596E+01  9.097577E-07
 2.151515E+01  4.138788E-07
 2.343434E+01  1.307542E-07
 2.535354E+01  1.691686E-08
 2.727273E+01  7.855993E-12
 2.919192E+01  6.523483E-12
 3.111111E+01  5.574869E-12
 3.303030E+01  4.822229E-12
 3.494949E+01  4.208914E-12
 3.686869E+01  3.705128E-12
 3.878788E+01  3.289189E-12
 4.070707E+01  2.931820E-12
 4.262626E+01  2.621959E-12
 4.454545E+01  2.348646E-12
 4.646465E+01  2.115685E-12
 4.838384E+01  1.915072E-12
 5.030303E+01  1.730428E-12
 5.222222E+01  1.571946E-12
 5.414141E+01  1.430307E-12
 5.606061E+01  1.304829E-12
 5.797980E+01  1.191600E-12
 5.989899E+01  1.091897E-12
 6.181818E+01  9.982292E-13
 6.373737E+01  9.177641E-13
 6.565657E+01  8.431048E-13
 6.757576E+01  7.766858E-13
 6.949495E+01  7.158493E-13
 7.141414E+01  6.585421E-13
 7.333333E+01  6.100196E-13
 7.525253E+01  5.637866E-13
 7.717172E+01  5.220295E-13
 7.909091E+01  4.834228E-13
 8.101010E+01  4.488624E-13
 8.292929E+01  4.159394E-13
 8.484848E+01  3.877808E-13
 8.676768E+01  3.603545E-13
 8.868687E+01  3.351574E-13
 9.060606E+01  3.116399E-13
 9.252525E+01  2.912490E-13
 9.444444E+01  2.713429E-13
 9.636364E+01  2.535307E-13
 9.828283E+01  2.369679E-13
 1.002020E+02  2.214557E-13
 1.021212E+02  2.068556E-13
 1.040404E+02  1.938165E-13
 1.059596E+02  1.815036E-13
 1.078788E+02  1.699456E-13
 1.097980E+02  1.593752E-13
 1.117172E+02  1.497763E-13
 1.136364E+02  1.399489E-13
 1.155556E+02  1.317441E-13
 1.174747E+02  1.238339E-13
 1.193939E+02  1.163840E-13
 1.213131E+02  1.092355E-13
 1.232323E+02  1.031361E-13
 1.251515E+02  9.694100E-14
 1.270707E+02  9.112820E-14
 1.289899E+02  8.592100E-14
 1.309091E+02  8.090652E-14
 1.328283E+02  7.633921E-14
 1.347475E+02  7.205876E-14
 1.366667E+02  6.796031E-14
 1.385859E+02  6.411612E-14
 1.405051E+02  6.065285E-14
 1.424242E+02  5.709815E-14
 1.443434E+02  5.394737E-14
 1.462626E+02  5.117344E-14
 1.481818E+02  4.834261E-14
 1.501010E+02  4.572541E-14
 1.520202E+02  4.325420E-14
 1.539394E+02  4.093526E-14
 1.558586E+02  3.871018E-14
 1.577778E+02  3.674338E-14
 1.596970E+02  3.480385E-14
 1.616162E+02  3.294104E-14
 1.635354E+02  3.113887E-14
 1.654545E+02  2.960271E-14
 1.673737E+02  2.806776E-14
 1.692929E+02  2.664053E-14
 1.712121E+02  2.527518E-14
 1.731313E+02  2.395526E-14
 1.750505E+02  2.271702E-14
 1.769697E+02  2.160273E-14
 1.788889E+02  2.051773E-14
 1.808081E+02  1.949395E-14
 1.827273E+02  1.854634E-14
 1.846465E+02  1.761631E-14
 1.865657E+02  1.672366E-14
 1.884848E+02  1.593082E-14
 1.904040E+02  1.512065E-14
 1.923232E+02  1.439343E-14
 1.942424E+02  1.368232E-14
 1.961616E+02  1.301698E-14
 1.980808E+02  1.239902E-14
 2.000000E+02  1.180558E-14
