 1.000000E+01  5.921785E-04
 1.191919E+01  4.492391E-04
 1.383838E+01  3.215674E-04
 1.575758E+01  2.110618E-04
 1.767677E+01  1.241641E-04
 1.959596E+01  6.126609E-05
 2.151515E+01  2.263130E-05
 2.343434E+01  4.492122E-06
 2.535354E+01  6.612343E-08
 2.727273E+01  6.728048E-10
 2.919192E+01  5.664490E-10
 3.111111E+01  4.847938E-10
 3.303030E+01  4.211416E-10
 3.494949E+01  3.680969E-10
 3.686869E+01  3.238127E-10
 3.878788E+01  2.865701E-10
 4.070707E+01  2.549924E-10
 4.262626E+01  2.277386E-10
 4.454545E+01  2.041627E-10
 4.646465E+01  1.837752E-10
 4.838384E+01  1.654793E-10
 5.030303E+01  1.496604E-10
 5.222222E+01  1.353423E-10
 5.414141E+01  1.229106E-10
 5.606061E+01  1.120903E-10
 5.797980E+01  1.022381E-10
 5.989899E+01  9.323768E-11
 6.181818E+01  8.527272E-11
 6.373737E+01  7.806987E-11
 6.565657E+01  7.168953E-11
 6.757576E+01  6.601042E-11
 6.949495E+01  6.056833E-11
 7.141414E+01  5.581923E-11
 7.333333E+01  5.138230E-11
 7.525253E+01  4.743603E-11
 7.717172E+01  4.392956E-11
 7.909091E+01  4.057234E-11
 8.101010E+01  3.760191E-11
 8.292929E+01  3.489800E-11
 8.484848E+01  3.228452E-11
 8.676768E+01  2.999103E-11
 8.868687E+01  2.784603E-11
 9.060606E+01  2.585576E-11
 9.252525E+01  2.406850E-11
 9.444444E+01  2.245646E-11
 9.636364E+01  2.092082E-11
 9.828283E+01  1.948659E-11
 1.002020E+02  1.821818E-11
 1.021212E+02  1.694868E-11
 1.040404E+02  1.587223E-11
 1.059596E+02  1.483321E-11
 1.078788E+02  1.387594E-11
 1.097980E+02  1.300311E-11
 1.117172E+02  1.218008E-11
 1.136364E+02  1.138197E-11
 1.155556E+02  1.067310E-11
 1.174747E+02  1.001992E-11
 1.193939E+02  9.398355E-12
 1.213131E+02  8.820451E-12
 1.232323E+02  8.292987E-12
 1.251515E+02  7.796612E-12
 1.270707E+02  7.333463E-12
 1.289899E+02  6.873825E-12
 1.309091E+02  6.491863E-12
 1.328283E+02  6.109401E-12
 1.347475E+02  5.747694E-12
 1.366667E+02  5.410292E-12
 1.385859E+02  5.096889E-12
 1.405051E+02  4.810930E-12
 1.424242E+02  4.536071E-12
 1.443434E+02  4.280755E-12
 1.462626E+02  4.035039E-12
 1.481818E+02  3.813334E-12
 1.501010E+02  3.596636E-12
 1.520202E+02  3.402859E-12
 1.539394E+02  3.207654E-12
 1.558586E+02  3.033195E-12
 1.577778E+02  2.871511E-12
 1.596970E+02  2.717072E-12
 1.616162E+02  2.565624E-12
 1.635354E+02  2.428455E-12
 1.654545E+02  2.301818E-12
 1.673737E+02  2.182258E-12
 1.692929E+02  2.065159E-12
 1.712121E+02  1.958182E-12
 1.731313E+02  1.852548E-12
 1.750505E+02  1.754199E-12
 1.769697E+02  1.663964E-12
 1.788889E+02  1.580113E-12
 1.808081E+02  1.497174E-12
 1.827273E+02  1.421621E-12
 1.846465E+02  1.348689E-12
 1.865657E+02  1.278203E-12
 1.884848E+02  1.214317E-12
 1.904040E+02  1.154000E-12
 1.923232E+02  1.098030E-12
 1.942424E+02  1.041664E-12
 1.961616E+02  9.896459E-13
 1.980808E+02  9.416286E-13
 2.000000E+02  8.957788E-13
