 1.000000E+01  5.033584E-03
 1.040404E+01  5.882521E-03
 1.080808E+01  6.814500E-03
 1.121212E+01  7.866856E-03
 1.161616E+01  8.989633E-03
 1.202020E+01  1.029355E-02
 1.242424E+01  1.174907E-02
 1.282828E+01  1.324226E-02
 1.323232E+01  1.492732E-02
 1.363636E+01  1.676886E-02
 1.404040E+01  1.883870E-02
 1.444444E+01  2.091445E-02
 1.484848E+01  2.323120E-02
 1.525253E+01  2.573917E-02
 1.565657E+01  2.847320E-02
 1.606061E+01  3.123203E-02
 1.646465E+01  3.429823E-02
 1.686869E+01  3.760239E-02
 1.727273E+01  4.126271E-02
 1.767677E+01  4.488977E-02
 1.808081E+01  4.846765E-02
 1.848485E+01  5.303715E-02
 1.888889E+01  5.723940E-02
 1.929293E+01  6.196580E-02
 1.969697E+01  6.674023E-02
 2.010101E+01  7.181868E-02
 2.050505E+01  7.728277E-02
 2.090909E+01  8.261490E-02
 2.131313E+01  8.833211E-02
 2.171717E+01  9.445299E-02
 2.212121E+01  1.006721E-01
 2.252525E+01  1.068498E-01
 2.292929E+01  1.138399E-01
 2.333333E+01  1.206034E-01
 2.373737E+01  1.276917E-01
 2.414141E+01  1.348961E-01
 2.454545E+01  1.428887E-01
 2.494949E+01  1.505026E-01
 2.535354E+01  1.587556E-01
 2.575758E+01  1.659499E-01
 2.616162E+01  1.749042E-01
 2.656566E+01  1.832308E-01
 2.696970E+01  1.913238E-01
 2.737374E+01  1.990980E-01
 2.777778E+01  2.071564E-01
 2.818182E+01  2.163657E-01
 2.858586E+01  2.245266E-01
 2.898990E+01  2.321347E-01
 2.939394E+01  2.406607E-01
 2.979798E+01  2.474315E-01
 3.020202E+01  2.560102E-01
 3.060606E+01  2.632244E-01
 3.101010E+01  2.689240E-01
 3.141414E+01  2.715888E-01
 3.181818E+01  2.798562E-01
 3.222222E+01  2.836418E-01
 3.262626E+01  2.880574E-01
 3.303030E+01  2.895659E-01
 3.343434E+01  2.921603E-01
 3.383838E+01  2.907035E-01
 3.424242E+01  2.880210E-01
 3.464646E+01  2.818438E-01
 3.505051E+01  2.770941E-01
 3.545455E+01  2.654035E-01
 3.585859E+01  2.494246E-01
 3.626263E+01  2.269708E-01
 3.666667E+01  1.946810E-01
 3.707071E+01  1.463921E-01
 3.747475E+01  3.720676E-02
 3.787879E+01  9.569271E-06
 3.828283E+01  6.176782E-06
 3.868687E+01  4.749005E-06
 3.909091E+01  3.926401E-06
 3.949495E+01  3.372761E-06
 3.989899E+01  2.998202E-06
 4.030303E+01  2.692263E-06
 4.070707E+01  2.454366E-06
 4.111111E+01  2.266788E-06
 4.151515E+01  2.106890E-06
 4.191919E+01  1.975388E-06
 4.232323E+01  1.856670E-06
 4.272727E+01  1.756968E-06
 4.313131E+01  1.673957E-06
 4.353535E+01  1.597497E-06
 4.393939E+01  1.528063E-06
 4.434343E+01  1.463685E-06
 4.474747E+01  1.409701E-06
 4.515152E+01  1.354638E-06
 4.555556E+01  1.313516E-06
 4.595960E+01  1.265925E-06
 4.636364E+01  1.230046E-06
 4.676768E+01  1.194649E-06
 4.717172E+01  1.162229E-06
 4.757576E+01  1.128280E-06
 4.797980E+01  1.096573E-06
 4.838384E+01  1.073852E-06
 4.878788E+01  1.047141E-06
 4.919192E+01  1.021423E-06
 4.959596E+01  9.999587E-07
 5.000000E+01  9.790901E-07
