 1.000000E+01  2.280290E-02
 1.040404E+01  2.660248E-02
 1.080808E+01  3.095643E-02
 1.121212E+01  3.576468E-02
 1.161616E+01  4.134595E-02
 1.202020E+01  4.706620E-02
 1.242424E+01  5.345270E-02
 1.282828E+01  6.061678E-02
 1.323232E+01  6.851769E-02
 1.363636E+01  7.694652E-02
 1.404040E+01  8.599931E-02
 1.444444E+01  9.617206E-02
 1.484848E+01  1.070778E-01
 1.525253E+01  1.180622E-01
 1.565657E+01  1.312438E-01
 1.606061E+01  1.451939E-01
 1.646465E+01  1.595465E-01
 1.686869E+01  1.748908E-01
 1.727273E+01  1.915573E-01
 1.767677E+01  2.088216E-01
 1.808081E+01  2.271262E-01
 1.848485E+01  2.480662E-01
 1.888889E+01  2.690379E-01
 1.929293E+01  2.902956E-01
 1.969697E+01  3.138227E-01
 2.010101E+01  3.388261E-01
 2.050505E+01  3.641803E-01
 2.090909E+01  3.914504E-01
 2.131313E+01  4.212307E-01
 2.171717E+01  4.511441E-01
 2.212121E+01  4.828697E-01
 2.252525E+01  5.160794E-01
 2.292929E+01  5.514555E-01
 2.333333E+01  5.865468E-01
 2.373737E+01  6.229786E-01
 2.414141E+01  6.603515E-01
 2.454545E+01  7.012613E-01
 2.494949E+01  7.419198E-01
 2.535354E+01  7.822376E-01
 2.575758E+01  8.290167E-01
 2.616162E+01  8.743370E-01
 2.656566E+01  9.157131E-01
 2.696970E+01  9.684774E-01
 2.737374E+01  1.018459E+00
 2.777778E+01  1.068430E+00
 2.818182E+01  1.121103E+00
 2.858586E+01  1.176015E+00
 2.898990E+01  1.228250E+00
 2.939394E+01  1.285209E+00
 2.979798E+01  1.332417E+00
 3.020202E+01  1.398179E+00
 3.060606E+01  1.449725E+00
 3.101010E+01  1.509420E+00
 3.141414E+01  1.563948E+00
 3.181818E+01  1.621332E+00
 3.222222E+01  1.686799E+00
 3.262626E+01  1.742614E+00
 3.303030E+01  1.800674E+00
 3.343434E+01  1.856771E+00
 3.383838E+01  1.906720E+00
 3.424242E+01  1.956873E+00
 3.464646E+01  2.013943E+00
 3.505051E+01  2.063793E+00
 3.545455E+01  2.110046E+00
 3.585859E+01  2.154348E+00
 3.626263E+01  2.195906E+00
 3.666667E+01  2.226547E+00
 3.707071E+01  2.263252E+00
 3.747475E+01  2.292505E+00
 3.787879E+01  2.304672E+00
 3.828283E+01  2.328544E+00
 3.868687E+01  2.325847E+00
 3.909091E+01  2.336291E+00
 3.949495E+01  2.314011E+00
 3.989899E+01  2.275535E+00
 4.030303E+01  2.234855E+00
 4.070707E+01  2.172590E+00
 4.111111E+01  2.071590E+00
 4.151515E+01  1.958803E+00
 4.191919E+01  1.791745E+00
 4.232323E+01  1.575644E+00
 4.272727E+01  1.254919E+00
 4.313131E+01  7.111848E-01
 4.353535E+01  1.103360E-04
 4.393939E+01  6.100282E-05
 4.434343E+01  4.512893E-05
 4.474747E+01  3.669539E-05
 4.515152E+01  3.141921E-05
 4.555556E+01  2.742611E-05
 4.595960E+01  2.458367E-05
 4.636364E+01  2.230358E-05
 4.676768E+01  2.052098E-05
 4.717172E+01  1.907149E-05
 4.757576E+01  1.780470E-05
 4.797980E+01  1.673355E-05
 4.838384E+01  1.582004E-05
 4.878788E+01  1.500823E-05
 4.919192E+01  1.432404E-05
 4.959596E+01  1.368109E-05
 5.000000E+01  1.309109E-05
