 1.000000E+01  2.580715E-03
 1.040404E+01  3.026159E-03
 1.080808E+01  3.511347E-03
 1.121212E+01  4.088413E-03
 1.161616E+01  4.678345E-03
 1.202020E+01  5.369731E-03
 1.242424E+01  6.132279E-03
 1.282828E+01  6.931153E-03
 1.323232E+01  7.880628E-03
 1.363636E+01  8.870576E-03
 1.404040E+01  9.924811E-03
 1.444444E+01  1.112894E-02
 1.484848E+01  1.241188E-02
 1.525253E+01  1.372535E-02
 1.565657E+01  1.537369E-02
 1.606061E+01  1.690498E-02
 1.646465E+01  1.873991E-02
 1.686869E+01  2.058639E-02
 1.727273E+01  2.266383E-02
 1.767677E+01  2.473110E-02
 1.808081E+01  2.712076E-02
 1.848485E+01  2.942842E-02
 1.888889E+01  3.219601E-02
 1.929293E+01  3.475450E-02
 1.969697E+01  3.774382E-02
 2.010101E+01  4.099510E-02
 2.050505E+01  4.443156E-02
 2.090909E+01  4.783190E-02
 2.131313E+01  5.149229E-02
 2.171717E+01  5.551697E-02
 2.212121E+01  5.964656E-02
 2.252525E+01  6.396561E-02
 2.292929E+01  6.840131E-02
 2.333333E+01  7.340135E-02
 2.373737E+01  7.858622E-02
 2.414141E+01  8.401684E-02
 2.454545E+01  8.917034E-02
 2.494949E+01  9.507677E-02
 2.535354E+01  1.010359E-01
 2.575758E+01  1.052564E-01
 2.616162E+01  1.142101E-01
 2.656566E+01  1.206779E-01
 2.696970E+01  1.285359E-01
 2.737374E+01  1.362499E-01
 2.777778E+01  1.438993E-01
 2.818182E+01  1.521521E-01
 2.858586E+01  1.597892E-01
 2.898990E+01  1.699139E-01
 2.939394E+01  1.789689E-01
 2.979798E+01  1.886930E-01
 3.020202E+01  1.979174E-01
 3.060606E+01  2.084160E-01
 3.101010E+01  2.193460E-01
 3.141414E+01  2.301412E-01
 3.181818E+01  2.423642E-01
 3.222222E+01  2.527627E-01
 3.262626E+01  2.654914E-01
 3.303030E+01  2.782369E-01
 3.343434E+01  2.925295E-01
 3.383838E+01  3.050599E-01
 3.424242E+01  3.209201E-01
 3.464646E+01  3.317957E-01
 3.505051E+01  3.474236E-01
 3.545455E+01  3.625315E-01
 3.585859E+01  3.776995E-01
 3.626263E+01  3.951062E-01
 3.666667E+01  4.106962E-01
 3.707071E+01  4.292259E-01
 3.747475E+01  4.445039E-01
 3.787879E+01  4.623045E-01
 3.828283E+01  4.805591E-01
 3.868687E+01  5.002647E-01
 3.909091E+01  5.198668E-01
 3.949495E+01  5.385518E-01
 3.989899E+01  5.585848E-01
 4.030303E+01  5.783912E-01
 4.070707E+01  5.998698E-01
 4.111111E+01  6.193320E-01
 4.151515E+01  6.443876E-01
 4.191919E+01  6.652006E-01
 4.232323E+01  6.877172E-01
 4.272727E+01  7.103549E-01
 4.313131E+01  7.308725E-01
 4.353535E+01  7.630708E-01
 4.393939E+01  7.861234E-01
 4.434343E+01  8.090998E-01
 4.474747E+01  8.390148E-01
 4.515152E+01  8.615328E-01
 4.555556E+01  8.881051E-01
 4.595960E+01  9.194859E-01
 4.636364E+01  9.441983E-01
 4.676768E+01  9.718625E-01
 4.717172E+01  1.008346E+00
 4.757576E+01  1.029844E+00
 4.797980E+01  1.060197E+00
 4.838384E+01  1.087327E+00
 4.878788E+01  1.117599E+00
 4.919192E+01  1.141925E+00
 4.959596E+01  1.178110E+00
 5.000000E+01  1.209411E+00
