 1.000000E+01  9.450250E-01
 1.040404E+01  1.016268E+00
 1.080808E+01  1.089135E+00
 1.121212E+01  1.162790E+00
 1.161616E+01  1.235370E+00
 1.202020E+01  1.303969E+00
 1.242424E+01  1.390431E+00
 1.282828E+01  1.450842E+00
 1.323232E+01  1.530779E+00
 1.363636E+01  1.605416E+00
 1.404040E+01  1.679137E+00
 1.444444E+01  1.752301E+00
 1.484848E+01  1.834894E+00
 1.525253E+01  1.907882E+00
 1.565657E+01  1.963333E+00
 1.606061E+01  2.058329E+00
 1.646465E+01  2.125085E+00
 1.686869E+01  2.208098E+00
 1.727273E+01  2.269341E+00
 1.767677E+01  2.337700E+00
 1.808081E+01  2.399136E+00
 1.848485E+01  2.470888E+00
 1.888889E+01  2.536410E+00
 1.929293E+01  2.579900E+00
 1.969697E+01  2.646585E+00
 2.010101E+01  2.698247E+00
 2.050505E+01  2.740734E+00
 2.090909E+01  2.791517E+00
 2.131313E+01  2.847725E+00
 2.171717E+01  2.879306E+00
 2.212121E+01  2.911023E+00
 2.252525E+01  2.929826E+00
 2.292929E+01  2.977461E+00
 2.333333E+01  2.998732E+00
 2.373737E+01  3.026118E+00
 2.414141E+01  3.035023E+00
 2.454545E+01  3.042993E+00
 2.494949E+01  3.034207E+00
 2.535354E+01  3.042070E+00
 2.575758E+01  3.030871E+00
 2.616162E+01  3.025661E+00
 2.656566E+01  2.996108E+00
 2.696970E+01  2.973507E+00
 2.737374E+01  2.944198E+00
 2.777778E+01  2.923223E+00
 2.818182E+01  2.876889E+00
 2.858586E+01  2.831684E+00
 2.898990E+01  2.774404E+00
 2.939394E+01  2.707991E+00
 2.979798E+01  2.660828E+00
 3.020202E+01  2.579359E+00
 3.060606E+01  2.501732E+00
 3.101010E+01  2.420634E+00
 3.141414E+01  2.335651E+00
 3.181818E+01  2.238250E+00
 3.222222E+01  2.141672E+00
 3.262626E+01  2.034458E+00
 3.303030E+01  1.925388E+00
 3.343434E+01  1.797050E+00
 3.383838E+01  1.694132E+00
 3.424242E+01  1.575646E+00
 3.464646E+01  1.438622E+00
 3.505051E+01  1.314099E+00
 3.545455E+01  1.175892E+00
 3.585859E+01  1.045781E+00
 3.626263E+01  9.121830E-01
 3.666667E+01  7.793378E-01
 3.707071E+01  6.455808E-01
 3.747475E+01  5.172499E-01
 3.787879E+01  3.940950E-01
 3.828283E+01  2.776406E-01
 3.868687E+01  1.716009E-01
 3.909091E+01  8.142672E-02
 3.949495E+01  1.522577E-02
 3.989899E+01  3.412952E-05
 4.030303E+01  3.001037E-05
 4.070707E+01  2.752025E-05
 4.111111E+01  2.581251E-05
 4.151515E+01  2.434685E-05
 4.191919E+01  2.328903E-05
 4.232323E+01  2.225940E-05
 4.272727E+01  2.137744E-05
 4.313131E+01  2.065337E-05
 4.353535E+01  1.997694E-05
 4.393939E+01  1.939225E-05
 4.434343E+01  1.886228E-05
 4.474747E+01  1.835444E-05
 4.515152E+01  1.790193E-05
 4.555556E+01  1.743952E-05
 4.595960E+01  1.706538E-05
 4.636364E+01  1.669117E-05
 4.676768E+01  1.636044E-05
 4.717172E+01  1.601263E-05
 4.757576E+01  1.572356E-05
 4.797980E+01  1.541009E-05
 4.838384E+01  1.512884E-05
 4.878788E+01  1.491038E-05
 4.919192E+01  1.463280E-05
 4.959596E+01  1.441594E-05
 5.000000E+01  1.418031E-05
