 1.000000E+01  9.463161E-01
 1.040404E+01  1.012703E+00
 1.080808E+01  1.086723E+00
 1.121212E+01  1.155275E+00
 1.161616E+01  1.231937E+00
 1.202020E+01  1.303122E+00
 1.242424E+01  1.380771E+00
 1.282828E+01  1.452281E+00
 1.323232E+01  1.526535E+00
 1.363636E+01  1.608153E+00
 1.404040E+01  1.680742E+00
 1.444444E+01  1.753624E+00
 1.484848E+01  1.829344E+00
 1.525253E+01  1.906913E+00
 1.565657E+01  1.984205E+00
 1.606061E+01  2.044340E+00
 1.646465E+01  2.124490E+00
 1.686869E+01  2.200775E+00
 1.727273E+01  2.265674E+00
 1.767677E+01  2.330623E+00
 1.808081E+01  2.397667E+00
 1.848485E+01  2.470212E+00
 1.888889E+01  2.534003E+00
 1.929293E+01  2.584435E+00
 1.969697E+01  2.642677E+00
 2.010101E+01  2.690706E+00
 2.050505E+01  2.758351E+00
 2.090909E+01  2.791170E+00
 2.131313E+01  2.833311E+00
 2.171717E+01  2.881146E+00
 2.212121E+01  2.916394E+00
 2.252525E+01  2.955107E+00
 2.292929E+01  2.963661E+00
 2.333333E+01  2.997747E+00
 2.373737E+01  3.022491E+00
 2.414141E+01  3.022542E+00
 2.454545E+01  3.030791E+00
 2.494949E+01  3.042866E+00
 2.535354E+01  3.033972E+00
 2.575758E+01  3.040626E+00
 2.616162E+01  3.022584E+00
 2.656566E+01  3.006581E+00
 2.696970E+01  2.990396E+00
 2.737374E+01  2.958479E+00
 2.777778E+01  2.922029E+00
 2.818182E+01  2.873216E+00
 2.858586E+01  2.833210E+00
 2.898990E+01  2.778925E+00
 2.939394E+01  2.735322E+00
 2.979798E+01  2.655693E+00
 3.020202E+01  2.581809E+00
 3.060606E+01  2.502014E+00
 3.101010E+01  2.423668E+00
 3.141414E+01  2.330972E+00
 3.181818E+01  2.239837E+00
 3.222222E+01  2.144315E+00
 3.262626E+01  2.034631E+00
 3.303030E+01  1.920442E+00
 3.343434E+01  1.807377E+00
 3.383838E+01  1.691051E+00
 3.424242E+01  1.567029E+00
 3.464646E+01  1.440722E+00
 3.505051E+01  1.311692E+00
 3.545455E+01  1.178603E+00
 3.585859E+01  1.042139E+00
 3.626263E+01  9.106704E-01
 3.666667E+01  7.799244E-01
 3.707071E+01  6.476080E-01
 3.747475E+01  5.179882E-01
 3.787879E+01  3.942601E-01
 3.828283E+01  2.775555E-01
 3.868687E+01  1.719633E-01
 3.909091E+01  8.094511E-02
 3.949495E+01  1.528818E-02
 3.989899E+01  3.411309E-05
 4.030303E+01  3.006585E-05
 4.070707E+01  2.754706E-05
 4.111111E+01  2.572999E-05
 4.151515E+01  2.436228E-05
 4.191919E+01  2.325315E-05
 4.232323E+01  2.223094E-05
 4.272727E+01  2.142864E-05
 4.313131E+01  2.063972E-05
 4.353535E+01  2.000960E-05
 4.393939E+01  1.944848E-05
 4.434343E+01  1.885446E-05
 4.474747E+01  1.835065E-05
 4.515152E+01  1.794708E-05
 4.555556E+01  1.744645E-05
 4.595960E+01  1.702562E-05
 4.636364E+01  1.669938E-05
 4.676768E+01  1.634105E-05
 4.717172E+01  1.602515E-05
 4.757576E+01  1.572856E-05
 4.797980E+01  1.544650E-05
 4.838384E+01  1.519257E-05
 4.878788E+01  1.486810E-05
 4.919192E+01  1.464430E-05
 4.959596E+01  1.442063E-05
 5.000000E+01  1.422770E-05
