 1.000000E+01  6.636769E-02
 1.030612E+01  7.473915E-02
 1.061224E+01  8.319776E-02
 1.091837E+01  9.264134E-02
 1.122449E+01  1.027556E-01
 1.153061E+01  1.136122E-01
 1.183673E+01  1.254532E-01
 1.214286E+01  1.379960E-01
 1.244898E+01  1.513648E-01
 1.275510E+01  1.654841E-01
 1.306122E+01  1.793925E-01
 1.336735E+01  1.956070E-01
 1.367347E+01  2.120619E-01
 1.397959E+01  2.295142E-01
 1.428571E+01  2.467143E-01
 1.459184E+01  2.663014E-01
 1.489796E+01  2.868307E-01
 1.520408E+01  3.077228E-01
 1.551020E+01  3.280506E-01
 1.581633E+01  3.515731E-01
 1.612245E+01  3.747914E-01
 1.642857E+01  3.976266E-01
 1.673469E+01  4.224494E-01
 1.704082E+01  4.460513E-01
 1.734694E+01  4.729484E-01
 1.765306E+01  4.989752E-01
 1.795918E+01  5.248600E-01
 1.826531E+01  5.509835E-01
 1.857143E+01  5.775315E-01
 1.887755E+01  6.032669E-01
 1.918367E+01  6.285627E-01
 1.948980E+01  6.554166E-01
 1.979592E+01  6.815624E-01
 2.010204E+01  7.041030E-01
 2.040816E+01  7.258945E-01
 2.071429E+01  7.473578E-01
 2.102041E+01  7.667235E-01
 2.132653E+01  7.823782E-01
 2.163265E+01  7.974247E-01
 2.193878E+01  8.065393E-01
 2.224490E+01  8.113212E-01
 2.255102E+01  8.105943E-01
 2.285714E+01  8.010354E-01
 2.316327E+01  7.847799E-01
 2.346939E+01  7.578169E-01
 2.377551E+01  7.167184E-01
 2.408163E+01  6.556740E-01
 2.438776E+01  5.632260E-01
 2.469388E+01  4.212605E-01
 2.500000E+01  2.543616E-03
