 1.000000E+01  3.062731E-01
 1.030612E+01  3.443768E-01
 1.061224E+01  3.848095E-01
 1.091837E+01  4.302668E-01
 1.122449E+01  4.779508E-01
 1.153061E+01  5.290845E-01
 1.183673E+01  5.847504E-01
 1.214286E+01  6.449355E-01
 1.244898E+01  7.065534E-01
 1.275510E+01  7.756650E-01
 1.306122E+01  8.465526E-01
 1.336735E+01  9.209177E-01
 1.367347E+01  1.008659E+00
 1.397959E+01  1.088522E+00
 1.428571E+01  1.181920E+00
 1.459184E+01  1.275446E+00
 1.489796E+01  1.375433E+00
 1.520408E+01  1.484136E+00
 1.551020E+01  1.596561E+00
 1.581633E+01  1.707418E+00
 1.612245E+01  1.830389E+00
 1.642857E+01  1.953459E+00
 1.673469E+01  2.088351E+00
 1.704082E+01  2.222864E+00
 1.734694E+01  2.362246E+00
 1.765306E+01  2.507412E+00
 1.795918E+01  2.661995E+00
 1.826531E+01  2.810454E+00
 1.857143E+01  2.972440E+00
 1.887755E+01  3.133365E+00
 1.918367E+01  3.295257E+00
 1.948980E+01  3.483127E+00
 1.979592E+01  3.647426E+00
 2.010204E+01  3.828351E+00
 2.040816E+01  4.005550E+00
 2.071429E+01  4.186933E+00
 2.102041E+01  4.372684E+00
 2.132653E+01  4.552924E+00
 2.163265E+01  4.741767E+00
 2.193878E+01  4.912328E+00
 2.224490E+01  5.107231E+00
 2.255102E+01  5.255688E+00
 2.285714E+01  5.444371E+00
 2.316327E+01  5.616828E+00
 2.346939E+01  5.776954E+00
 2.377551E+01  5.922155E+00
 2.408163E+01  6.066624E+00
 2.438776E+01  6.183589E+00
 2.469388E+01  6.288648E+00
 2.500000E+01  6.383199E+00
