 1.000000E+01  3.547929E-02
 1.030612E+01  4.004320E-02
 1.061224E+01  4.491409E-02
 1.091837E+01  5.046890E-02
 1.122449E+01  5.611426E-02
 1.153061E+01  6.199162E-02
 1.183673E+01  6.908129E-02
 1.214286E+01  7.640332E-02
 1.244898E+01  8.443262E-02
 1.275510E+01  9.301139E-02
 1.306122E+01  1.018558E-01
 1.336735E+01  1.116996E-01
 1.367347E+01  1.215101E-01
 1.397959E+01  1.329057E-01
 1.428571E+01  1.447484E-01
 1.459184E+01  1.571665E-01
 1.489796E+01  1.707043E-01
 1.520408E+01  1.836403E-01
 1.551020E+01  1.991085E-01
 1.581633E+01  2.155801E-01
 1.612245E+01  2.313173E-01
 1.642857E+01  2.492516E-01
 1.673469E+01  2.681962E-01
 1.704082E+01  2.871242E-01
 1.734694E+01  3.081404E-01
 1.765306E+01  3.282239E-01
 1.795918E+01  3.507287E-01
 1.826531E+01  3.769145E-01
 1.857143E+01  4.008434E-01
 1.887755E+01  4.277087E-01
 1.918367E+01  4.541956E-01
 1.948980E+01  4.806364E-01
 1.979592E+01  5.120172E-01
 2.010204E+01  5.402451E-01
 2.040816E+01  5.738377E-01
 2.071429E+01  6.073499E-01
 2.102041E+01  6.417528E-01
 2.132653E+01  6.776247E-01
 2.163265E+01  7.148877E-01
 2.193878E+01  7.541980E-01
 2.224490E+01  7.956221E-01
 2.255102E+01  8.387251E-01
 2.285714E+01  8.789831E-01
 2.316327E+01  9.261465E-01
 2.346939E+01  9.708480E-01
 2.377551E+01  1.018351E+00
 2.408163E+01  1.067989E+00
 2.438776E+01  1.119833E+00
 2.469388E+01  1.172553E+00
 2.500000E+01  1.229209E+00
