 1.000000E+01  5.158671E+00
 1.030612E+01  5.399208E+00
 1.061224E+01  5.607944E+00
 1.091837E+01  5.824932E+00
 1.122449E+01  6.053270E+00
 1.153061E+01  6.283118E+00
 1.183673E+01  6.477787E+00
 1.214286E+01  6.687993E+00
 1.244898E+01  6.891865E+00
 1.275510E+01  7.086562E+00
 1.306122E+01  7.272387E+00
 1.336735E+01  7.426270E+00
 1.367347E+01  7.604439E+00
 1.397959E+01  7.745807E+00
 1.428571E+01  7.872615E+00
 1.459184E+01  7.993140E+00
 1.489796E+01  8.117204E+00
 1.520408E+01  8.188982E+00
 1.551020E+01  8.276851E+00
 1.581633E+01  8.346921E+00
 1.612245E+01  8.373662E+00
 1.642857E+01  8.428681E+00
 1.673469E+01  8.434807E+00
 1.704082E+01  8.421995E+00
 1.734694E+01  8.379173E+00
 1.765306E+01  8.331778E+00
 1.795918E+01  8.274990E+00
 1.826531E+01  8.181416E+00
 1.857143E+01  8.066424E+00
 1.887755E+01  7.946923E+00
 1.918367E+01  7.797503E+00
 1.948980E+01  7.607164E+00
 1.979592E+01  7.406225E+00
 2.010204E+01  7.193859E+00
 2.040816E+01  6.953163E+00
 2.071429E+01  6.685331E+00
 2.102041E+01  6.408448E+00
 2.132653E+01  6.112064E+00
 2.163265E+01  5.783328E+00
 2.193878E+01  5.437680E+00
 2.224490E+01  5.079665E+00
 2.255102E+01  4.703368E+00
 2.285714E+01  4.330505E+00
 2.316327E+01  3.926550E+00
 2.346939E+01  3.511989E+00
 2.377551E+01  3.092592E+00
 2.408163E+01  2.672856E+00
 2.438776E+01  2.242152E+00
 2.469388E+01  1.827270E+00
 2.500000E+01  1.419131E+00
