 1.000000E+01  5.143696E+00
 1.030612E+01  5.376401E+00
 1.061224E+01  5.606388E+00
 1.091837E+01  5.821139E+00
 1.122449E+01  6.056313E+00
 1.153061E+01  6.278845E+00
 1.183673E+01  6.491539E+00
 1.214286E+01  6.707668E+00
 1.244898E+01  6.906135E+00
 1.275510E+01  7.077811E+00
 1.306122E+01  7.241063E+00
 1.336735E+01  7.432823E+00
 1.367347E+01  7.568651E+00
 1.397959E+01  7.736112E+00
 1.428571E+01  7.859790E+00
 1.459184E+01  8.024235E+00
 1.489796E+01  8.114901E+00
 1.520408E+01  8.179537E+00
 1.551020E+01  8.266433E+00
 1.581633E+01  8.344380E+00
 1.612245E+01  8.382655E+00
 1.642857E+01  8.431413E+00
 1.673469E+01  8.420079E+00
 1.704082E+01  8.420532E+00
 1.734694E+01  8.384694E+00
 1.765306E+01  8.350821E+00
 1.795918E+01  8.285811E+00
 1.826531E+01  8.171682E+00
 1.857143E+01  8.071071E+00
 1.887755E+01  7.944898E+00
 1.918367E+01  7.770616E+00
 1.948980E+01  7.604442E+00
 1.979592E+01  7.411017E+00
 2.010204E+01  7.201265E+00
 2.040816E+01  6.936069E+00
 2.071429E+01  6.697276E+00
 2.102041E+01  6.415270E+00
 2.132653E+01  6.100937E+00
 2.163265E+01  5.777375E+00
 2.193878E+01  5.445036E+00
 2.224490E+01  5.096479E+00
 2.255102E+01  4.708694E+00
 2.285714E+01  4.318818E+00
 2.316327E+01  3.910470E+00
 2.346939E+01  3.509670E+00
 2.377551E+01  3.090729E+00
 2.408163E+01  2.668903E+00
 2.438776E+01  2.250343E+00
 2.469388E+01  1.825832E+00
 2.500000E+01  1.421721E+00
