 1.000000E+01  1.831460E-04
 1.246231E+01  4.267678E-04
 1.492462E+01  8.402776E-04
 1.738693E+01  1.469498E-03
 1.984925E+01  2.317676E-03
 2.231156E+01  3.348702E-03
 2.477387E+01  4.442138E-03
 2.723618E+01  5.217328E-03
 2.969849E+01  4.691267E-03
 3.216080E+01  9.203500E-06
 3.462312E+01  1.173701E-05
 3.708543E+01  1.518086E-05
 3.954774E+01  1.947202E-05
 4.201005E+01  2.444439E-05
 4.447236E+01  3.060308E-05
 4.693467E+01  3.748535E-05
 4.939698E+01  4.562166E-05
 5.185930E+01  5.502964E-05
 5.432161E+01  6.544628E-05
 5.678392E+01  7.744124E-05
 5.924623E+01  9.072141E-05
 6.170854E+01  1.056895E-04
 6.417085E+01  1.213142E-04
 6.663317E+01  1.394861E-04
 6.909548E+01  1.592516E-04
 7.155779E+01  1.798177E-04
 7.402010E+01  2.024927E-04
 7.648241E+01  2.259018E-04
 7.894472E+01  2.518659E-04
 8.140704E+01  2.789450E-04
 8.386935E+01  3.064135E-04
 8.633166E+01  3.355472E-04
 8.879397E+01  3.659045E-04
 9.125628E+01  3.965265E-04
 9.371859E+01  4.262208E-04
 9.618090E+01  4.559301E-04
 9.864322E+01  4.858391E-04
 1.011055E+02  5.140849E-04
 1.035678E+02  5.383986E-04
 1.060302E+02  5.594364E-04
 1.084925E+02  5.762708E-04
 1.109548E+02  5.836511E-04
 1.134171E+02  5.802469E-04
 1.158794E+02  5.644445E-04
 1.183417E+02  5.266009E-04
 1.208040E+02  4.556718E-04
 1.232663E+02  3.187883E-04
 1.257286E+02  9.507042E-06
 1.281910E+02  3.689298E-06
 1.306533E+02  2.462383E-06
 1.331156E+02  1.884998E-06
 1.355779E+02  1.542844E-06
 1.380402E+02  1.315942E-06
 1.405025E+02  1.150112E-06
 1.429648E+02  1.024294E-06
 1.454271E+02  9.247774E-07
 1.478894E+02  8.427175E-07
 1.503518E+02  7.759794E-07
 1.528141E+02  7.208948E-07
 1.552764E+02  6.723344E-07
 1.577387E+02  6.315607E-07
 1.602010E+02  5.934978E-07
 1.626633E+02  5.610549E-07
 1.651256E+02  5.317967E-07
 1.675879E+02  5.056986E-07
 1.700503E+02  4.823694E-07
 1.725126E+02  4.607125E-07
 1.749749E+02  4.410096E-07
 1.774372E+02  4.237252E-07
 1.798995E+02  4.072069E-07
 1.823618E+02  3.924899E-07
 1.848241E+02  3.784069E-07
 1.872864E+02  3.648338E-07
 1.897487E+02  3.525828E-07
 1.922111E+02  3.411984E-07
 1.946734E+02  3.298929E-07
 1.971357E+02  3.205494E-07
 1.995980E+02  3.102904E-07
 2.020603E+02  3.013048E-07
 2.045226E+02  2.934415E-07
 2.069849E+02  2.853819E-07
 2.094472E+02  2.772874E-07
 2.119095E+02  2.697204E-07
 2.143719E+02  2.629057E-07
 2.168342E+02  2.559407E-07
 2.192965E+02  2.494057E-07
 2.217588E+02  2.432993E-07
 2.242211E+02  2.382181E-07
 2.266834E+02  2.321039E-07
 2.291457E+02  2.265035E-07
 2.316080E+02  2.216703E-07
 2.340704E+02  2.168234E-07
 2.365327E+02  2.117762E-07
 2.389950E+02  2.073168E-07
 2.414573E+02  2.028030E-07
 2.439196E+02  1.990531E-07
 2.463819E+02  1.944227E-07
 2.488442E+02  1.906510E-07
 2.513065E+02  1.864098E-07
 2.537688E+02  1.832619E-07
 2.562312E+02  1.792877E-07
 2.586935E+02  1.757491E-07
 2.611558E+02  1.726050E-07
 2.636181E+02  1.692609E-07
 2.660804E+02  1.661568E-07
 2.685427E+02  1.633187E-07
 2.710050E+02  1.605583E-07
 2.734673E+02  1.573109E-07
 2.759296E+02  1.548704E-07
 2.783920E+02  1.517281E-07
 2.808543E+02  1.490140E-07
 2.833166E+02  1.464420E-07
 2.857789E+02  1.441096E-07
 2.882412E+02  1.416279E-07
 2.907035E+02  1.391357E-07
 2.931658E+02  1.370091E-07
 2.956281E+02  1.344478E-07
 2.980905E+02  1.324587E-07
 3.005528E+02  1.304464E-07
 3.030151E+02  1.280732E-07
 3.054774E+02  1.260499E-07
 3.079397E+02  1.241238E-07
 3.104020E+02  1.222954E-07
 3.128643E+02  1.203535E-07
 3.153266E+02  1.183441E-07
 3.177889E+02  1.164804E-07
 3.202513E+02  1.146600E-07
 3.227136E+02  1.129868E-07
 3.251759E+02  1.112606E-07
 3.276382E+02  1.097120E-07
 3.301005E+02  1.082098E-07
 3.325628E+02  1.064054E-07
 3.350251E+02  1.047767E-07
 3.374874E+02  1.033386E-07
 3.399497E+02  1.019201E-07
 3.424121E+02  1.004545E-07
 3.448744E+02  9.885376E-08
 3.473367E+02  9.762116E-08
 3.497990E+02  9.613883E-08
 3.522613E+02  9.476192E-08
 3.547236E+02  9.368183E-08
 3.571859E+02  9.223877E-08
 3.596482E+02  9.090830E-08
 3.621106E+02  8.973764E-08
 3.645729E+02  8.835029E-08
 3.670352E+02  8.730733E-08
 3.694975E+02  8.603438E-08
 3.719598E+02  8.490719E-08
 3.744221E+02  8.395237E-08
 3.768844E+02  8.276822E-08
 3.793467E+02  8.180693E-08
 3.818090E+02  8.061606E-08
 3.842714E+02  7.962339E-08
 3.867337E+02  7.845926E-08
 3.891960E+02  7.763071E-08
 3.916583E+02  7.659449E-08
 3.941206E+02  7.552128E-08
 3.965829E+02  7.466685E-08
 3.990452E+02  7.362186E-08
 4.015075E+02  7.286556E-08
 4.039698E+02  7.191069E-08
 4.064322E+02  7.085845E-08
 4.088945E+02  7.023830E-08
 4.113568E+02  6.920700E-08
 4.138191E+02  6.840688E-08
 4.162814E+02  6.760041E-08
 4.187437E+02  6.672363E-08
 4.212060E+02  6.591604E-08
 4.236683E+02  6.522617E-08
 4.261307E+02  6.424567E-08
 4.285930E+02  6.354211E-08
 4.310553E+02  6.289526E-08
 4.335176E+02  6.196604E-08
 4.359799E+02  6.133529E-08
 4.384422E+02  6.059935E-08
 4.409045E+02  5.990181E-08
 4.433668E+02  5.920952E-08
 4.458291E+02  5.852956E-08
 4.482915E+02  5.783985E-08
 4.507538E+02  5.716260E-08
 4.532161E+02  5.637771E-08
 4.556784E+02  5.588807E-08
 4.581407E+02  5.516141E-08
 4.606030E+02  5.457618E-08
 4.630653E+02  5.390893E-08
 4.655276E+02  5.333083E-08
 4.679899E+02  5.275705E-08
 4.704523E+02  5.231755E-08
 4.729146E+02  5.163338E-08
 4.753769E+02  5.095863E-08
 4.778392E+02  5.030209E-08
 4.803015E+02  4.984752E-08
 4.827638E+02  4.933006E-08
 4.852261E+02  4.878382E-08
 4.876884E+02  4.826757E-08
 4.901508E+02  4.772341E-08
 4.926131E+02  4.725570E-08
 4.950754E+02  4.666790E-08
 4.975377E+02  4.615370E-08
 5.000000E+02  4.579497E-08
