 1.000000E+01  8.257165E-04
 1.246231E+01  1.971324E-03
 1.492462E+01  3.928906E-03
 1.738693E+01  6.980141E-03
 1.984925E+01  1.131369E-02
 2.231156E+01  1.697026E-02
 2.477387E+01  2.376989E-02
 2.723618E+01  3.148328E-02
 2.969849E+01  3.843270E-02
 3.216080E+01  4.222405E-02
 3.462312E+01  3.532427E-02
 3.708543E+01  7.360050E-05
 3.954774E+01  9.034538E-05
 4.201005E+01  1.128615E-04
 4.447236E+01  1.404458E-04
 4.693467E+01  1.732391E-04
 4.939698E+01  2.104906E-04
 5.185930E+01  2.535291E-04
 5.432161E+01  3.040624E-04
 5.678392E+01  3.599616E-04
 5.924623E+01  4.222066E-04
 6.170854E+01  4.941201E-04
 6.417085E+01  5.712742E-04
 6.663317E+01  6.589443E-04
 6.909548E+01  7.541319E-04
 7.155779E+01  8.562918E-04
 7.402010E+01  9.643738E-04
 7.648241E+01  1.089444E-03
 7.894472E+01  1.224090E-03
 8.140704E+01  1.364225E-03
 8.386935E+01  1.515985E-03
 8.633166E+01  1.680884E-03
 8.879397E+01  1.837308E-03
 9.125628E+01  2.019764E-03
 9.371859E+01  2.201860E-03
 9.618090E+01  2.408079E-03
 9.864322E+01  2.595680E-03
 1.011055E+02  2.806200E-03
 1.035678E+02  3.013762E-03
 1.060302E+02  3.229197E-03
 1.084925E+02  3.451342E-03
 1.109548E+02  3.645298E-03
 1.134171E+02  3.831798E-03
 1.158794E+02  4.054594E-03
 1.183417E+02  4.216079E-03
 1.208040E+02  4.381099E-03
 1.232663E+02  4.513841E-03
 1.257286E+02  4.614471E-03
 1.281910E+02  4.661803E-03
 1.306533E+02  4.647906E-03
 1.331156E+02  4.558272E-03
 1.355779E+02  4.363080E-03
 1.380402E+02  3.985526E-03
 1.405025E+02  3.334628E-03
 1.429648E+02  2.145104E-03
 1.454271E+02  6.502101E-05
 1.478894E+02  3.015597E-05
 1.503518E+02  2.088942E-05
 1.528141E+02  1.627418E-05
 1.552764E+02  1.346062E-05
 1.577387E+02  1.152528E-05
 1.602010E+02  1.010755E-05
 1.626633E+02  9.024830E-06
 1.651256E+02  8.175081E-06
 1.675879E+02  7.476946E-06
 1.700503E+02  6.899085E-06
 1.725126E+02  6.410713E-06
 1.749749E+02  5.994512E-06
 1.774372E+02  5.628616E-06
 1.798995E+02  5.295650E-06
 1.823618E+02  5.013942E-06
 1.848241E+02  4.756532E-06
 1.872864E+02  4.537060E-06
 1.897487E+02  4.330967E-06
 1.922111E+02  4.136265E-06
 1.946734E+02  3.972524E-06
 1.971357E+02  3.813603E-06
 1.995980E+02  3.669917E-06
 2.020603E+02  3.532110E-06
 2.045226E+02  3.408179E-06
 2.069849E+02  3.293608E-06
 2.094472E+02  3.181607E-06
 2.119095E+02  3.080982E-06
 2.143719E+02  2.991206E-06
 2.168342E+02  2.895515E-06
 2.192965E+02  2.810545E-06
 2.217588E+02  2.730923E-06
 2.242211E+02  2.660773E-06
 2.266834E+02  2.584466E-06
 2.291457E+02  2.518434E-06
 2.316080E+02  2.458015E-06
 2.340704E+02  2.394101E-06
 2.365327E+02  2.327769E-06
 2.389950E+02  2.278585E-06
 2.414573E+02  2.225773E-06
 2.439196E+02  2.171866E-06
 2.463819E+02  2.123913E-06
 2.488442E+02  2.074564E-06
 2.513065E+02  2.030462E-06
 2.537688E+02  1.987962E-06
 2.562312E+02  1.944857E-06
 2.586935E+02  1.903756E-06
 2.611558E+02  1.868802E-06
 2.636181E+02  1.826827E-06
 2.660804E+02  1.793120E-06
 2.685427E+02  1.758432E-06
 2.710050E+02  1.725558E-06
 2.734673E+02  1.689681E-06
 2.759296E+02  1.659524E-06
 2.783920E+02  1.630119E-06
 2.808543E+02  1.600076E-06
 2.833166E+02  1.569069E-06
 2.857789E+02  1.542324E-06
 2.882412E+02  1.515926E-06
 2.907035E+02  1.488887E-06
 2.931658E+02  1.463594E-06
 2.956281E+02  1.442223E-06
 2.980905E+02  1.414764E-06
 3.005528E+02  1.392821E-06
 3.030151E+02  1.370003E-06
 3.054774E+02  1.345386E-06
 3.079397E+02  1.321312E-06
 3.104020E+02  1.305023E-06
 3.128643E+02  1.281183E-06
 3.153266E+02  1.261996E-06
 3.177889E+02  1.242235E-06
 3.202513E+02  1.223844E-06
 3.227136E+02  1.203451E-06
 3.251759E+02  1.184616E-06
 3.276382E+02  1.167060E-06
 3.301005E+02  1.152914E-06
 3.325628E+02  1.133700E-06
 3.350251E+02  1.117130E-06
 3.374874E+02  1.100762E-06
 3.399497E+02  1.085875E-06
 3.424121E+02  1.068817E-06
 3.448744E+02  1.055129E-06
 3.473367E+02  1.039891E-06
 3.497990E+02  1.027207E-06
 3.522613E+02  1.011593E-06
 3.547236E+02  9.983428E-07
 3.571859E+02  9.846492E-07
 3.596482E+02  9.715459E-07
 3.621106E+02  9.576441E-07
 3.645729E+02  9.444679E-07
 3.670352E+02  9.316806E-07
 3.694975E+02  9.192067E-07
 3.719598E+02  9.068635E-07
 3.744221E+02  8.956424E-07
 3.768844E+02  8.842710E-07
 3.793467E+02  8.721210E-07
 3.818090E+02  8.617034E-07
 3.842714E+02  8.518168E-07
 3.867337E+02  8.400743E-07
 3.891960E+02  8.294725E-07
 3.916583E+02  8.188801E-07
 3.941206E+02  8.082143E-07
 3.965829E+02  7.976824E-07
 3.990452E+02  7.875263E-07
 4.015075E+02  7.795197E-07
 4.039698E+02  7.697160E-07
 4.064322E+02  7.603068E-07
 4.088945E+02  7.515894E-07
 4.113568E+02  7.419149E-07
 4.138191E+02  7.340135E-07
 4.162814E+02  7.251546E-07
 4.187437E+02  7.158582E-07
 4.212060E+02  7.089353E-07
 4.236683E+02  6.999427E-07
 4.261307E+02  6.919457E-07
 4.285930E+02  6.843841E-07
 4.310553E+02  6.744990E-07
 4.335176E+02  6.686949E-07
 4.359799E+02  6.594275E-07
 4.384422E+02  6.524492E-07
 4.409045E+02  6.444230E-07
 4.433668E+02  6.395753E-07
 4.458291E+02  6.304343E-07
 4.482915E+02  6.238691E-07
 4.507538E+02  6.162635E-07
 4.532161E+02  6.090504E-07
 4.556784E+02  6.027882E-07
 4.581407E+02  5.967345E-07
 4.606030E+02  5.894382E-07
 4.630653E+02  5.838544E-07
 4.655276E+02  5.759052E-07
 4.679899E+02  5.705488E-07
 4.704523E+02  5.654712E-07
 4.729146E+02  5.582858E-07
 4.753769E+02  5.534647E-07
 4.778392E+02  5.468392E-07
 4.803015E+02  5.415371E-07
 4.827638E+02  5.349170E-07
 4.852261E+02  5.304298E-07
 4.876884E+02  5.242450E-07
 4.901508E+02  5.187721E-07
 4.926131E+02  5.129482E-07
 4.950754E+02  5.073966E-07
 4.975377E+02  5.029825E-07
 5.000000E+02  4.973694E-07
