 1.000000E+01  9.582309E-05
 1.246231E+01  2.285946E-04
 1.492462E+01  4.647925E-04
 1.738693E+01  8.478223E-04
 1.984925E+01  1.420207E-03
 2.231156E+01  2.238147E-03
 2.477387E+01  3.350588E-03
 2.723618E+01  4.761802E-03
 2.969849E+01  6.613621E-03
 3.216080E+01  8.890646E-03
 3.462312E+01  1.155090E-02
 3.708543E+01  1.474568E-02
 3.954774E+01  1.830568E-02
 4.201005E+01  2.232493E-02
 4.447236E+01  2.657891E-02
 4.693467E+01  3.094418E-02
 4.939698E+01  3.518092E-02
 5.185930E+01  3.911897E-02
 5.432161E+01  4.166068E-02
 5.678392E+01  4.199391E-02
 5.924623E+01  3.792110E-02
 6.170854E+01  2.232520E-02
 6.417085E+01  7.336723E-05
 6.663317E+01  8.187660E-05
 6.909548E+01  9.311630E-05
 7.155779E+01  1.059285E-04
 7.402010E+01  1.205373E-04
 7.648241E+01  1.365490E-04
 7.894472E+01  1.542083E-04
 8.140704E+01  1.734873E-04
 8.386935E+01  1.955636E-04
 8.633166E+01  2.185249E-04
 8.879397E+01  2.428542E-04
 9.125628E+01  2.705382E-04
 9.371859E+01  2.998328E-04
 9.618090E+01  3.313462E-04
 9.864322E+01  3.634516E-04
 1.011055E+02  3.992145E-04
 1.035678E+02  4.386673E-04
 1.060302E+02  4.775298E-04
 1.084925E+02  5.222909E-04
 1.109548E+02  5.663133E-04
 1.134171E+02  6.167136E-04
 1.158794E+02  6.694924E-04
 1.183417E+02  7.204691E-04
 1.208040E+02  7.795065E-04
 1.232663E+02  8.411957E-04
 1.257286E+02  9.009021E-04
 1.281910E+02  9.689429E-04
 1.306533E+02  1.038780E-03
 1.331156E+02  1.111607E-03
 1.355779E+02  1.188915E-03
 1.380402E+02  1.267564E-03
 1.405025E+02  1.346773E-03
 1.429648E+02  1.433614E-03
 1.454271E+02  1.519967E-03
 1.478894E+02  1.613604E-03
 1.503518E+02  1.707356E-03
 1.528141E+02  1.805613E-03
 1.552764E+02  1.903091E-03
 1.577387E+02  2.009736E-03
 1.602010E+02  2.117905E-03
 1.626633E+02  2.220344E-03
 1.651256E+02  2.330165E-03
 1.675879E+02  2.442416E-03
 1.700503E+02  2.555993E-03
 1.725126E+02  2.675029E-03
 1.749749E+02  2.801925E-03
 1.774372E+02  2.922223E-03
 1.798995E+02  3.037799E-03
 1.823618E+02  3.170875E-03
 1.848241E+02  3.290985E-03
 1.872864E+02  3.414809E-03
 1.897487E+02  3.525137E-03
 1.922111E+02  3.645527E-03
 1.946734E+02  3.773009E-03
 1.971357E+02  3.874363E-03
 1.995980E+02  4.003913E-03
 2.020603E+02  4.098600E-03
 2.045226E+02  4.198053E-03
 2.069849E+02  4.306492E-03
 2.094472E+02  4.381117E-03
 2.119095E+02  4.481029E-03
 2.143719E+02  4.532161E-03
 2.168342E+02  4.598921E-03
 2.192965E+02  4.641112E-03
 2.217588E+02  4.662486E-03
 2.242211E+02  4.663930E-03
 2.266834E+02  4.639446E-03
 2.291457E+02  4.605715E-03
 2.316080E+02  4.532783E-03
 2.340704E+02  4.401196E-03
 2.365327E+02  4.224657E-03
 2.389950E+02  3.988661E-03
 2.414573E+02  3.675661E-03
 2.439196E+02  3.230774E-03
 2.463819E+02  2.588087E-03
 2.488442E+02  1.524242E-03
 2.513065E+02  8.130033E-05
 2.537688E+02  4.194552E-05
 2.562312E+02  2.995276E-05
 2.586935E+02  2.377498E-05
 2.611558E+02  1.987765E-05
 2.636181E+02  1.721188E-05
 2.660804E+02  1.517661E-05
 2.685427E+02  1.367070E-05
 2.710050E+02  1.244198E-05
 2.734673E+02  1.141560E-05
 2.759296E+02  1.056266E-05
 2.783920E+02  9.846517E-06
 2.808543E+02  9.236671E-06
 2.833166E+02  8.687676E-06
 2.857789E+02  8.211491E-06
 2.882412E+02  7.795437E-06
 2.907035E+02  7.415399E-06
 2.931658E+02  7.074925E-06
 2.956281E+02  6.761403E-06
 2.980905E+02  6.473027E-06
 3.005528E+02  6.221487E-06
 3.030151E+02  5.993793E-06
 3.054774E+02  5.772049E-06
 3.079397E+02  5.585411E-06
 3.104020E+02  5.385879E-06
 3.128643E+02  5.224337E-06
 3.153266E+02  5.050458E-06
 3.177889E+02  4.895243E-06
 3.202513E+02  4.758480E-06
 3.227136E+02  4.625405E-06
 3.251759E+02  4.492791E-06
 3.276382E+02  4.370763E-06
 3.301005E+02  4.261604E-06
 3.325628E+02  4.152081E-06
 3.350251E+02  4.050547E-06
 3.374874E+02  3.951368E-06
 3.399497E+02  3.863128E-06
 3.424121E+02  3.784068E-06
 3.448744E+02  3.695113E-06
 3.473367E+02  3.613568E-06
 3.497990E+02  3.543766E-06
 3.522613E+02  3.463676E-06
 3.547236E+02  3.391155E-06
 3.571859E+02  3.331699E-06
 3.596482E+02  3.260056E-06
 3.621106E+02  3.196673E-06
 3.645729E+02  3.142684E-06
 3.670352E+02  3.078296E-06
 3.694975E+02  3.028720E-06
 3.719598E+02  2.972531E-06
 3.744221E+02  2.923273E-06
 3.768844E+02  2.870348E-06
 3.793467E+02  2.822609E-06
 3.818090E+02  2.776297E-06
 3.842714E+02  2.731767E-06
 3.867337E+02  2.689521E-06
 3.891960E+02  2.648550E-06
 3.916583E+02  2.606220E-06
 3.941206E+02  2.562246E-06
 3.965829E+02  2.525601E-06
 3.990452E+02  2.485853E-06
 4.015075E+02  2.445510E-06
 4.039698E+02  2.413334E-06
 4.064322E+02  2.379454E-06
 4.088945E+02  2.341594E-06
 4.113568E+02  2.311572E-06
 4.138191E+02  2.282350E-06
 4.162814E+02  2.249660E-06
 4.187437E+02  2.217663E-06
 4.212060E+02  2.187608E-06
 4.236683E+02  2.160498E-06
 4.261307E+02  2.132811E-06
 4.285930E+02  2.101581E-06
 4.310553E+02  2.072607E-06
 4.335176E+02  2.052248E-06
 4.359799E+02  2.026082E-06
 4.384422E+02  1.996826E-06
 4.409045E+02  1.976786E-06
 4.433668E+02  1.949239E-06
 4.458291E+02  1.925358E-06
 4.482915E+02  1.903444E-06
 4.507538E+02  1.882121E-06
 4.532161E+02  1.860310E-06
 4.556784E+02  1.835847E-06
 4.581407E+02  1.813379E-06
 4.606030E+02  1.794014E-06
 4.630653E+02  1.774796E-06
 4.655276E+02  1.756318E-06
 4.679899E+02  1.735718E-06
 4.704523E+02  1.716867E-06
 4.729146E+02  1.695672E-06
 4.753769E+02  1.678666E-06
 4.778392E+02  1.658817E-06
 4.803015E+02  1.641789E-06
 4.827638E+02  1.625219E-06
 4.852261E+02  1.608554E-06
 4.876884E+02  1.593860E-06
 4.901508E+02  1.573923E-06
 4.926131E+02  1.559602E-06
 4.950754E+02  1.542452E-06
 4.975377E+02  1.526023E-06
 5.000000E+02  1.509545E-06
