 1.000000E+01  2.354206E-02
 1.246231E+01  3.353624E-02
 1.492462E+01  4.318951E-02
 1.738693E+01  5.074810E-02
 1.984925E+01  5.510862E-02
 2.231156E+01  5.491116E-02
 2.477387E+01  4.901078E-02
 2.723618E+01  3.775214E-02
 2.969849E+01  2.172296E-02
 3.216080E+01  5.305738E-03
 3.462312E+01  2.013351E-03
 3.708543E+01  2.274426E-03
 3.954774E+01  2.543024E-03
 4.201005E+01  2.818661E-03
 4.447236E+01  3.087203E-03
 4.693467E+01  3.360672E-03
 4.939698E+01  3.644205E-03
 5.185930E+01  3.929237E-03
 5.432161E+01  4.167134E-03
 5.678392E+01  4.441003E-03
 5.924623E+01  4.692838E-03
 6.170854E+01  4.909347E-03
 6.417085E+01  5.143806E-03
 6.663317E+01  5.336010E-03
 6.909548E+01  5.519739E-03
 7.155779E+01  5.701414E-03
 7.402010E+01  5.814499E-03
 7.648241E+01  5.930916E-03
 7.894472E+01  6.002302E-03
 8.140704E+01  6.070272E-03
 8.386935E+01  6.070706E-03
 8.633166E+01  6.063827E-03
 8.879397E+01  6.000784E-03
 9.125628E+01  5.920773E-03
 9.371859E+01  5.782008E-03
 9.618090E+01  5.592528E-03
 9.864322E+01  5.396967E-03
 1.011055E+02  5.130628E-03
 1.035678E+02  4.828896E-03
 1.060302E+02  4.489090E-03
 1.084925E+02  4.123237E-03
 1.109548E+02  3.716394E-03
 1.134171E+02  3.281547E-03
 1.158794E+02  2.823733E-03
 1.183417E+02  2.341888E-03
 1.208040E+02  1.856799E-03
 1.232663E+02  1.369414E-03
 1.257286E+02  9.077541E-04
 1.281910E+02  4.835265E-04
 1.306533E+02  1.460624E-04
 1.331156E+02  1.979769E-05
 1.355779E+02  1.558104E-05
 1.380402E+02  1.346949E-05
 1.405025E+02  1.206276E-05
 1.429648E+02  1.097880E-05
 1.454271E+02  1.010515E-05
 1.478894E+02  9.403836E-06
 1.503518E+02  8.820293E-06
 1.528141E+02  8.302455E-06
 1.552764E+02  7.863307E-06
 1.577387E+02  7.478999E-06
 1.602010E+02  7.097592E-06
 1.626633E+02  6.786429E-06
 1.651256E+02  6.492494E-06
 1.675879E+02  6.234545E-06
 1.700503E+02  5.980036E-06
 1.725126E+02  5.759809E-06
 1.749749E+02  5.557478E-06
 1.774372E+02  5.364457E-06
 1.798995E+02  5.181847E-06
 1.823618E+02  5.003822E-06
 1.848241E+02  4.843257E-06
 1.872864E+02  4.699247E-06
 1.897487E+02  4.555896E-06
 1.922111E+02  4.417534E-06
 1.946734E+02  4.285775E-06
 1.971357E+02  4.163636E-06
 1.995980E+02  4.055709E-06
 2.020603E+02  3.949008E-06
 2.045226E+02  3.842453E-06
 2.069849E+02  3.744425E-06
 2.094472E+02  3.645823E-06
 2.119095E+02  3.556815E-06
 2.143719E+02  3.465683E-06
 2.168342E+02  3.382325E-06
 2.192965E+02  3.306482E-06
 2.217588E+02  3.233780E-06
 2.242211E+02  3.149414E-06
 2.266834E+02  3.081863E-06
 2.291457E+02  3.017063E-06
 2.316080E+02  2.949764E-06
 2.340704E+02  2.881710E-06
 2.365327E+02  2.816886E-06
 2.389950E+02  2.764008E-06
 2.414573E+02  2.707550E-06
 2.439196E+02  2.653679E-06
 2.463819E+02  2.599188E-06
 2.488442E+02  2.542402E-06
 2.513065E+02  2.495101E-06
 2.537688E+02  2.440465E-06
 2.562312E+02  2.393122E-06
 2.586935E+02  2.347009E-06
 2.611558E+02  2.303905E-06
 2.636181E+02  2.258173E-06
 2.660804E+02  2.212715E-06
 2.685427E+02  2.175518E-06
 2.710050E+02  2.132756E-06
 2.734673E+02  2.096227E-06
 2.759296E+02  2.052297E-06
 2.783920E+02  2.016760E-06
 2.808543E+02  1.982081E-06
 2.833166E+02  1.947216E-06
 2.857789E+02  1.916100E-06
 2.882412E+02  1.883871E-06
 2.907035E+02  1.847199E-06
 2.931658E+02  1.814510E-06
 2.956281E+02  1.784427E-06
 2.980905E+02  1.756045E-06
 3.005528E+02  1.723077E-06
 3.030151E+02  1.696167E-06
 3.054774E+02  1.669425E-06
 3.079397E+02  1.640416E-06
 3.104020E+02  1.621343E-06
 3.128643E+02  1.588797E-06
 3.153266E+02  1.564962E-06
 3.177889E+02  1.540346E-06
 3.202513E+02  1.516575E-06
 3.227136E+02  1.490352E-06
 3.251759E+02  1.466240E-06
 3.276382E+02  1.444668E-06
 3.301005E+02  1.424528E-06
 3.325628E+02  1.400144E-06
 3.350251E+02  1.378247E-06
 3.374874E+02  1.358523E-06
 3.399497E+02  1.338201E-06
 3.424121E+02  1.317366E-06
 3.448744E+02  1.295150E-06
 3.473367E+02  1.279864E-06
 3.497990E+02  1.257570E-06
 3.522613E+02  1.244300E-06
 3.547236E+02  1.223474E-06
 3.571859E+02  1.205741E-06
 3.596482E+02  1.184816E-06
 3.621106E+02  1.171317E-06
 3.645729E+02  1.152795E-06
 3.670352E+02  1.138301E-06
 3.694975E+02  1.119868E-06
 3.719598E+02  1.107494E-06
 3.744221E+02  1.088867E-06
 3.768844E+02  1.076466E-06
 3.793467E+02  1.058158E-06
 3.818090E+02  1.045121E-06
 3.842714E+02  1.029017E-06
 3.867337E+02  1.016835E-06
 3.891960E+02  1.002464E-06
 3.916583E+02  9.888092E-07
 3.941206E+02  9.758720E-07
 3.965829E+02  9.611359E-07
 3.990452E+02  9.495074E-07
 4.015075E+02  9.397037E-07
 4.039698E+02  9.247052E-07
 4.064322E+02  9.126341E-07
 4.088945E+02  9.024235E-07
 4.113568E+02  8.895635E-07
 4.138191E+02  8.780855E-07
 4.162814E+02  8.656843E-07
 4.187437E+02  8.565345E-07
 4.212060E+02  8.416901E-07
 4.236683E+02  8.326091E-07
 4.261307E+02  8.220885E-07
 4.285930E+02  8.100751E-07
 4.310553E+02  8.008710E-07
 4.335176E+02  7.923697E-07
 4.359799E+02  7.811424E-07
 4.384422E+02  7.727312E-07
 4.409045E+02  7.617669E-07
 4.433668E+02  7.527215E-07
 4.458291E+02  7.420462E-07
 4.482915E+02  7.366001E-07
 4.507538E+02  7.234826E-07
 4.532161E+02  7.161047E-07
 4.556784E+02  7.067649E-07
 4.581407E+02  6.996712E-07
 4.606030E+02  6.925881E-07
 4.630653E+02  6.821529E-07
 4.655276E+02  6.748451E-07
 4.679899E+02  6.645887E-07
 4.704523E+02  6.580616E-07
 4.729146E+02  6.506989E-07
 4.753769E+02  6.414695E-07
 4.778392E+02  6.334016E-07
 4.803015E+02  6.265530E-07
 4.827638E+02  6.202564E-07
 4.852261E+02  6.127618E-07
 4.876884E+02  6.047172E-07
 4.901508E+02  5.978837E-07
 4.926131E+02  5.910033E-07
 4.950754E+02  5.837818E-07
 4.975377E+02  5.777852E-07
 5.000000E+02  5.706088E-07
