 1.000000E+01  2.354772E-02
 1.246231E+01  3.356260E-02
 1.492462E+01  4.302306E-02
 1.738693E+01  5.071819E-02
 1.984925E+01  5.499074E-02
 2.231156E+01  5.492478E-02
 2.477387E+01  4.890166E-02
 2.723618E+01  3.785486E-02
 2.969849E+01  2.179260E-02
 3.216080E+01  5.276654E-03
 3.462312E+01  2.011619E-03
 3.708543E+01  2.272551E-03
 3.954774E+01  2.528822E-03
 4.201005E+01  2.810150E-03
 4.447236E+01  3.088078E-03
 4.693467E+01  3.368074E-03
 4.939698E+01  3.643820E-03
 5.185930E+01  3.899862E-03
 5.432161E+01  4.184357E-03
 5.678392E+01  4.440301E-03
 5.924623E+01  4.688711E-03
 6.170854E+01  4.918109E-03
 6.417085E+01  5.165189E-03
 6.663317E+01  5.366110E-03
 6.909548E+01  5.523528E-03
 7.155779E+01  5.702092E-03
 7.402010E+01  5.823874E-03
 7.648241E+01  5.916602E-03
 7.894472E+01  6.019005E-03
 8.140704E+01  6.035746E-03
 8.386935E+01  6.070560E-03
 8.633166E+01  6.066611E-03
 8.879397E+01  5.987120E-03
 9.125628E+01  5.892048E-03
 9.371859E+01  5.751444E-03
 9.618090E+01  5.599338E-03
 9.864322E+01  5.387911E-03
 1.011055E+02  5.121927E-03
 1.035678E+02  4.819944E-03
 1.060302E+02  4.500076E-03
 1.084925E+02  4.114623E-03
 1.109548E+02  3.723536E-03
 1.134171E+02  3.281585E-03
 1.158794E+02  2.824970E-03
 1.183417E+02  2.349102E-03
 1.208040E+02  1.859797E-03
 1.232663E+02  1.373853E-03
 1.257286E+02  9.065585E-04
 1.281910E+02  4.831482E-04
 1.306533E+02  1.462520E-04
 1.331156E+02  1.979522E-05
 1.355779E+02  1.557622E-05
 1.380402E+02  1.344817E-05
 1.405025E+02  1.204167E-05
 1.429648E+02  1.096541E-05
 1.454271E+02  1.011404E-05
 1.478894E+02  9.408916E-06
 1.503518E+02  8.799727E-06
 1.528141E+02  8.318377E-06
 1.552764E+02  7.849106E-06
 1.577387E+02  7.453158E-06
 1.602010E+02  7.096662E-06
 1.626633E+02  6.794130E-06
 1.651256E+02  6.500367E-06
 1.675879E+02  6.218672E-06
 1.700503E+02  5.991512E-06
 1.725126E+02  5.762048E-06
 1.749749E+02  5.557744E-06
 1.774372E+02  5.359378E-06
 1.798995E+02  5.172167E-06
 1.823618E+02  5.000505E-06
 1.848241E+02  4.852898E-06
 1.872864E+02  4.697745E-06
 1.897487E+02  4.552614E-06
 1.922111E+02  4.418496E-06
 1.946734E+02  4.294033E-06
 1.971357E+02  4.171590E-06
 1.995980E+02  4.056893E-06
 2.020603E+02  3.949562E-06
 2.045226E+02  3.844511E-06
 2.069849E+02  3.744392E-06
 2.094472E+02  3.649178E-06
 2.119095E+02  3.555461E-06
 2.143719E+02  3.473214E-06
 2.168342E+02  3.383950E-06
 2.192965E+02  3.299811E-06
 2.217588E+02  3.227566E-06
 2.242211E+02  3.162121E-06
 2.266834E+02  3.083651E-06
 2.291457E+02  3.007815E-06
 2.316080E+02  2.952742E-06
 2.340704E+02  2.882095E-06
 2.365327E+02  2.817862E-06
 2.389950E+02  2.755819E-06
 2.414573E+02  2.711055E-06
 2.439196E+02  2.648343E-06
 2.463819E+02  2.596965E-06
 2.488442E+02  2.542547E-06
 2.513065E+02  2.488388E-06
 2.537688E+02  2.445191E-06
 2.562312E+02  2.393813E-06
 2.586935E+02  2.350664E-06
 2.611558E+02  2.300080E-06
 2.636181E+02  2.263302E-06
 2.660804E+02  2.213040E-06
 2.685427E+02  2.178581E-06
 2.710050E+02  2.133213E-06
 2.734673E+02  2.097049E-06
 2.759296E+02  2.057193E-06
 2.783920E+02  2.021325E-06
 2.808543E+02  1.984235E-06
 2.833166E+02  1.947444E-06
 2.857789E+02  1.916414E-06
 2.882412E+02  1.879047E-06
 2.907035E+02  1.846824E-06
 2.931658E+02  1.815600E-06
 2.956281E+02  1.786746E-06
 2.980905E+02  1.755922E-06
 3.005528E+02  1.729471E-06
 3.030151E+02  1.698743E-06
 3.054774E+02  1.671648E-06
 3.079397E+02  1.642261E-06
 3.104020E+02  1.614204E-06
 3.128643E+02  1.586954E-06
 3.153266E+02  1.561689E-06
 3.177889E+02  1.538176E-06
 3.202513E+02  1.513111E-06
 3.227136E+02  1.494122E-06
 3.251759E+02  1.466738E-06
 3.276382E+02  1.443802E-06
 3.301005E+02  1.420541E-06
 3.325628E+02  1.398669E-06
 3.350251E+02  1.382173E-06
 3.374874E+02  1.358926E-06
 3.399497E+02  1.336230E-06
 3.424121E+02  1.317690E-06
 3.448744E+02  1.298474E-06
 3.473367E+02  1.279946E-06
 3.497990E+02  1.258556E-06
 3.522613E+02  1.244053E-06
 3.547236E+02  1.223435E-06
 3.571859E+02  1.205106E-06
 3.596482E+02  1.187679E-06
 3.621106E+02  1.171896E-06
 3.645729E+02  1.154114E-06
 3.670352E+02  1.137984E-06
 3.694975E+02  1.121113E-06
 3.719598E+02  1.106464E-06
 3.744221E+02  1.090047E-06
 3.768844E+02  1.075703E-06
 3.793467E+02  1.060551E-06
 3.818090E+02  1.047896E-06
 3.842714E+02  1.030608E-06
 3.867337E+02  1.018137E-06
 3.891960E+02  1.003869E-06
 3.916583E+02  9.887954E-07
 3.941206E+02  9.756694E-07
 3.965829E+02  9.624440E-07
 3.990452E+02  9.524832E-07
 4.015075E+02  9.366717E-07
 4.039698E+02  9.235547E-07
 4.064322E+02  9.127507E-07
 4.088945E+02  9.016128E-07
 4.113568E+02  8.893684E-07
 4.138191E+02  8.765658E-07
 4.162814E+02  8.660888E-07
 4.187437E+02  8.535409E-07
 4.212060E+02  8.443704E-07
 4.236683E+02  8.337020E-07
 4.261307E+02  8.213711E-07
 4.285930E+02  8.113558E-07
 4.310553E+02  8.029523E-07
 4.335176E+02  7.912644E-07
 4.359799E+02  7.814100E-07
 4.384422E+02  7.710847E-07
 4.409045E+02  7.620805E-07
 4.433668E+02  7.518804E-07
 4.458291E+02  7.432386E-07
 4.482915E+02  7.339532E-07
 4.507538E+02  7.259891E-07
 4.532161E+02  7.177754E-07
 4.556784E+02  7.077688E-07
 4.581407E+02  6.991222E-07
 4.606030E+02  6.891689E-07
 4.630653E+02  6.829077E-07
 4.655276E+02  6.743338E-07
 4.679899E+02  6.647642E-07
 4.704523E+02  6.576677E-07
 4.729146E+02  6.498685E-07
 4.753769E+02  6.416519E-07
 4.778392E+02  6.343424E-07
 4.803015E+02  6.278552E-07
 4.827638E+02  6.207604E-07
 4.852261E+02  6.118065E-07
 4.876884E+02  6.060360E-07
 4.901508E+02  5.985981E-07
 4.926131E+02  5.921047E-07
 4.950754E+02  5.837256E-07
 4.975377E+02  5.775459E-07
 5.000000E+02  5.719417E-07
