10.0 0.174458908089912
10.050167224080267 0.17573907903819203
10.100334448160535 0.17701924998647206
10.150501672240802 0.1782994209347521
10.200668896321071 0.1795795918830322
10.250836120401338 0.1808597628313123
10.301003344481606 0.1821399337795923
10.351170568561873 0.18334394281899902
10.40133779264214 0.18453930170672578
10.451505016722408 0.1857346605944524
10.501672240802675 0.18693001948217924
10.551839464882944 0.18812537836990595
10.602006688963211 0.18932073725763263
10.652173913043478 0.19056073076936195
10.702341137123746 0.19181216217824712
10.752508361204013 0.19306359358713224
10.80267558528428 0.19431502499601755
10.852842809364548 0.1955664564049028
10.903010033444817 0.19681788781378812
10.953177257525084 0.1980673716759381
11.003344481605351 0.19931599961780022
11.053511705685619 0.2005646766358592
11.103678929765886 0.20181335365391803
11.153846153846153 0.20306203067197692
11.204013377926422 0.2043107076900358
11.25418060200669 0.20556445219543173
11.304347826086957 0.20682169157853456
11.354515050167224 0.20807893096163757
11.404682274247492 0.20933617034474056
11.454849498327759 0.2105934097278434
11.505016722408026 0.21185064911094634
11.555183946488295 0.21305368490549487
11.605351170568563 0.21420026873824638
11.65551839464883 0.21534685257099775
11.705685618729097 0.21649343640374943
11.755852842809364 0.21764002023650086
11.806020066889632 0.21878660406925243
11.856187290969899 0.21997197738211313
11.906354515050168 0.22121857310982015
11.956521739130435 0.22246516883752707
12.006688963210703 0.2237117701537006
12.05685618729097 0.22495840779490672
12.107023411371237 0.22620504543611272
12.157190635451505 0.22742997229255552
12.207357859531772 0.22860060703717922
12.257525083612041 0.2297712417818029
12.307692307692308 0.2309418765264267
12.357859531772576 0.23211251127105034
12.408026755852843 0.23328314601567401
12.45819397993311 0.23444979175896632
12.508361204013378 0.23559870764538765
12.558528428093645 0.2367476235318089
12.608695652173914 0.23789653941823022
12.658862876254181 0.2390454553046516
12.709030100334449 0.2401943711910729
12.759197324414716 0.24133832495232985
12.809364548494983 0.24242648508210643
12.85953177257525 0.243514645211883
12.909698996655518 0.24460280534165965
12.959866220735787 0.24569096547143632
13.010033444816054 0.2467791317411476
13.060200668896321 0.2478673225705979
13.110367892976589 0.24895001105763143
13.160535117056856 0.2500325854256577
13.210702341137123 0.2511151597936836
13.26086956521739 0.2521977341617098
13.31103678929766 0.25328030852973593
13.361204013377927 0.254362882897762
13.411371237458194 0.2554969977668589
13.461538461538462 0.2566383084180001
13.511705685618729 0.25777961906914126
13.561872909698996 0.25892092972028263
13.612040133779264 0.260062240371424
13.662207357859533 0.2612035510225654
13.7123745819398 0.2621884123194471
13.762541806020067 0.263127982470601
13.812709030100335 0.26406755262175463
13.862876254180602 0.2650071227729082
13.91304347826087 0.2659466929240622
13.963210702341136 0.266886263075216
14.013377926421406 0.26783957190320434
14.063545150501671 0.2687995529345653
14.11371237458194 0.2697595339659264
14.163879598662207 0.27071951499728747
14.214046822742475 0.2716794960286482
14.264214046822744 0.27263947706000924
14.31438127090301 0.2735951415548087
14.364548494983278 0.2745475697763316
14.414715719063544 0.2754999979978546
14.464882943143813 0.27645242621937766
14.51505016722408 0.2774048544409007
14.565217391304348 0.2783572826624238
14.615384615384617 0.27928421009706617
14.665551839464882 0.2801823030207403
14.715719063545151 0.2810803959444146
14.765886287625417 0.2819784888680886
14.816053511705686 0.2828765817917628
14.866220735785953 0.28377467471543716
14.91638795986622 0.2846271183932671
14.96655518394649 0.2854009384206477
15.016722408026755 0.286174762934827
15.066889632107024 0.2869485964226037
15.11705685618729 0.2877224299103806
15.167224080267559 0.28849626339815726
15.217391304347826 0.28927110653435395
15.267558528428093 0.2900487451532585
15.317725752508363 0.29082638377216286
15.367892976588628 0.29160402239106714
15.418060200668897 0.2923816610099716
15.468227424749164 0.29315929962887605
15.518394648829432 0.293917106740074
15.568561872909699 0.29457333787567225
15.618729096989966 0.2952295690112707
15.668896321070235 0.2958858001468693
15.719063545150501 0.29654203128246764
15.76923076923077 0.2971982624180661
15.819397993311037 0.2978523450333094
15.869565217391305 0.2984734439860195
15.919732441471572 0.29909454293872956
15.96989966555184 0.29971564189143984
16.02006688963211 0.30033674451140613
16.070234113712374 0.3009578526322572
16.120401337792643 0.3015789607531084
16.170568561872912 0.3021721451523298
16.220735785953178 0.3027641406907259
16.270903010033443 0.30335613622912183
16.321070234113712 0.30394813176751795
16.37123745819398 0.30454012730591384
16.421404682274247 0.30513212284430996
16.471571906354516 0.30560391332760267
16.52173913043478 0.3060556742939487
16.57190635451505 0.30650743526029467
16.62207357859532 0.30695919622664114
16.672240802675585 0.30741095719298717
16.722408026755854 0.3078627181593333
16.77257525083612 0.3082827557411432
16.82274247491639 0.30869250895762607
16.872909698996658 0.30910226217410947
16.923076923076923 0.3095120153905925
16.97324414715719 0.3099217686070756
17.023411371237458 0.31033152466385144
17.073578595317727 0.3106790926324906
17.123745819397993 0.3109936107759291
17.17391304347826 0.3113081289193674
17.224080267558527 0.31162264706280557
17.274247491638796 0.31193716520624404
17.324414715719065 0.31225168334968234
17.37458193979933 0.31253499112219285
17.4247491638796 0.3127928657129967
17.474916387959865 0.31305074030380037
17.525083612040135 0.3133086148946038
17.575250836120404 0.31356648948540733
17.62541806020067 0.3138243640762107
17.675585284280935 0.3140358439665985
17.725752508361204 0.31419039052376313
17.775919732441473 0.3143449370809279
17.82608695652174 0.31449948363809244
17.876254180602007 0.3146540301952573
17.926421404682273 0.3148085767524217
17.976588628762542 0.31490118971479064
18.02675585284281 0.3148772614562359
18.076923076923077 0.31485333494268736
18.127090301003342 0.3148294084291386
18.17725752508361 0.3148054819155898
18.22742474916388 0.3147815554020411
18.27759197324415 0.3147635305037038
18.327759197324415 0.314763709860349
18.37792642140468 0.314763889216994
18.42809364548495 0.3147640685736389
18.47826086956522 0.31476424793028396
18.528428093645488 0.31476442728692927
18.578595317725753 0.3147482263304233
18.62876254180602 0.31463372063445827
18.678929765886288 0.3145192149384929
18.729096989966557 0.31440470924252767
18.779264214046822 0.31429020354656273
18.829431438127088 0.3141756978505974
18.879598662207357 0.3140559233789499
18.929765886287626 0.313812396974095
18.979933110367895 0.3135688705692398
19.03010033444816 0.31332534544805746
19.080267558528426 0.3130818211826567
19.130434782608695 0.3128382969172564
19.180602006688964 0.3125947726518557
19.230769230769234 0.31228607045251944
19.2809364548495 0.31197312263256344
19.331103678929765 0.31166017481260727
19.381270903010034 0.31134722699265127
19.431438127090303 0.311034279172695
19.48160535117057 0.310721331352739
19.531772575250834 0.31028135653631805
19.581939799331103 0.3098165812014236
19.632107023411372 0.3093518058665291
19.68227424749164 0.3088870305316346
19.732441471571907 0.3084222551967401
19.782608695652172 0.3079574798618456
19.83277591973244 0.30744483799852246
19.88294314381271 0.306914908113828
19.93311036789298 0.3063849782291338
19.983277591973245 0.30585504834443944
20.03344481605351 0.30532511924943917
20.08361204013378 0.3047951905492854
20.13377926421405 0.3042057342978708
20.183946488294314 0.30358171608187556
20.23411371237458 0.3029576978658805
20.28428093645485 0.3023336796498855
20.334448160535118 0.30170966143389033
20.384615384615387 0.30108564321789516
20.434782608695652 0.30040543021636207
20.484949832775918 0.29967551943249515
20.535117056856187 0.29894560864862785
20.585284280936456 0.29821569786476065
20.635451505016725 0.2974857870808937
20.68561872909699 0.29675587629702666
20.735785953177256 0.2959679521787832
20.785953177257525 0.29510264996001184
20.836120401337794 0.29423734774124044
20.88628762541806 0.2933720455224691
20.93645484949833 0.2925067433036977
20.986622073578594 0.2916414410849267
21.036789297658864 0.29073962846376844
21.086956521739133 0.2897624995424628
21.137123745819398 0.2887853706211573
21.187290969899664 0.2878082416998517
21.237458193979933 0.2868311127785459
21.287625418060202 0.2858539838572404
21.33779264214047 0.28485724004141477
21.387959866220736 0.28379274043067365
21.438127090301002 0.2827282408199322
21.48829431438127 0.2816637412091907
21.53846153846154 0.2805992415984494
21.588628762541806 0.27953474198770817
21.638795986622075 0.2784586478360526
21.68896321070234 0.27729950663757014
21.73913043478261 0.27614036543908743
21.78929765886288 0.2749812242406046
21.839464882943144 0.27382208304212213
21.88963210702341 0.2726629418436395
21.93979933110368 0.27150256147042506
21.989966555183948 0.2702824332617141
22.040133779264217 0.26906230552394006
22.090301003344482 0.26784217790390047
22.140468227424748 0.26662205028386093
22.190635451505017 0.2654019226638212
22.240802675585286 0.2641817950437815
22.29096989966555 0.2627692265379965
22.34113712374582 0.2613395428931449
22.391304347826086 0.2599098592482936
22.441471571906355 0.2584801756034424
22.491638795986624 0.25705049195859075
22.54180602006689 0.25562080831373934
22.591973244147155 0.25417292492713306
22.642140468227424 0.2527209468208331
22.692307692307693 0.2512689687145332
22.742474916387962 0.24981699060823337
22.792642140468228 0.2483650125019335
22.842809364548494 0.24691303439563375
22.892976588628763 0.24538168696968182
22.94314381270903 0.24381860067489564
22.993311036789297 0.2422555143801094
23.043478260869566 0.24069242838326332
23.093645484949832 0.23912934243225437
23.1438127090301 0.2375662564812451
23.19397993311037 0.23595011348055178
23.244147157190636 0.23430035443615027
23.2943143812709 0.23265059539174873
23.34448160535117 0.23100083634734717
23.39464882943144 0.22935107730294557
23.44481605351171 0.227701318258544
23.494983277591974 0.22597819576644446
23.54515050167224 0.22418463175190056
23.59531772575251 0.22239106773735656
23.645484949832777 0.22059750372281245
23.695652173913043 0.2188039397082684
23.745819397993312 0.21701037569372425
23.795986622073578 0.2152038569914936
23.846153846153847 0.2133785543084456
23.896321070234116 0.21155325162539765
23.94648829431438 0.20972794894234986
23.996655518394647 0.20790264625930202
24.046822742474916 0.2060773437020006
24.096989966555185 0.20422301346015026
24.147157190635454 0.20230290349147173
24.19732441471572 0.20038279352279334
24.247491638795985 0.198462683554115
24.297658862876254 0.19654257358543648
24.347826086956523 0.19462246361675797
24.39799331103679 0.1926568845578461
24.448160535117058 0.19051386940918547
24.498327759197323 0.18837085426052494
24.548494983277592 0.18622783911186436
24.59866220735786 0.18408482396320364
24.648829431438127 0.18194180881454314
24.698996655518393 0.17973514267844193
24.74916387959866 0.1769680492938339
24.79933110367893 0.1742009559092259
24.8494983277592 0.17143386252461776
24.899665551839465 0.16866676914000991
24.94983277591973 0.16589967575540204
25.0 0.16313258237079392
