10.0 0.20690538434563707
10.066889632107024 0.20885387558780416
10.133779264214047 0.210802366829971
10.200668896321071 0.2127508580721381
10.267558528428093 0.2146993493143051
10.334448160535118 0.2166478405564722
10.40133779264214 0.21859633179863913
10.468227424749164 0.22058754967790536
10.535117056856187 0.22258362027025558
10.602006688963211 0.2245796908626057
10.668896321070234 0.22657576145495592
10.735785953177258 0.22857183204730605
10.80267558528428 0.23056790263965618
10.869565217391305 0.23256242290052864
10.936454849498327 0.2345565455135659
11.003344481605351 0.2365506722779065
11.070234113712374 0.23854487791700496
11.137123745819398 0.24053908355610346
11.20401337792642 0.24253328919520195
11.270903010033445 0.24449170649411914
11.337792642140467 0.24643433459263744
11.404682274247492 0.24837696269115578
11.471571906354516 0.2503195907896741
11.538461538461538 0.2522622188881922
11.60535117056856 0.2542048469867105
11.672240802675585 0.2561117146360422
11.73913043478261 0.2579939245786142
11.806020066889632 0.2598761345211865
11.872909698996656 0.26175834446375845
11.939799331103679 0.2636405544063308
12.006688963210703 0.2655227710114693
12.073578595317725 0.2674084003111173
12.14046822742475 0.2692975228069189
12.207357859531772 0.2711866453027205
12.274247491638796 0.27307576779852216
12.341137123745819 0.2749648902943236
12.408026755852843 0.27685401279012534
12.474916387959865 0.27870142528444175
12.54180602006689 0.2804829781888704
12.608695652173914 0.28226453109329924
12.675585284280936 0.28404608399772835
12.742474916387959 0.2858276369021572
12.809364548494983 0.2876091898065859
12.876254180602007 0.28939806174987764
12.94314381270903 0.2912052274612119
13.010033444816052 0.2930124003715882
13.076923076923077 0.29481961407653373
13.143812709030101 0.29662682778147953
13.210702341137123 0.2984340414864253
13.277591973244148 0.3002180833003637
13.34448160535117 0.30189909910258594
13.411371237458194 0.3035801149048084
13.478260869565217 0.30526113070703065
13.545150501672241 0.30694214650925294
13.612040133779264 0.3086231623114752
13.678929765886288 0.3102966912626241
13.74581939799331 0.3118859828546216
13.812709030100335 0.3134752744466187
13.879598662207357 0.31506456603861605
13.946488294314381 0.31665385763061316
14.013377926421406 0.31824315566152117
14.080267558528428 0.31983247944807214
14.14715719063545 0.32131853844047126
14.214046822742475 0.3228024503510753
14.280936454849499 0.3242863622616793
14.347826086956522 0.32577027417228327
14.414715719063544 0.32725418608288737
14.481605351170568 0.32873809799349124
14.548494983277592 0.33012007885598904
14.615384615384615 0.3314878287042261
14.682274247491637 0.33285557855246306
14.749163879598662 0.33422332840070024
14.816053511705686 0.3355910782489372
14.882943143812708 0.3369588280971742
14.949832775919731 0.3382329992184701
15.016722408026755 0.3394800851325452
15.08361204013378 0.34072718685836983
15.150501672240804 0.34197428858419426
15.217391304347826 0.34322139031001875
15.284280936454849 0.34446849203584323
15.351170568561873 0.3456553365616559
15.418060200668897 0.3468129703391448
15.48494983277592 0.34797060411663366
15.551839464882942 0.34912823789412234
15.618729096989966 0.350285871671611
15.68561872909699 0.35144350544909997
15.752508361204013 0.352546950292638
15.819397993311036 0.3536097428016362
15.88628762541806 0.35467253531063464
15.953177257525084 0.355735327819633
16.020066889632105 0.35679812471492206
16.08695652173913 0.35786093184488965
16.153846153846153 0.35877395656299205
16.220735785953178 0.3595176516617574
16.287625418060202 0.3602613467605231
16.354515050167223 0.3610050418592885
16.421404682274247 0.36174873695805404
16.48829431438127 0.36249243205681947
16.555183946488295 0.36324336356323916
16.62207357859532 0.3640067559721617
16.68896321070234 0.3647701483810839
16.755852842809364 0.3655335407900062
16.82274247491639 0.3662969331989287
16.88963210702341 0.36706032560785096
16.956521739130434 0.3677661720731161
17.023411371237458 0.3683126090203615
17.090301003344482 0.3688590522268926
17.157190635451506 0.3694054954334239
17.224080267558527 0.3699519386399551
17.29096989966555 0.37049838184648637
17.357859531772576 0.3710058544131676
17.424749163879596 0.37131357568392065
17.49163879598662 0.3716212969546738
17.558528428093645 0.37192901822542673
17.62541806020067 0.3722367394961798
17.692307692307693 0.372544460766933
17.759197324414714 0.3728431331080014
17.82608695652174 0.3730031288104799
17.892976588628763 0.3731631245129584
17.959866220735787 0.37332312021543707
18.02675585284281 0.3734831182731148
18.093645484949832 0.3736431198635915
18.160535117056856 0.3738031214540681
18.22742474916388 0.37377284773616193
18.2943143812709 0.37373446268273974
18.361204013377925 0.3736960776293177
18.42809364548495 0.3736576925758956
18.49498327759197 0.3736193075224735
18.561872909698998 0.3735809224690514
18.62876254180602 0.373374548759765
18.695652173913043 0.37314017205770966
18.762541806020067 0.37290579535565416
18.829431438127088 0.3726714186535989
18.896321070234116 0.3724370419515433
18.963210702341136 0.372202665249488
19.03010033444816 0.37178945819831566
19.096989966555185 0.37131826209944035
19.163879598662206 0.3708470660005651
19.23076923076923 0.37037586990168997
19.297658862876254 0.36990467380281467
19.364548494983275 0.36943347770393936
19.431438127090303 0.3688484587680798
19.498327759197323 0.36820295190547775
19.565217391304348 0.3675574450428761
19.632107023411372 0.3669119381802743
19.698996655518393 0.36626643131767245
19.765886287625417 0.3656209244550707
19.83277591973244 0.36483478996184654
19.899665551839462 0.36393405868632284
19.96655518394649 0.3630333274107991
20.03344481605351 0.36213259707003453
20.100334448160535 0.36123186766402865
20.16722408026756 0.3603311382580229
20.23411371237458 0.3593630394908018
20.301003344481607 0.3583122683007238
20.367892976588628 0.357261497110646
20.434782608695652 0.35621072592056796
20.501672240802677 0.3551599547304902
20.568561872909697 0.35410918354041226
20.63545150501672 0.35295449646584687
20.702341137123746 0.35160426622395646
20.769230769230766 0.350254035982066
20.836120401337794 0.34890380574017565
20.903010033444815 0.3475535754982851
20.96989966555184 0.34620334525639473
21.036789297658864 0.3448058747829667
21.103678929765884 0.34326272361873644
21.17056856187291 0.34171957245450574
21.237458193979933 0.34017642129027503
21.304347826086953 0.33863327012604466
21.37123745819398 0.33709011896181407
21.438127090301002 0.3355173151140159
21.505016722408026 0.3337666261917056
21.57190635451505 0.33201593726939543
21.63879598662207 0.3302652483470852
21.7056856187291 0.3285145594247749
21.77257525083612 0.3267638705024648
21.839464882943144 0.3250041960107937
21.906354515050168 0.3230337384763248
21.97324414715719 0.32106328094185627
22.040133779264213 0.31909282396716215
22.107023411371237 0.3171223673656513
22.173913043478258 0.3151519107641402
22.240802675585286 0.31318145416262905
22.307692307692307 0.3110552373214879
22.37458193979933 0.30891885681132164
22.441471571906355 0.3067824763011554
22.508361204013376 0.30464609579098934
22.5752508361204 0.30250971528082327
22.642140468227424 0.3003733347706569
22.709030100334445 0.2979859883256948
22.775919732441473 0.2955496794796926
22.842809364548494 0.2931133706336903
22.909698996655518 0.2906770617876879
22.976588628762542 0.28824075294168566
23.043478260869563 0.28580444444979314
23.11036789297659 0.2832126136035315
23.17725752508361 0.28056464117609614
23.244147157190636 0.2779166687486607
23.31103678929766 0.27526869632122536
23.37792642140468 0.27262072389378994
23.444816053511705 0.2699727514663545
23.51170568561873 0.2672434738547995
23.57859531772575 0.2644669799636419
23.645484949832777 0.2616904860724838
23.712374581939798 0.2589139921813259
23.779264214046822 0.25613749829016785
23.846153846153847 0.25336100439901
23.913043478260867 0.2504693799776748
23.97993311036789 0.24747591555600856
24.046822742474916 0.24448245128367244
24.113712374581937 0.2414889870753352
24.180602006688964 0.23849552286699766
24.247491638795985 0.23550205865866042
24.31438127090301 0.23237683100906698
24.381270903010034 0.2290759647277419
24.448160535117054 0.22577509844641697
24.515050167224082 0.22247423216509157
24.581939799331103 0.21917336588376682
24.648829431438127 0.21587249960244162
24.71571906354515 0.21233859310199135
24.782608695652172 0.20832396111861595
24.849498327759196 0.2043093291352404
24.91638795986622 0.20029469715186485
24.98327759197324 0.19628006516848948
25.05016722408027 0.19226543320314124
25.11705685618729 0.1885756237215536
25.183946488294314 0.18600784959756117
25.25083612040134 0.1834400754735686
25.31772575250836 0.1808723013495764
25.384615384615383 0.178304527225584
25.451505016722408 0.1757367531015916
25.518394648829428 0.17319552555019627
25.585284280936456 0.17084444045238056
25.652173913043477 0.168493355354565
25.7190635451505 0.16614227025674938
25.785953177257525 0.16379118515893373
25.852842809364546 0.1614401000611182
25.919732441471574 0.15910042891784823
25.986622073578594 0.15730971667742516
26.05351170568562 0.15551900443720001
26.120401337792643 0.15372829219702405
26.187290969899664 0.15193757995684826
26.254180602006688 0.15014686771667243
26.321070234113712 0.1483561554764967
26.387959866220736 0.14780122535471527
26.454849498327757 0.14735612912104065
26.52173913043478 0.14691103288736604
26.588628762541806 0.14646593665369143
26.65551839464883 0.1460208404200168
26.72240802675585 0.14557574418634217
26.789297658862875 0.14506431237257048
26.8561872909699 0.14453796082342
26.923076923076923 0.1440116092742694
26.989966555183944 0.14348525772511891
27.05685618729097 0.14295890617613416
27.123745819397993 0.14243255462717874
27.190635451505017 0.1415689986253222
27.25752508361204 0.14057053260986022
27.32441471571906 0.13957206659439825
27.391304347826086 0.1385736005789364
27.45819397993311 0.13757513456347434
27.525083612040135 0.1365766685480122
27.591973244147155 0.13516344081663265
27.65886287625418 0.13348753741696429
27.725752508361204 0.13181163401729612
27.792642140468228 0.13013573061762773
27.85953177257525 0.1284598272179595
27.926421404682273 0.1267839238182913
27.993311036789297 0.12449090428208737
28.06020066889632 0.12160558343662707
28.127090301003342 0.11872026259118075
28.193979933110366 0.11583494174573424
28.26086956521739 0.11294962090028779
28.327759197324415 0.11006430005484127
28.394648829431436 0.10584271876109239
28.46153846153846 0.0996831926970445
28.528428093645484 0.09352366663299651
28.59531772575251 0.08736414056894864
28.662207357859533 0.08120461450490069
28.729096989966553 0.07504508844085306
28.795986622073578 0.06920756248036111
28.862876254180602 0.0640998929377596
28.929765886287626 0.0589922233951581
28.996655518394647 0.05388455385255687
29.06354515050167 0.04877688431003869
29.130434782608695 0.0436692147675249
29.19732441471572 0.03966955562044873
29.26421404682274 0.03998975752205113
29.331103678929765 0.040309959423653605
29.39799331103679 0.04063016132525606
29.464882943143813 0.040950363226858494
29.531772575250834 0.041270565128460925
29.598662207357858 0.0415911933681179
29.665551839464882 0.04191557538242054
29.732441471571907 0.042239957396723225
29.799331103678927 0.04256433941102584
29.86622073578595 0.04288872142532851
29.933110367892976 0.04321310343963116
30.0 0.04353748545393381
