10.0 0.06761467375568976
10.133779264214047 0.06890141797411117
10.267558528428093 0.07018816219253253
10.40133779264214 0.07147490641095386
10.535117056856187 0.07276165062937524
10.668896321070234 0.0740483948477966
10.80267558528428 0.07533513906621793
10.936454849498327 0.07662120354199257
11.070234113712374 0.0779072193684558
11.20401337792642 0.07919326108561654
11.337792642140467 0.08047930280277725
11.471571906354516 0.08176534451993804
11.60535117056856 0.08305138623709879
11.73913043478261 0.08429531422206345
11.872909698996656 0.08552844533533724
12.006688963210703 0.0867615786272427
12.14046822742475 0.08799475331315068
12.274247491638796 0.08922792799905868
12.408026755852843 0.09046110268496667
12.54180602006689 0.09164975283937425
12.675585284280936 0.0928187595359694
12.809364548494983 0.0939877662325646
12.94314381270903 0.09515677292915982
13.076923076923077 0.09632579764470676
13.210702341137123 0.09749483567860935
13.34448160535117 0.0986038737721993
13.478260869565217 0.09967152763140558
13.612040133779264 0.10073918149061187
13.74581939799331 0.10180683534981808
13.879598662207357 0.10287448920902431
14.013377926421406 0.1039421451698525
14.14715719063545 0.10494305362735055
14.280936454849499 0.10587441925194564
14.414715719063544 0.10680578487654072
14.548494983277592 0.10773715050113582
14.682274247491637 0.10866851612573089
14.816053511705686 0.10959988175032596
14.949832775919731 0.11047660982884648
15.08361204013378 0.11126707453416776
15.217391304347826 0.1120575444318073
15.351170568561873 0.11284801432944687
15.48494983277592 0.11363848422708643
15.618729096989966 0.11442895412472597
15.752508361204013 0.11517495239063227
15.88628762541806 0.11580975412291246
16.020066889632105 0.11644455728502683
16.153846153846153 0.11707936854953521
16.287625418060202 0.11771417981404364
16.421404682274247 0.11834899107855205
16.555183946488295 0.11893873752361854
16.68896321070234 0.11932821829594273
16.82274247491639 0.11971769906826697
16.956521739130434 0.12010717984059124
17.090301003344482 0.12049666485717518
17.224080267558527 0.12088615191729149
17.357859531772576 0.12125642519010868
17.49163879598662 0.12141051696211336
17.62541806020067 0.12156460873411803
17.759197324414714 0.12171870050612266
17.892976588628763 0.12187279227812735
18.02675585284281 0.12202688482232919
18.160535117056856 0.12218098045531994
18.2943143812709 0.12210299435042267
18.42809364548495 0.12202016472319961
18.561872909698998 0.12193733509597644
18.695652173913043 0.12185450546875332
18.829431438127088 0.12177167584153019
18.963210702341136 0.12168884621430708
19.096989966555185 0.12135572898996788
19.23076923076923 0.12098769276076653
19.364548494983275 0.12061965653156517
19.498327759197323 0.12025162030236376
19.632107023411372 0.11988358407316232
19.765886287625417 0.11951554784396098
19.899665551839462 0.11892665536741831
20.03344481605351 0.11827382664392926
20.16722408026756 0.11762099883961522
20.301003344481607 0.1169681710353012
20.434782608695652 0.11631534323098718
20.568561872909697 0.11566251542667318
20.702341137123746 0.11482261507080192
20.836120401337794 0.11389202797175672
20.96989966555184 0.1129614408727115
21.103678929765884 0.11203085445710499
21.237458193979933 0.11110026823991609
21.37123745819398 0.11016968202272716
21.505016722408026 0.10907200001910923
21.63879598662207 0.10784900164012183
21.77257525083612 0.10662600326113433
21.906354515050168 0.10540300488214685
22.040133779264213 0.10418000668570966
22.173913043478258 0.1029570089152229
22.307692307692307 0.10160135744471029
22.441471571906355 0.10009574043252155
22.5752508361204 0.09859012342033287
22.709030100334445 0.09708450640814412
22.842809364548494 0.09557888939595542
22.976588628762542 0.09407327238376666
23.11036789297659 0.09247774175456194
23.244147157190636 0.09072738181334866
23.37792642140468 0.08897702187213552
23.51170568561873 0.08722666193092224
23.645484949832777 0.08547630198970901
23.779264214046822 0.0837259420484958
23.913043478260867 0.0818908981684748
24.046822742474916 0.07982135414469227
24.180602006688964 0.0777518102113544
24.31438127090301 0.07568226627801657
24.448160535117054 0.07361272234467883
24.581939799331103 0.071543178411341
24.71571906354515 0.0694599365036031
24.849498327759196 0.06730648306871266
24.98327759197324 0.0651530296338223
25.11705685618729 0.06299957621251627
25.25083612040134 0.060846122793150964
25.384615384615383 0.058692669373785644
25.518394648829428 0.05658837908157153
25.652173913043477 0.05523752344444735
25.785953177257525 0.0538866678073232
25.919732441471574 0.05253581217019902
26.05351170568562 0.051184956533079154
26.187290969899664 0.049834100895965766
26.321070234113712 0.048483245258852316
26.454849498327757 0.0481291202254256
26.588628762541806 0.04781740430221789
26.72240802675585 0.04750568837901017
26.8561872909699 0.04719397245580247
26.989966555183944 0.04688225653259477
27.123745819397993 0.04657054060939522
27.25752508361204 0.04577505436107952
27.391304347826086 0.04489892566195934
27.525083612040135 0.04402279696283918
27.65886287625418 0.04314666826371899
27.792642140468228 0.042270539564598836
27.926421404682273 0.04139441086547864
28.06020066889632 0.03894475893961574
28.193979933110366 0.03598485093278657
28.327759197324415 0.03302494292595733
28.46153846153846 0.03006503491912818
28.59531772575251 0.02710512691229895
28.729096989966553 0.02414521890546977
28.862876254180602 0.022095171080661606
28.996655518394647 0.020528483223076995
29.130434782608695 0.018961795365497115
29.26421404682274 0.01739510750791743
29.39799331103679 0.015828419650337665
29.531772575250834 0.014261731792757961
29.665551839464882 0.01368039705945327
29.799331103678927 0.013902021865259628
29.933110367892976 0.014123646671065984
30.066889632107024 0.014345271476874175
30.20066889632107 0.014566896282684195
30.334448160535118 0.014788521088494218
30.468227424749163 0.015012915940362446
30.60200668896321 0.015240710058824916
30.735785953177256 0.015468504177287398
30.869565217391305 0.015696298295749877
31.00334448160535 0.015924092414212398
31.137123745819398 0.01615188653267706
31.270903010033443 0.016381523135552196
31.40468227424749 0.016614627967728016
31.538461538461537 0.016847732799903845
31.672240802675585 0.01708083763207966
31.80602006688963 0.01731394246425548
31.93979933110368 0.017547047296431303
32.07357859531773 0.017785470724345408
32.20735785953177 0.018040295591142234
32.34113712374582 0.018295120457939056
32.474916387959865 0.01854994532473588
32.60869565217391 0.01880477019153269
32.74247491638796 0.01905959505832953
32.876254180602004 0.019315399157417232
33.01003344481605 0.019577077625636954
33.1438127090301 0.019838756093858174
33.27759197324414 0.020100434562079373
33.4113712374582 0.020362113030300617
33.54515050167224 0.020623791498521813
33.67892976588629 0.02088558864771745
33.812709030100336 0.021150175125872223
33.94648829431438 0.021414761604026968
34.080267558528426 0.021679348082182845
34.214046822742475 0.021943934560339454
34.347826086956516 0.022208521038496045
34.48160535117057 0.02247310751665267
34.61538461538461 0.022737926153039795
34.74916387959866 0.023002759938218584
34.88294314381271 0.023267593723397366
35.01672240802675 0.023532427508576283
35.1505016722408 0.02379726129375627
35.28428093645485 0.024062095078936255
35.41806020066889 0.02434018043287516
35.551839464882946 0.024620851112286728
35.68561872909699 0.024901521791698276
35.819397993311036 0.025182192471109824
35.953177257525084 0.025462863150521375
36.086956521739125 0.025743533829933805
36.22073578595318 0.026027338903386283
36.35451505016722 0.02631227588564555
36.48829431438127 0.026597212867904847
36.62207357859532 0.026882149850164124
36.75585284280936 0.0271670868324234
36.88963210702341 0.02745202381468269
37.02341137123746 0.027725916682417615
37.1571906354515 0.027993395912388405
37.290969899665555 0.028260875142359233
37.424749163879596 0.028528354372330037
37.558528428093645 0.02879583360230084
37.69230769230769 0.029063312832271645
37.826086956521735 0.029337776622331425
37.95986622073578 0.029618418683269306
38.09364548494983 0.02989906074420797
38.22742474916387 0.03017970280514693
38.36120401337793 0.030460344866085936
38.49498327759197 0.03074098692702492
38.62876254180602 0.031016693814396246
38.76254180602007 0.03128582018341143
38.89632107023411 0.03155494655242656
39.030100334448164 0.03182407292144196
39.163879598662206 0.03209319929045803
39.297658862876254 0.032362325659474195
39.4314381270903 0.03262514956023783
39.565217391304344 0.03287497245582866
39.69899665551839 0.03312479535141953
39.83277591973244 0.03337461824701039
39.96655518394648 0.03362444114260124
40.10033444816054 0.03387426403819277
40.23411371237458 0.03412077431717552
40.36789297658863 0.03435584181366636
40.50167224080268 0.03459090931015719
40.63545150501672 0.034825976806648
40.76923076923077 0.03506104430313884
40.903010033444815 0.03529611179962967
41.036789297658856 0.035528431579424834
41.17056856187291 0.03574105687323513
41.30434782608695 0.035953682167045406
41.438127090301 0.03616630746085569
41.57190635451505 0.036378932754665985
41.70568561872909 0.03659155804847622
41.83946488294315 0.0368034442983894
41.97324414715719 0.03697991859384536
42.10702341137124 0.03715639288930177
42.240802675585286 0.037332867184758305
42.37458193979933 0.03750934148021483
42.508361204013376 0.03768581577567139
42.642140468227424 0.037862290071127944
42.77591973244147 0.038001304318185256
42.909698996655514 0.03813698918969719
43.04347826086956 0.038272674061209364
43.17725752508361 0.03840835893272204
43.31103678929766 0.03854404380423468
43.4448160535117 0.03867972867574735
43.57859531772575 0.038764523249661155
43.7123745819398 0.03883786622509962
43.84615384615385 0.03891120920053807
43.97993311036789 0.03898455217597652
44.11371237458194 0.03905789515141557
44.247491638795985 0.0391312381268547
44.381270903010034 0.039154348172253654
44.51505016722408 0.03915736819962075
44.64882943143812 0.03916038822698786
44.78260869565217 0.03916340825435497
44.91638795986622 0.03916642828172204
45.05016722408027 0.039169448309089354
45.18394648829431 0.039112916496213165
45.31772575250836 0.03901866948727732
45.45150501672241 0.03892442247834149
45.585284280936456 0.03883017546940566
45.7190635451505 0.03873592846046984
45.852842809364546 0.03864168145153399
45.986622073578594 0.038479886612005326
46.12040133779264 0.03825324070876282
46.254180602006684 0.038026594805520404
46.38795986622073 0.03779994890227793
46.52173913043478 0.03757330299903548
46.65551839464883 0.03734665709579305
46.78929765886287 0.03704162449307412
46.92307692307692 0.03662294481291276
47.05685618729097 0.036204265132751635
47.19063545150502 0.035785585452590876
47.324414715719065 0.03536690577243011
47.45819397993311 0.03494822609226933
47.591973244147155 0.03444453154905826
47.725752508361204 0.0337481394174672
47.85953177257525 0.03305174728587612
47.993311036789294 0.0323553551542851
48.12709030100334 0.03165896302269439
48.26086956521739 0.03096257089110373
48.39464882943144 0.030163079061169145
48.52842809364548 0.028961441757078467
48.66220735785953 0.02775980445298771
48.79598662207358 0.02655816714889696
48.929765886287626 0.02535652984480619
49.06354515050167 0.024154892540715678
49.197324414715716 0.0226912013881
49.331103678929765 0.01892208889228101
49.46488294314381 0.015152976396462023
49.598662207357854 0.011383863900643235
49.7324414715719 0.007614751404824247
49.86622073578595 0.0038456389090052593
50.0 7.65264131862725e-05
