10.0 0.025867621961999997
10.234113712374581 0.026672178480298996
10.468227424749164 0.02747673499859798
10.702341137123746 0.028281291516896984
10.936454849498327 0.029109851396332587
11.17056856187291 0.02993890611491574
11.404682274247492 0.030767960833498885
11.638795986622073 0.03162344372129578
11.872909698996656 0.03248043772005232
12.107023411371237 0.03333743171880886
12.34113712374582 0.03421706396256423
12.575250836120402 0.03509815650582067
12.809364548494983 0.035979249049077074
13.043478260869566 0.03688949981340664
13.277591973244148 0.03780357791428406
13.511705685618729 0.038717656015161486
13.745819397993312 0.03961737530891681
13.979933110367893 0.04051548152184912
14.214046822742475 0.0414135877347814
14.448160535117058 0.04233487558621576
14.68227424749164 0.04326167283299347
14.91638795986622 0.04418847007977117
15.150501672240804 0.04508897201748825
15.384615384615385 0.04598514371723382
15.618729096989966 0.046881315416979395
15.85284280936455 0.04778079952013205
16.086956521739133 0.04868487956038269
16.321070234113712 0.04958895960063327
16.555183946488295 0.0504608191517904
16.78929765886288 0.05132551784663959
17.023411371237458 0.05219021654148878
17.25752508361204 0.05303893998370504
17.491638795986624 0.05388854726590094
17.725752508361204 0.05473815454809685
17.959866220735787 0.055567440032564565
18.19397993311037 0.05639091897023749
18.42809364548495 0.05721439790791039
18.662207357859533 0.05799845181542281
18.896321070234116 0.05877586595039883
19.130434782608695 0.05955328008537482
19.36454849498328 0.060293676715810894
19.59866220735786 0.06102088879456477
19.83277591973244 0.06174810087331865
20.066889632107024 0.06242054575898137
20.301003344481607 0.06307820201191626
20.535117056856187 0.06373585826485105
20.76923076923077 0.06436310916675465
21.003344481605353 0.06497714051285387
21.237458193979933 0.0655911718589531
21.471571906354516 0.0661380666319432
21.7056856187291 0.06665962575213641
21.93979933110368 0.06718118487232967
22.17391304347826 0.06765146531078362
22.408026755852845 0.0680949240806357
22.642140468227424 0.06853838285048776
22.876254180602007 0.06892006563456579
23.11036789297659 0.06927217810995648
23.34448160535117 0.06962429058534718
23.578595317725753 0.06992640742415647
23.812709030100336 0.07019738137192034
24.046822742474916 0.0704683553196842
24.2809364548495 0.0706721171875282
24.515050167224082 0.07083442072974838
24.74916387959866 0.07099680973194933
24.983277591973245 0.0710992689153066
25.217391304347828 0.07115757302870471
25.451505016722408 0.07121587714210272
25.68561872909699 0.07121256528688266
25.919732441471574 0.07116108248277789
26.153846153846153 0.07110975676813557
26.387959866220736 0.07099413025782986
26.62207357859532 0.07082269192809162
26.8561872909699 0.07065125359835342
27.090301003344482 0.07042068211001631
27.324414715719065 0.07013523366724292
27.558528428093645 0.06985001122295284
27.792642140468228 0.06949217920869386
28.02675585284281 0.0690602528551581
28.26086956521739 0.06862832650162229
28.494983277591974 0.06813514394412609
28.729096989966557 0.06757413433449314
28.963210702341136 0.06701309934016023
29.19732441471572 0.06641261695106818
29.431438127090303 0.06576479694687329
29.665551839464882 0.06511697694267846
29.899665551839465 0.06440345113375112
30.13377926421405 0.0636043704460615
30.367892976588628 0.06280530158746908
30.60200668896321 0.06193745775001147
30.836120401337794 0.06097232334408256
31.070234113712374 0.0600071889381537
31.304347826086957 0.0590467402071884
31.53846153846154 0.05809381037293759
31.77257525083612 0.05714123132924313
32.006688963210706 0.056207078584388954
32.240802675585286 0.05530380125889252
32.474916387959865 0.05440052393339607
32.709030100334445 0.05353822217978184
32.94314381270903 0.052751318024796434
33.17725752508362 0.05196523104915788
33.4113712374582 0.051175093063663975
33.64548494983278 0.05037685357754517
33.87959866220736 0.04957861409142638
34.11371237458194 0.04872496589085625
34.34782608695652 0.047750050168702894
34.58193979933111 0.04677586662473897
34.81605351170569 0.04571482468852833
35.05016722408027 0.04444414508955006
35.28428093645485 0.04317346549057176
35.51839464882943 0.04163110559576253
35.752508361204015 0.03936445632333339
35.9866220735786 0.03709915169024101
36.22073578595318 0.03516042768391008
36.45484949832776 0.03418846630402725
36.68896321070234 0.033216504924144394
36.92307692307692 0.03218315824665548
37.15719063545151 0.030947090771244266
37.39130434782609 0.029713059832173733
37.62541806020067 0.02857663586138376
37.85953177257525 0.027802774522282317
38.09364548494983 0.027028913183180885
38.32775919732441 0.026271056141690435
38.561872909699 0.02558058880361242
38.795986622073585 0.0248924697453993
39.030100334448164 0.02425274261003749
39.264214046822744 0.02384596032921354
39.49832775919732 0.023439178048389603
39.7324414715719 0.023088986371598414
39.96655518394649 0.023055705268157804
40.200668896321076 0.023024050582927637
40.434782608695656 0.022971640058161352
40.668896321070235 0.022780130546025464
40.903010033444815 0.02258862103388958
41.137123745819395 0.02237323127079437
41.37123745819398 0.021966808679883203
41.60535117056857 0.021560434954189914
41.83946488294315 0.021118106468015416
42.07357859531773 0.02031610569967736
42.30769230769231 0.019514104931339305
42.54180602006689 0.018619833341071056
42.77591973244147 0.016513058564327287
43.01003344481605 0.014406299029879784
43.24414715719064 0.012360817955673446
43.47826086956522 0.011466888158983335
43.7123745819398 0.01057295836229323
43.946488294314385 0.009711195073100086
44.180602006688964 0.009878170918063377
44.414715719063544 0.010045165530108615
44.64882943143813 0.01021227668326475
44.88294314381271 0.01038929073320464
45.11705685618729 0.010566304783144529
45.35117056856188 0.010743318833084419
45.585284280936456 0.0109253177126443
45.819397993311036 0.011107394073876314
46.05351170568562 0.011289502978773278
46.2876254180602 0.0114674733073967
46.52173913043478 0.011645314231450671
46.75585284280937 0.011823155155504656
46.98996655518395 0.012002533331193934
47.22408026755853 0.012182020700017419
47.458193979933114 0.012361559649760646
47.69230769230769 0.012554867666792313
47.92642140468227 0.012749223502229817
48.16053511705686 0.012943579337667328
48.39464882943144 0.013132068500496313
48.62876254180602 0.013319996245071
48.862876254180605 0.013508002013309303
49.096989966555185 0.013690686675239318
49.331103678929765 0.013872706166918356
49.56521739130435 0.0140547256585974
49.79933110367893 0.01424323679915548
50.03344481605351 0.014432737870632475
50.2675585284281 0.014622290663978538
50.50167224080268 0.014803943488430917
50.735785953177256 0.014984185618355794
50.96989966555184 0.015164427748280671
51.20401337792642 0.015361401844902232
51.438127090301 0.015561844658741088
51.67224080267559 0.015762287474457296
51.90635451505017 0.015940375582541105
52.14046822742475 0.016113154698659704
52.374581939799334 0.0162859338147783
52.608695652173914 0.016465255610455417
52.84280936454849 0.016646338787643825
53.07692307692308 0.016827421966039844
53.31103678929766 0.017009839640645143
53.54515050167224 0.017192661145634797
53.779264214046826 0.017375482650624455
54.013377926421406 0.017532309536367863
54.247491638795985 0.01768035521893522
54.48160535117057 0.017828400902307823
54.71571906354515 0.01798616395241365
54.94983277591973 0.018147570658293935
55.18394648829432 0.018308977364174226
55.4180602006689 0.018463732397470744
55.652173913043484 0.018615731468032568
55.88628762541806 0.018767730539556948
56.12040133779264 0.01889209822395299
56.35451505016723 0.01900386823561407
56.58862876254181 0.019115638247275142
56.82274247491639 0.019227152206104096
57.056856187290975 0.019338538130313977
57.290969899665555 0.01944992405510197
57.525083612040135 0.01954928504831708
57.75919732441472 0.01964206958411078
57.9933110367893 0.019734854119904475
58.22742474916388 0.019795712139707017
58.46153846153847 0.019837516571353603
58.69565217391305 0.019879321003450037
58.929765886287626 0.01990550349548565
59.16387959866221 0.019921531506018768
59.39799331103679 0.019937559516551875
59.63210702341137 0.019922378198780944
59.86622073578596 0.019885134918291178
60.10033444816054 0.019847891638294236
60.33444816053512 0.019763332935870695
60.568561872909704 0.019642442875469058
60.802675585284284 0.019521552815067428
61.03678929765886 0.019334386721357694
61.27090301003345 0.01909199146489248
61.50501672240803 0.018849596208673533
61.73913043478261 0.018442043812427845
61.973244147157196 0.017885218902433726
62.207357859531776 0.01732839399243961
62.441471571906355 0.016794049507156312
62.67558528428094 0.01628173496352446
62.90969899665552 0.015769420420012687
63.1438127090301 0.015555979169698713
63.37792642140469 0.01566007433702897
63.61204013377927 0.015764169504359236
63.84615384615385 0.01584957171186964
64.08026755852843 0.01591343776087558
64.31438127090301 0.015977303809982066
64.54849498327759 0.016038564707294405
64.78260869565219 0.016096569414326654
65.01672240802677 0.016154574121358893
65.25083612040135 0.016214006271728622
65.48494983277592 0.016275375830887506
65.7190635451505 0.016336745390056955
65.95317725752508 0.01638314703407851
66.18729096989966 0.01640746938050237
66.42140468227424 0.016431791726926246
66.65551839464882 0.016446169633187534
66.88963210702342 0.016444583105843468
67.123745819398 0.016442996578499413
67.35785953177258 0.016436513488289513
67.59197324414717 0.016421460980836987
67.82608695652175 0.016406408473384454
68.06020066889633 0.016378701225691513
68.29431438127091 0.016326800166386282
68.52842809364549 0.016274899107081044
68.76254180602007 0.01621399645273894
68.99665551839465 0.0161342462243554
69.23076923076923 0.01605449599597187
69.4648829431438 0.015958339210329103
69.6989966555184 0.01582444688046186
69.93311036789298 0.015690554550594607
70.16722408026756 0.015544302859170397
70.40133779264215 0.015366711424358567
70.63545150501673 0.015189119989546761
70.86956521739131 0.01499335091760477
71.10367892976589 0.014746545543389292
71.33779264214047 0.014499740169173827
71.57190635451505 0.014233820957580863
71.80602006688963 0.013908173108147494
72.04013377926421 0.013582525258714126
72.27424749163879 0.013230828706178985
72.50836120401338 0.012787966699506624
72.74247491638796 0.012345104692834282
72.97658862876254 0.011867826474501287
73.21070234113714 0.011254614770164992
73.44481605351172 0.010641403065828737
73.6789297658863 0.009970314323692919
73.91304347826087 0.00903880610307579
74.14715719063545 0.008107297882458654
74.38127090301003 0.006934305041827854
74.61538461538461 0.004508782239529024
74.8494983277592 0.0020832594372300413
75.08361204013379 6.626373808230253e-07
75.31772575250837 4.791549179229535e-07
75.55183946488295 2.956724550228816e-07
75.78595317725753 1.3337337889865008e-07
76.0200668896321 1.2467914340233085e-07
76.2541806020067 1.1598490790601095e-07
76.48829431438128 1.0794979060296132e-07
76.72240802675586 1.0578180089375721e-07
76.95652173913044 1.0361381118455313e-07
77.19063545150502 1.0155733426349328e-07
77.4247491638796 1.0076892311499383e-07
77.65886287625419 9.998051196649438e-08
77.89297658862877 9.921897550209294e-08
78.12709030100335 9.887406294424928e-08
78.36120401337793 9.852915038640565e-08
78.59531772575251 9.818865180315019e-08
78.82943143812709 9.795278891744184e-08
79.06354515050168 9.771692603173346e-08
79.29765886287626 9.748150128830909e-08
79.53177257525084 9.726732968850608e-08
79.76588628762542 9.705315808870303e-08
80.0 9.683898648889999e-08
