10.0 0.030670712728364993
10.133779264214047 0.03127282038544398
10.267558528428093 0.03187492804252293
10.40133779264214 0.03247703569960192
10.535117056856187 0.03307800569126717
10.668896321070234 0.033678952229492715
10.80267558528428 0.03427989876771825
10.936454849498327 0.03491861235111879
11.070234113712374 0.03555906305144886
11.20401337792642 0.03619952438991931
11.337792642140467 0.03682963484261869
11.471571906354516 0.03745907760251207
11.60535117056856 0.03808852036240545
11.73913043478261 0.03872740955978055
11.872909698996656 0.03936719143327664
12.006688963210703 0.04000697456226036
12.14046822742475 0.04068012075601981
12.274247491638796 0.04135701230555087
12.408026755852843 0.042033903855081926
12.54180602006689 0.042667047259332014
12.675585284280936 0.04329475521067305
12.809364548494983 0.04392246316201409
12.94314381270903 0.044599756966162606
13.076923076923077 0.045285230146175665
13.210702341137123 0.045970713464302565
13.34448160535117 0.046683100156432365
13.478260869565217 0.04740119839869451
13.612040133779264 0.04811929664095667
13.74581939799331 0.04880151339143565
13.879598662207357 0.049475757933991234
14.013377926421406 0.050150004918533504
14.14715719063545 0.05084206456333755
14.280936454849499 0.05153981041916267
14.414715719063544 0.05223755627498778
14.548494983277592 0.052938102374957476
14.682274247491637 0.053639448390904475
14.816053511705686 0.05434079440685151
14.949832775919731 0.055045778920279995
15.08361204013378 0.055753909054898125
15.217391304347826 0.056462047740348964
15.351170568561873 0.05717200378024614
15.48494983277592 0.057882607215689746
15.618729096989966 0.058593210651133376
15.752508361204013 0.059291464525422
15.88628762541806 0.05998631838090148
16.020066889632105 0.06068117536110245
16.153846153846153 0.061376997755117665
16.287625418060202 0.06207323225313242
16.421404682274247 0.06276946675114715
16.555183946488295 0.06347310719138018
16.68896321070234 0.06418371373191446
16.82274247491639 0.06489432027244876
16.956521739130434 0.06557538522793982
17.090301003344482 0.06624100861207691
17.224080267558527 0.06690663804080485
17.357859531772576 0.06759410141676273
17.49163879598662 0.06829652649033946
17.62541806020067 0.06899895156391615
17.759197324414714 0.06969458748125472
17.892976588628763 0.07038599377759197
18.02675585284281 0.07107740325717951
18.160535117056856 0.07175541136956731
18.2943143812709 0.0724288238596515
18.42809364548495 0.07310233024809996
18.561872909698998 0.07375942671919901
18.695652173913043 0.07440443111158689
18.829431438127088 0.07504943550397468
18.963210702341136 0.07566567549997308
19.096989966555185 0.0762618345445737
19.23076923076923 0.07685840477783226
19.364548494983275 0.07748264234319804
19.498327759197323 0.0781308935749603
19.632107023411372 0.07877914480672256
19.765886287625417 0.07941162765960968
19.899665551839462 0.08003212929533497
20.03344481605351 0.08065346130962738
20.16722408026756 0.08126957554168161
20.301003344481607 0.08188035787002063
20.434782608695652 0.08249114019835957
20.568561872909697 0.08305144896348508
20.702341137123746 0.08355830846032723
20.836120401337794 0.08406632799552703
20.96989966555184 0.0846105998530899
21.103678929765884 0.08519837906638585
21.237458193979933 0.08578615995229368
21.37123745819398 0.08635002380323148
21.505016722408026 0.08688452117015315
21.63879598662207 0.08742035350742614
21.77257525083612 0.08794410596692438
21.906354515050168 0.0884507707228559
22.040133779264213 0.08895743720814404
22.173913043478258 0.089457228797027
22.307692307692307 0.08994795199686506
22.441471571906355 0.09044038664389618
22.5752508361204 0.09089189245583189
22.709030100334445 0.0912748203451957
22.842809364548494 0.09165774823455955
22.976588628762542 0.0920715593400355
23.11036789297659 0.09254261372766262
23.244147157190636 0.09301499991496431
23.37792642140468 0.09345514942607212
23.51170568561873 0.09383083281332655
23.645484949832777 0.09420651620058094
23.779264214046822 0.09455840851857335
23.913043478260867 0.09485864333564031
24.046822742474916 0.09516032644285449
24.180602006688964 0.09547670411522402
24.31438127090301 0.09582854077218797
24.448160535117054 0.096180377429152
24.581939799331103 0.09651436692201187
24.71571906354515 0.09680101130204294
24.849498327759196 0.09708888160855692
24.98327759197324 0.09735807010329595
25.11705685618729 0.09757197358718188
25.25083612040134 0.0977858774017509
25.384615384615383 0.09800057167698344
25.518394648829428 0.09821790222939585
25.652173913043477 0.0984355976972621
25.785953177257525 0.09862926732547231
25.919732441471574 0.09873368118507368
26.05351170568562 0.09883809581647367
26.187290969899664 0.09894937403450907
26.321070234113712 0.09908955203662674
26.454849498327757 0.09923019205332993
26.588628762541806 0.09936624774282778
26.72240802675585 0.09948009196586322
26.8561872909699 0.09959393618889874
26.989966555183944 0.09969326949020525
27.123745819397993 0.09971132858869258
27.25752508361204 0.09972967440071398
27.391304347826086 0.0997447210951571
27.525083612040135 0.09973762298608396
27.65886287625418 0.0997305248770108
27.792642140468228 0.09971183198834763
27.926421404682273 0.09960036525985574
28.06020066889632 0.09948888488720868
28.193979933110366 0.09937899781843004
28.327759197324415 0.0992850867569732
28.46153846153846 0.09919117569551647
28.59531772575251 0.099090517776586
28.729096989966553 0.0989011726063172
28.862876254180602 0.09871173250117074
28.996655518394647 0.09852290686345756
29.130434782608695 0.09834658395193384
29.26421404682274 0.09817026105616065
29.39799331103679 0.0979905469483387
29.531772575250834 0.09770229732190966
29.665551839464882 0.0974138463263839
29.799331103678927 0.09712452387297799
29.933110367892976 0.09676586935818583
30.066889632107024 0.09640721505942218
30.20066889632107 0.09604856097668714
30.334448160535118 0.09570710052934801
30.468227424749163 0.09536576765148276
30.60200668896321 0.09502437605528413
30.735785953177256 0.09461110766345135
30.869565217391305 0.09419559346804654
31.00334448160535 0.09378007928131116
31.137123745819398 0.09333516014603252
31.270903010033443 0.09288865519976124
31.40468227424749 0.09244210894258342
31.538461538461537 0.09191846388516492
31.672240802675585 0.091388953558401
31.80602006688963 0.09085944323163707
31.93979933110368 0.09028627257639417
32.07357859531773 0.08970874059487104
32.20735785953177 0.0891312205565437
32.34113712374582 0.08848441431136018
32.474916387959865 0.08782894874692677
32.60869565217391 0.08717348318249328
32.74247491638796 0.08649555239226642
32.876254180602004 0.08581425375101145
33.01003344481605 0.08513311992202584
33.1438127090301 0.08444361303261323
33.27759197324414 0.08375261118128921
33.4113712374582 0.08306160932996512
33.54515050167224 0.08228284190822323
33.67892976588629 0.08148589522998481
33.812709030100336 0.08068924846204524
33.94648829431438 0.07987864105069381
34.080267558528426 0.07906471869486348
34.214046822742475 0.0782507964023242
34.347826086956516 0.07740858111665908
34.48160535117057 0.07655874993202362
34.61538461538461 0.07570922864967668
34.74916387959866 0.07479330828135018
34.88294314381271 0.07385729124733217
35.01672240802675 0.07292127422575051
35.1505016722408 0.0719455287557236
35.28428093645485 0.07095635885227061
35.41806020066889 0.06996758251335251
35.551839464882946 0.06898186612517869
35.68561872909699 0.06799726861663064
35.819397993311036 0.06701267110808239
35.953177257525084 0.06595953154876087
36.086956521739125 0.0648779917843528
36.22073578595318 0.06379696136072746
36.35451505016722 0.0626900684887516
36.48829431438127 0.06157129999029512
36.62207357859532 0.06045253149183862
36.75585284280936 0.059285595340863716
36.88963210702341 0.058094572663129625
37.02341137123746 0.05690410670513063
37.1571906354515 0.055546022278109536
37.290969899665555 0.05409608589007553
37.424749163879596 0.05264614950204166
37.558528428093645 0.05139744116074827
37.69230769230769 0.05026883020987925
37.826086956521735 0.049140646609004225
37.95986622073578 0.04815234312008226
38.09364548494983 0.047254722015134795
38.22742474916387 0.046357100910273
38.36120401337793 0.045481098586596644
38.49498327759197 0.04462037931329294
38.62876254180602 0.0437600483215985
38.76254180602007 0.04295981343136687
38.89632107023411 0.04220532804587845
39.030100334448164 0.041450842660391965
39.163879598662206 0.04079028729946281
39.297658862876254 0.040208009104406854
39.4314381270903 0.0396260868845874
39.565217391304344 0.03925502100851817
39.69899665551839 0.03907387598970032
39.83277591973244 0.03889273097088245
39.96655518394648 0.03874624984427219
40.10033444816054 0.03863373943463884
40.23411371237458 0.03852135968696538
40.36789297658863 0.038374374115425575
40.50167224080268 0.0381901406386669
40.63545150501672 0.03800590716190821
40.76923076923077 0.03776225947552705
40.903010033444815 0.03745015774125619
41.036789297658856 0.03713805584559603
41.17056856187291 0.03675731418841563
41.30434782608695 0.036290777161296056
41.438127090301 0.035824240134176455
41.57190635451505 0.03529093232551467
41.70568561872909 0.034667011229209586
41.83946488294315 0.03404309014057047
41.97324414715719 0.03330464343597045
42.10702341137124 0.032397280969982324
42.240802675585286 0.031489918503995074
42.37458193979933 0.03041590558574049
42.508361204013376 0.029074394478584217
42.642140468227424 0.02773288337142795
42.77591973244147 0.026026638138923492
42.909698996655514 0.023682148268625403
43.04347826086956 0.021337658398329247
43.17725752508361 0.018730388068934425
43.31103678929766 0.015620795477556947
43.4448160535117 0.012511202886179629
43.57859531772575 0.010444805577666244
43.7123745819398 0.010562320536933168
43.84615384615385 0.0106798354962001
43.97993311036789 0.010794719481203916
44.11371237458194 0.010903553069017984
44.247491638795985 0.011012386656832596
44.381270903010034 0.011125144577693253
44.51505016722408 0.011247828066250276
44.64882943143812 0.011370511554807294
44.78260869565217 0.011490716918467427
44.91638795986622 0.011603965744775796
45.05016722408027 0.011717214571086003
45.18394648829431 0.01183062565468303
45.31772575250836 0.011944517615030174
45.45150501672241 0.012058409575377316
45.585284280936456 0.012176871111557033
45.7190635451505 0.012311329237792582
45.852842809364546 0.012445787364028132
45.986622073578594 0.012578490232699222
46.12040133779264 0.012704223405585566
46.254180602006684 0.012829956578472261
46.38795986622073 0.012954893833072911
46.52173913043478 0.01307624880084465
46.65551839464883 0.013197603768616385
46.78929765886287 0.013319105052227682
46.92307692307692 0.013441323406928041
47.05685618729097 0.01356354176162995
47.19063545150502 0.01368693818443765
47.324414715719065 0.01381748840920385
47.45819397993311 0.013948038633970046
47.591973244147155 0.014079397248329182
47.725752508361204 0.014216567073776476
47.85953177257525 0.014353736899223755
47.993311036789294 0.014490491505481767
48.12709030100334 0.014623550046321463
48.26086956521739 0.014756608587161319
48.39464882943144 0.014890423917696453
48.52842809364548 0.01503279161858752
48.66220735785953 0.015175159319478595
48.79598662207358 0.015316461056071772
48.929765886287626 0.015441237716187056
49.06354515050167 0.01556601437630366
49.197324414715716 0.015691551512356215
49.331103678929765 0.015835086233399107
49.46488294314381 0.01597862095444198
49.598662207357854 0.016122077032214834
49.7324414715719 0.01626171832932438
49.86622073578595 0.01640135962643393
50.0 0.016541000923543485
