10.0 0.009325132003110007
10.635451505016722 0.010220088152707753
11.270903010033445 0.011115051626412192
11.906354515050168 0.012010024956013294
12.54180602006689 0.012983688043905197
13.177257525083611 0.013958982269469797
13.812709030100335 0.014934291980611768
14.448160535117058 0.01594870107250653
15.08361204013378 0.016964764831094416
15.719063545150501 0.01798084719912949
16.354515050167223 0.018986188660099317
16.989966555183948 0.01999084582722049
17.62541806020067 0.020995521735644257
18.26086956521739 0.02194404734277405
18.896321070234116 0.022887646162350297
19.531772575250837 0.023831257932807097
20.16722408026756 0.02468482057253061
20.80267558528428 0.025528274252960417
21.438127090301002 0.026371735167862956
22.073578595317727 0.02705797906430978
22.70903010033445 0.027722545087001303
23.34448160535117 0.028387114517672084
23.979933110367895 0.028856239297030243
24.615384615384617 0.029293178931499422
25.25083612040134 0.029730120215380112
25.88628762541806 0.029941339279246734
26.52173913043478 0.03010904512391129
27.157190635451506 0.030276751962516227
27.792642140468228 0.030184748448672603
28.42809364548495 0.030035030451885925
29.063545150501675 0.029885312998200277
29.698996655518396 0.029468503045542337
30.334448160535118 0.02898407431357302
30.96989966555184 0.02849964587024174
31.60535117056856 0.027738768306974842
32.240802675585286 0.026898906123407732
32.876254180602004 0.026059044196643826
33.51170568561873 0.02496375963920266
34.147157190635454 0.02378674199533518
34.78260869565217 0.02260972452695509
35.4180602006689 0.021179367193326977
36.05351170568562 0.019658782873261397
36.68896321070234 0.01813819861768702
37.324414715719065 0.016590836691367895
37.95986622073579 0.015032914305321166
38.59531772575251 0.01347499191965118
39.23076923076923 0.012659091030621794
39.86622073578596 0.012165811097359352
40.50167224080268 0.011672531164100481
41.137123745819395 0.01084237708848408
41.77257525083612 0.00985132871850628
42.408026755852845 0.008860280348530588
43.04347826086956 0.007413649645050353
43.67892976588629 0.005728718704162587
44.31438127090301 0.004043787763275902
44.94983277591973 0.0035435143698166866
45.585284280936456 0.003720167220996099
46.22073578595318 0.003896820072176496
46.8561872909699 0.004080081660094763
47.491638795986624 0.004267460262827721
48.12709030100335 0.004454838865561408
48.76254180602007 0.004648466015944855
49.39799331103679 0.00484632951456543
50.03344481605351 0.005044193013186748
50.668896321070235 0.005248301785719706
51.30434782608696 0.005457012330045019
51.93979933110368 0.005665722874370891
52.575250836120404 0.005879370493591282
53.21070234113712 0.006096967716787031
53.84615384615385 0.006314564939983123
54.48160535117057 0.0065333413908116155
55.11705685618729 0.006753141295411271
55.752508361204015 0.006972941200011589
56.38795986622074 0.007188645492794708
57.02341137123746 0.007400494996427087
57.65886287625418 0.0076123445000602
58.29431438127091 0.007819846864134752
58.929765886287626 0.008022913315101653
59.56521739130435 0.008225979766068986
60.20066889632107 0.008415598775345527
60.836120401337794 0.008590339754544147
61.47157190635452 0.008765080733743179
62.10702341137124 0.008925575319153476
62.74247491638796 0.00906897442930626
63.37792642140468 0.009212373539459412
64.01337792642141 0.009336691111698563
64.64882943143813 0.00943615890385426
65.28428093645485 0.009535626696010154
65.91973244147158 0.00960248268175245
66.5551839464883 0.009623203592890822
67.19063545150502 0.0096439245040294
67.82608695652175 0.009618971230114674
68.46153846153847 0.009523748856375488
69.09698996655518 0.009428526482636472
69.73244147157192 0.009260131196766077
70.36789297658862 0.008969121425557107
71.00334448160535 0.008678111654348298
71.63879598662209 0.008255008010772611
72.27424749163879 0.0075903636382286775
72.90969899665552 0.006925719265684919
73.54515050167224 0.0057671707165608994
74.18060200668897 0.003620837131384984
74.81605351170569 0.0014745035462092962
75.45150501672241 2.2203994297229122e-07
76.08695652173913 1.7049573475536054e-07
76.72240802675586 1.18951526803958e-07
77.35785953177258 8.035352648614145e-08
77.9933110367893 7.300566416073818e-08
78.62876254180603 6.565780203955305e-08
79.26421404682274 5.936414357171462e-08
79.89966555183946 5.588171502359508e-08
80.5351170568562 5.239928667080174e-08
81.17056856187291 4.924333666312387e-08
81.80602006688963 4.705375429996274e-08
82.44147157190636 4.4864172077414694e-08
83.07692307692308 4.282877450607125e-08
83.7123745819398 4.130284337209517e-08
84.34782608695653 3.977691231388083e-08
84.98327759197325 3.832462389708977e-08
85.61872909698997 3.714585271599215e-08
86.2541806020067 3.5967081600488996e-08
86.88963210702342 3.483492715668439e-08
87.52508361204013 3.3899059599097285e-08
88.16053511705685 3.296319210146514e-08
88.79598662207358 3.20548561750651e-08
89.4314381270903 3.127932107394956e-08
90.06688963210702 3.05037860189637e-08
90.70234113712375 2.9746062662387117e-08
91.33779264214047 2.9088083363317196e-08
91.97324414715719 2.843010411824458e-08
92.60869565217392 2.778365986619525e-08
93.24414715719064 2.721352097105281e-08
93.87959866220736 2.6643382160693186e-08
94.51505016722409 2.6080823357562852e-08
95.15050167224081 2.5578899810506803e-08
95.78595317725753 2.507697634992517e-08
96.42140468227424 2.4580759687488167e-08
97.05685618729098 2.4141614574447324e-08
97.6923076923077 2.3702469549839573e-08
98.32775919732441 2.326607749436723e-08
98.96321070234114 2.2865868293559288e-08
99.59866220735786 2.2465659160030743e-08
100.23411371237458 2.2067225638420115e-08
100.86956521739131 2.1702150987719e-08
101.50501672240803 2.1337076405533877e-08
102.14046822742475 2.0973117582132468e-08
102.77591973244148 2.0644839032507866e-08
103.4113712374582 2.0316560544975322e-08
104.04682274247492 1.9988506406324268e-08
104.68227424749165 1.9682421007285217e-08
105.31772575250837 1.9376335654133464e-08
105.95317725752508 1.9070250346868993e-08
106.58862876254182 1.8783399713466064e-08
107.22408026755853 1.8496745506999258e-08
107.85953177257525 1.8210091351317977e-08
108.49498327759197 1.795673035171824e-08
109.1304347826087 1.770441045434151e-08
109.76588628762542 1.745209060297082e-08
110.40133779264214 1.721117399802606e-08
111.03678929765887 1.6970864372387007e-08
111.67224080267559 1.6730554789142526e-08
112.3076923076923 1.6499996042584076e-08
112.94314381270904 1.627017972937952e-08
113.57859531772576 1.6040363451456094e-08
114.21404682274247 1.5825954329994266e-08
114.8494983277592 1.561308701648236e-08
115.48494983277592 1.54002197279648e-08
116.12040133779264 1.520215704283138e-08
116.75585284280936 1.5005946285012652e-08
117.3913043478261 1.4809735528713277e-08
118.02675585284281 1.4622189006253336e-08
118.66220735785953 1.4435951388447146e-08
119.29765886287626 1.4249713789341214e-08
119.93311036789298 1.4074665067875567e-08
120.5685618729097 1.3901613409115977e-08
121.20401337792643 1.3728561761332598e-08
121.83946488294315 1.3561597128695984e-08
122.47491638795987 1.3395894030240189e-08
123.1103678929766 1.3230190944240234e-08
123.74581939799332 1.307167344292966e-08
124.38127090301003 1.2914862134325076e-08
125.01672240802677 1.27580508398368e-08
125.65217391304348 1.2605213565907661e-08
126.2876254180602 1.2453446069149034e-08
126.92307692307693 1.2301678582990854e-08
127.55852842809365 1.2159749058222056e-08
128.19397993311037 1.202079662363555e-08
128.82943143812707 1.1881844195067183e-08
129.46488294314383 1.1746088585265839e-08
130.10033444816054 1.161141299393992e-08
130.73578595317724 1.1476737414925443e-08
131.371237458194 1.1345564432102502e-08
132.0066889632107 1.1215705020789985e-08
132.6421404682274 1.1085845640951683e-08
133.27759197324417 1.0964816739117113e-08
133.91304347826087 1.0847446660372501e-08
134.54849498327758 1.0730076596573006e-08
135.18394648829434 1.0613351678682292e-08
135.81939799331104 1.0496920931362517e-08
136.45484949832775 1.0380490199361493e-08
137.09030100334448 1.026671556437481e-08
137.7257525083612 1.0154269300979252e-08
138.36120401337794 1.004182304385576e-08
138.99665551839465 9.933397441576058e-09
139.63210702341138 9.827171281048003e-09
140.2675585284281 9.72094512237112e-09
140.90301003344482 9.617062882201242e-09
141.53846153846155 9.514579913971065e-09
142.17391304347825 9.412096951882657e-09
142.80936454849498 9.31572207279074e-09
143.44481605351172 9.223316344812827e-09
144.08026755852842 9.130910623319714e-09
144.71571906354515 9.036799121531548e-09
145.35117056856188 8.941482077250578e-09
145.9866220735786 8.846165037023901e-09
146.62207357859532 8.755414700103256e-09
147.25752508361205 8.668170343316792e-09
147.89297658862876 8.580925991850553e-09
148.5284280936455 8.493366976554692e-09
149.16387959866222 8.40554576629182e-09
149.79933110367892 8.317724560882508e-09
150.43478260869566 8.232991725321434e-09
151.0702341137124 8.15105011763224e-09
151.7056856187291 8.069108510150708e-09
152.34113712374582 7.988824994152885e-09
152.97658862876256 7.91016638646751e-09
153.61204013377926 7.831507790825734e-09
154.247491638796 7.754334956960501e-09
154.88294314381272 7.67874080606105e-09
155.51839464882943 7.603146659973426e-09
156.15384615384616 7.529118032142502e-09
156.7892976588629 7.456893318875429e-09
157.4247491638796 7.3846686118938736e-09
158.06020066889633 7.313318053557714e-09
158.69565217391306 7.243060331802196e-09
159.33110367892976 7.172802615791117e-09
159.9665551839465 7.103993499131515e-09
160.60200668896323 7.03715072382108e-09
161.23745819397993 6.970307952571483e-09
161.87290969899666 6.9042979984312015e-09
162.5083612040134 6.839516750489254e-09
163.1438127090301 6.7747355047056365e-09
163.77926421404683 6.7108264201065825e-09
164.41471571906354 6.6483178105098315e-09
165.05016722408027 6.585809202840225e-09
165.685618729097 6.524077962505537e-09
166.3210702341137 6.463706697820195e-09
166.95652173913044 6.4033354383353585e-09
167.59197324414717 6.343788209318017e-09
168.22742474916387 6.285815916374837e-09
168.8628762541806 6.227843627198884e-09
169.49832775919734 6.169814310434688e-09
170.13377926421404 6.11166561092604e-09
170.76923076923077 6.053516916293128e-09
171.4046822742475 5.997372781721892e-09
172.0401337792642 5.945838405576593e-09
172.67558528428094 5.894304034403847e-09
173.31103678929767 5.84192654680634e-09
173.94648829431438 5.787411371047882e-09
174.5819397993311 5.732896201485733e-09
175.21739130434784 5.680085569755058e-09
175.85284280936455 5.632060557184685e-09
176.48829431438128 5.5840355472768465e-09
177.123745819398 5.535317396178106e-09
177.7591973244147 5.484433120855846e-09
178.39464882943145 5.4335488490629485e-09
179.03010033444818 5.38384469880806e-09
179.66555183946488 5.338271386806905e-09
180.30100334448161 5.292698076334403e-09
180.93645484949835 5.24694974131416e-09
181.57190635451505 5.2005099261654895e-09
182.20735785953178 5.154070112151569e-09
182.8428093645485 5.108159814721565e-09
183.47826086956522 5.064633025038426e-09
184.11371237458195 5.021106236897234e-09
184.74916387959865 4.977794008644896e-09
185.3846153846154 4.935595254078069e-09
186.02006688963212 4.8933965006364594e-09
186.65551839464882 4.8512249823607395e-09
187.29096989966555 4.809218888174367e-09
187.9264214046823 4.767212794312294e-09
188.561872909699 4.725484221333691e-09
189.19732441471572 4.685766189389306e-09
189.83277591973246 4.646048155804245e-09
190.46822742474916 4.606349677868896e-09
191.1036789297659 4.566825090997559e-09
191.73913043478262 4.527300505783569e-09
192.37458193979933 4.487988869660499e-09
193.01003344481606 4.451097858086231e-09
193.6454849498328 4.414206849533821e-09
194.2809364548495 4.377371494535316e-09
194.91638795986623 4.341398186381248e-09
195.55183946488296 4.305424880730428e-09
196.18729096989966 4.2695138298864814e-09
196.8227424749164 4.235080332245919e-09
197.45819397993313 4.200646835473078e-09
198.09364548494983 4.166202646186132e-09
198.72909698996656 4.131240165318481e-09
199.3645484949833 4.096277684108265e-09
200.0 4.061315202643482e-09
