10.0 0.0069429998584999994
10.635451505016722 0.00761980487550338
11.270903010033445 0.00829660989250676
11.906354515050168 0.00897341490951014
12.54180602006689 0.009664787699029372
13.177257525083611 0.010356460809161704
13.812709030100335 0.011048133919294052
14.448160535117058 0.01172542182296454
15.08361204013378 0.012403378262014044
15.719063545150501 0.013081334701063554
16.354515050167223 0.013677179038886187
16.989966555183948 0.014267725200569533
17.62541806020067 0.014858271362252881
18.26086956521739 0.015334225726048126
18.896321070234116 0.015802429060540184
19.531772575250837 0.016270632395032243
20.16722408026756 0.016569502285641535
20.80267558528428 0.016849345813379137
21.438127090301002 0.017129189341116742
22.073578595317727 0.017216456471683118
22.70903010033445 0.017278116211397323
23.34448160535117 0.01733977595111152
23.979933110367895 0.017152126997186653
24.615384615384617 0.01692341726269715
25.25083612040134 0.016694707528207633
25.88628762541806 0.016225011396429984
26.52173913043478 0.015708796832618707
27.157190635451506 0.015192582268807433
27.792642140468228 0.014452742933355384
28.42809364548495 0.01366320777047101
29.063545150501675 0.012873672607586631
29.698996655518396 0.011844681842498681
30.334448160535118 0.010756192506266795
30.96989966555184 0.009667703170034908
31.60535117056856 0.008755633859107806
32.240802675585286 0.007893969759765933
32.876254180602004 0.0070323056604240704
33.51170568561873 0.006579065325179329
34.147157190635454 0.006258018300192521
34.78260869565217 0.005936971275205717
35.4180602006689 0.004890030288050677
36.05351170568562 0.0035845621238538346
36.68896321070234 0.002279093959657003
37.324414715719065 0.001993849424383244
37.95986622073579 0.002111019844245466
38.59531772575251 0.002228190264107689
39.23076923076923 0.0023542155533472814
39.86622073578596 0.0024840908205655886
40.50167224080268 0.0026139660877838957
41.137123745819395 0.0027524851044040486
41.77257525083612 0.00289523176258491
42.408026755852845 0.0030379784207657697
43.04347826086956 0.003184269163534195
43.67892976588629 0.0033324137011855816
44.31438127090301 0.0034805582388369666
44.94983277591973 0.0036284349801025714
45.585284280936456 0.0037761620243376474
46.22073578595318 0.003923889068572726
46.8561872909699 0.004071843155798434
47.491638795986624 0.004219938682968417
48.12709030100335 0.0043680342101384
48.76254180602007 0.004510940727588692
49.39799331103679 0.004650329268319086
50.03344481605351 0.00478971780973967
50.668896321070235 0.004919796721070126
51.30434782608696 0.005043015918358088
51.93979933110368 0.005166235115646051
52.575250836120404 0.005268070112164048
53.21070234113712 0.005352798010644048
53.84615384615385 0.005437525911954495
54.48160535117057 0.005494032209447568
55.11705685618729 0.005526044926502764
55.752508361204015 0.005558057643557956
56.38795986622074 0.005543066133315375
57.02341137123746 0.005483834266036952
57.65886287625418 0.005424602402740903
58.29431438127091 0.005279063811277922
58.929765886287626 0.005045456009797011
59.56521739130435 0.004811848208316095
60.20066889632107 0.004384335116957562
60.836120401337794 0.003742288385574759
61.47157190635452 0.003100241658524905
62.10702341137124 0.002336305273809165
62.74247491638796 0.0014261029878630243
63.37792642140468 0.0005159007019168937
64.01337792642141 9.824632177333272e-07
64.64882943143813 8.404344544364746e-07
65.28428093645485 6.98410504383537e-07
65.91973244147158 5.958412697594007e-07
66.5551839464883 5.490875952026275e-07
67.19063545150502 5.023339206458542e-07
67.82608695652175 4.6421826581310236e-07
68.46153846153847 4.3939606131740604e-07
69.09698996655518 4.145783525502844e-07
69.73244147157192 3.9303716803830937e-07
70.36789297658862 3.769863941652129e-07
71.00334448160535 3.6093562029211593e-07
71.63879598662209 3.4647141407949605e-07
72.27424749163879 3.34910952830037e-07
72.90969899665552 3.2335500549703437e-07
73.54515050167224 3.1274696046146824e-07
74.18060200668897 3.040346752705127e-07
74.81605351170569 2.95322390079557e-07
75.45150501672241 2.870929989358091e-07
76.08695652173913 2.7992446022821197e-07
76.72240802675586 2.727602531962712e-07
77.35785953177258 2.660075664233787e-07
77.9933110367893 2.6024822575951516e-07
78.62876254180603 2.544888850956516e-07
79.26421404682274 2.4892290307239615e-07
79.89966555183946 2.438732391138175e-07
80.5351170568562 2.388271181548312e-07
81.17056856187291 2.3397377376931463e-07
81.80602006688963 2.2969104323592622e-07
82.44147157190636 2.254083127025377e-07
83.07692307692308 2.2121841825785657e-07
83.7123745819398 2.173355085118595e-07
84.34782608695653 2.1345612395071555e-07
84.98327759197325 2.0967889209247568e-07
85.61872909698997 2.0628106723764086e-07
86.2541806020067 2.0288324238280604e-07
86.88963210702342 1.9954814368826726e-07
87.52508361204013 1.9647716380509336e-07
88.16053511705685 1.9340869886230855e-07
88.79598662207358 1.9037704870538042e-07
89.4314381270903 1.875224621237859e-07
90.06688963210702 1.8466787554219147e-07
90.70234113712375 1.8184632502098266e-07
91.33779264214047 1.7920977506545146e-07
91.97324414715719 1.7657521636954805e-07
92.60869565217392 1.739715114548601e-07
93.24414715719064 1.7156971368463962e-07
93.87959866220736 1.6916791591441916e-07
94.51505016722409 1.6678565023457788e-07
95.15050167224081 1.6455963021302465e-07
95.78595317725753 1.6233503002560806e-07
96.42140468227424 1.601196889775218e-07
97.05685618729098 1.5799234064400002e-07
97.6923076923077 1.5586499231047818e-07
98.32775919732441 1.537449874470363e-07
98.96321070234114 1.5172150073117427e-07
99.59866220735786 1.4969901274886446e-07
100.23411371237458 1.4768432654458626e-07
100.86956521739131 1.4580624858797785e-07
101.50501672240803 1.439281706313695e-07
102.14046822742475 1.4205226573163536e-07
102.77591973244148 1.4024585354016593e-07
103.4113712374582 1.3844011005181982e-07
104.04682274247492 1.3663570853491325e-07
104.68227424749165 1.3490938170617098e-07
105.31772575250837 1.331830548774289e-07
105.95317725752508 1.3145672804868677e-07
106.58862876254182 1.2979068205050242e-07
107.22408026755853 1.2812578268438184e-07
107.85953177257525 1.2646153526166589e-07
108.49498327759197 1.2490158854535965e-07
109.1304347826087 1.2334490334199079e-07
109.76588628762542 1.2178821813862203e-07
110.40133779264214 1.2027245440277524e-07
111.03678929765887 1.187592927283825e-07
111.67224080267559 1.1724692892024932e-07
112.3076923076923 1.1581645315280613e-07
112.94314381270904 1.1439221221777636e-07
113.57859531772576 1.1296797128274662e-07
114.21404682274247 1.115382362016652e-07
114.8494983277592 1.1010819753588317e-07
115.48494983277592 1.0867891816374334e-07
116.12040133779264 1.0728861520780484e-07
116.75585284280936 1.0590318775434509e-07
117.3913043478261 1.0451776030088529e-07
118.02675585284281 1.0319957993208864e-07
118.66220735785953 1.0189170302432892e-07
119.29765886287626 1.005846949648738e-07
119.93311036789298 9.927541425396709e-08
120.5685618729097 9.796572790813013e-08
121.20401337792643 9.665604156229311e-08
121.83946488294315 9.538603910245434e-08
122.47491638795987 9.412429699124796e-08
123.1103678929766 9.286340279132832e-08
123.74581939799332 9.158953735684433e-08
124.38127090301003 9.031259198036141e-08
125.01672240802677 8.903564660387851e-08
125.65217391304348 8.790187878352184e-08
126.2876254180602 8.680665326732076e-08
126.92307692307693 8.57122900664657e-08
127.55852842809365 8.46572230987663e-08
128.19397993311037 8.36140306661576e-08
128.82943143812707 8.257083823354895e-08
129.46488294314383 8.157727399480056e-08
130.10033444816054 8.06004761789567e-08
130.73578595317724 7.96244088109379e-08
131.371237458194 7.876650911926105e-08
132.0066889632107 7.79528720398723e-08
132.6421404682274 7.713923496048356e-08
133.27759197324417 7.635566366559838e-08
133.91304347826087 7.558454982087675e-08
134.54849498327758 7.481381840879398e-08
135.18394648829434 7.404826720955348e-08
135.81939799331104 7.328501506160036e-08
136.45484949832775 7.25217629136473e-08
137.09030100334448 7.171681851233555e-08
137.7257525083612 7.089102306317417e-08
138.36120401337794 7.006548293859669e-08
138.99665551839465 6.92249510442004e-08
139.63210702341138 6.837613707959014e-08
140.2675585284281 6.752732311497988e-08
140.90301003344482 6.661655741970387e-08
141.53846153846155 6.56688082255666e-08
142.17391304347825 6.472121185015948e-08
142.80936454849498 6.343663287896134e-08
143.44481605351172 6.19329886369403e-08
144.08026755852842 6.042934439491929e-08
144.71571906354515 5.951711218519853e-08
145.35117056856188 5.902285398543868e-08
145.9866220735786 5.852872921904466e-08
146.62207357859532 5.803316317568169e-08
147.25752508361205 5.753635402374307e-08
147.89297658862876 5.7039544871804485e-08
148.5284280936455 5.656956618281204e-08
149.16387959866222 5.6121943632802045e-08
149.79933110367892 5.56744096261423e-08
150.43478260869566 5.521502826135091e-08
151.0702341137124 5.47447743829814e-08
151.7056856187291 5.42745205046119e-08
152.34113712374582 5.38268134290872e-08
152.97658862876256 5.340120193933836e-08
153.61204013377926 5.2975634447764386e-08
154.247491638796 5.254607199417657e-08
154.88294314381272 5.211210321401927e-08
155.51839464882943 5.1678134433862006e-08
156.15384615384616 5.125894256063627e-08
156.7892976588629 5.085677777733667e-08
157.4247491638796 5.045464127078307e-08
158.06020066889633 5.00598682574084e-08
158.69565217391306 4.9674047709639515e-08
159.33110367892976 4.9288227161870644e-08
159.9665551839465 4.890543743854419e-08
160.60200668896323 4.852676178008955e-08
161.23745819397993 4.814809022958462e-08
161.87290969899666 4.778108008953543e-08
162.5083612040134 4.743098369575694e-08
163.1438127090301 4.708088730197847e-08
163.77926421404683 4.672701564181869e-08
164.41471571906354 4.6367081811607704e-08
165.05016722408027 4.600714798139674e-08
165.685618729097 4.565126676391366e-08
166.3210702341137 4.530219388113114e-08
166.95652173913044 4.4953120998348585e-08
167.59197324414717 4.4615988669680835e-08
168.22742474916387 4.430167791778894e-08
168.8628762541806 4.398736716589706e-08
169.49832775919734 4.3671365732934415e-08
170.13377926421404 4.3351664302736996e-08
170.76923076923077 4.303196287253957e-08
171.4046822742475 4.27188832642308e-08
172.0401337792642 4.242103143935945e-08
172.67558528428094 4.21231796144881e-08
173.31103678929767 4.182893436293776e-08
173.94648829431438 4.154362029731258e-08
174.5819397993311 4.125830623168739e-08
175.21739130434784 4.096899797504961e-08
175.85284280936455 4.0668475719278316e-08
176.48829431438128 4.0367953463507006e-08
177.123745819398 4.007933372823216e-08
177.7591973244147 3.9827702733830814e-08
178.39464882943145 3.957607173942947e-08
179.03010033444818 3.9319068996372874e-08
179.66555183946488 3.904326323085035e-08
180.30100334448161 3.876745746532778e-08
180.93645484949835 3.849795603907774e-08
181.57190635451505 3.825322892227618e-08
182.20735785953178 3.8008501805474615e-08
182.8428093645485 3.7764537386318084e-08
183.47826086956522 3.7524006097000374e-08
184.11371237458195 3.728347480768266e-08
184.74916387959865 3.7042519437441144e-08
185.3846153846154 3.6799225449657723e-08
186.02006688963212 3.655593146187431e-08
186.65551839464882 3.631592725675264e-08
187.29096989966555 3.609590798181346e-08
187.9264214046823 3.587588870687429e-08
188.561872909699 3.565522028550679e-08
189.19732441471572 3.542972132002931e-08
189.83277591973246 3.5204222354551845e-08
190.46822742474916 3.498009879702027e-08
191.1036789297659 3.4768207804346405e-08
191.73913043478262 3.455631681167253e-08
192.37458193979933 3.4345652474785575e-08
193.01003344481606 3.414880610945404e-08
193.6454849498328 3.3951959744122516e-08
194.2809364548495 3.375387728866986e-08
194.91638795986623 3.353664826668512e-08
195.55183946488296 3.331941924470041e-08
196.18729096989966 3.310295292541188e-08
196.8227424749164 3.290449391240325e-08
197.45819397993313 3.270603489939459e-08
198.09364548494983 3.2507719619009496e-08
198.72909698996656 3.231637089512633e-08
199.3645484949833 3.212502217124316e-08
200.0 3.1933673447360006e-08
