10.0 0.0007751616466299999
11.638795986622073 0.0009710979813658947
13.277591973244148 0.001167166640037003
14.91638795986622 0.001363368958740504
16.555183946488295 0.001542070409870869
18.19397993311037 0.0016981680902193371
19.83277591973244 0.0018309493241712629
21.471571906354516 0.0018956690983239343
23.11036789297659 0.0019159712289909276
24.74916387959866 0.0018901703314774024
26.387959866220736 0.0017620117235138657
28.02675585284281 0.001580987502313155
29.665551839464882 0.0013449203805711279
31.304347826086957 0.0010364346368985499
32.94314381270903 0.000822756175783737
34.5819397993311 0.000714415864818296
36.22073578595318 0.00040980599639549325
37.85953177257525 0.0002640171664100646
39.49832775919732 0.0003012358309059383
41.137123745819395 0.0003416819695130326
42.77591973244147 0.0003834950259807711
44.414715719063544 0.00042674567703050996
46.05351170568562 0.00047243934414841984
47.69230769230769 0.0005170580236324479
49.331103678929765 0.0005603197979289345
50.96989966555184 0.0005994921120885974
52.608695652173914 0.0006333477607006675
54.247491638795985 0.0006610936755214022
55.88628762541806 0.000666925897033255
57.525083612040135 0.0006530999647415992
59.163879598662206 0.0006167195424879796
60.802675585284284 0.0004721961411562539
62.441471571906355 0.00029369071146738977
64.08026755852842 8.025256719733843e-05
65.7190635451505 7.028716897162813e-05
67.35785953177258 7.224639724799712e-05
68.99665551839465 7.422594732368165e-05
70.63545150501673 7.602993549805597e-05
72.27424749163879 7.773099768227404e-05
73.91304347826087 7.930892224034536e-05
75.55183946488295 8.072816972598722e-05
77.19063545150502 8.216679468402961e-05
78.82943143812709 8.36407882082149e-05
80.46822742474916 8.473855635508253e-05
82.10702341137124 8.572444794200831e-05
83.74581939799332 8.659489838422808e-05
85.38461538461539 8.734990058984661e-05
87.02341137123746 8.796178667634743e-05
88.66220735785953 8.83888550048049e-05
90.3010033444816 8.858811084840183e-05
91.93979933110369 8.859949111840119e-05
93.57859531772576 8.837543620161065e-05
95.21739130434783 8.801802994324524e-05
96.8561872909699 8.754992358431937e-05
98.49498327759197 8.69416704178996e-05
100.13377926421404 8.594032695719299e-05
101.77257525083613 8.477712232804067e-05
103.4113712374582 8.343568251678822e-05
105.05016722408027 8.18436255624743e-05
106.68896321070234 8.011218346976014e-05
108.32775919732441 7.821298694668994e-05
109.96655518394648 7.599588720339574e-05
111.60535117056857 7.361647395105593e-05
113.24414715719064 7.10439718774865e-05
114.88294314381271 6.82670807345065e-05
116.52173913043478 6.533299303859794e-05
118.16053511705685 6.219144175451898e-05
119.79933110367894 5.8868379894316816e-05
121.43812709030101 5.537370077346102e-05
123.07692307692308 5.164075726104267e-05
124.71571906354515 4.733705784977095e-05
126.35451505016722 4.348229750516966e-05
127.9933110367893 4.0471589041527786e-05
129.63210702341138 3.7923972679224656e-05
131.27090301003346 3.5957278885058704e-05
132.90969899665552 3.48422904261244e-05
134.54849498327758 3.421053501252778e-05
136.18729096989966 3.341702957334638e-05
137.82608695652175 3.223027490791492e-05
139.4648829431438 3.0079673973910736e-05
141.1036789297659 2.6975546593013e-05
142.74247491638795 2.2475614949954756e-05
144.38127090301003 1.4867059723533934e-05
146.02006688963212 9.785100560868386e-06
147.65886287625418 1.001986237761971e-05
149.29765886287626 1.034590972781244e-05
150.93645484949832 1.0694630971536943e-05
152.5752508361204 1.1057196483402257e-05
154.2140468227425 1.145445025677102e-05
155.85284280936455 1.1859043452024356e-05
157.49163879598663 1.2266121737413806e-05
159.1304347826087 1.2683503000448685e-05
160.76923076923077 1.310390749750646e-05
162.40802675585283 1.3526360649346828e-05
164.04682274247492 1.3974314573020541e-05
165.685618729097 1.4431986919925306e-05
167.32441471571906 1.4899065396188497e-05
168.96321070234114 1.535835086457681e-05
170.6020066889632 1.5827251851613226e-05
172.2408026755853 1.6317968897316073e-05
173.87959866220737 1.6804924953085573e-05
175.51839464882943 1.7283894064792954e-05
177.1571906354515 1.7748271192906412e-05
178.79598662207357 1.821478043018885e-05
180.43478260869566 1.8697850430625563e-05
182.07357859531774 1.921415354201269e-05
183.7123745819398 1.971717119499308e-05
185.35117056856188 2.0209663935281457e-05
186.98996655518394 2.0685935561422017e-05
188.62876254180603 2.1174584553755228e-05
190.26755852842808 2.1659836128442488e-05
191.90635451505017 2.2131853516068215e-05
193.54515050167225 2.2641288039537445e-05
195.1839464882943 2.3129250399725028e-05
196.8227424749164 2.355087172418904e-05
198.46153846153845 2.4019496755830228e-05
200.10033444816054 2.448302847409454e-05
201.73913043478262 2.4909935437451036e-05
203.37792642140468 2.5334040326176895e-05
205.01672240802677 2.5745706637518077e-05
206.65551839464882 2.6130139419776968e-05
208.2943143812709 2.6465517270771794e-05
209.93311036789297 2.6796737687854675e-05
211.57190635451505 2.714737081611157e-05
213.21070234113714 2.7416634259660773e-05
214.8494983277592 2.7674554264956458e-05
216.48829431438128 2.795622205596508e-05
218.12709030100334 2.8116929317620466e-05
219.76588628762542 2.82402086957422e-05
221.4046822742475 2.83508673711176e-05
223.04347826086956 2.8393283021334447e-05
224.68227424749165 2.8398194846483388e-05
226.3210702341137 2.8355373370632337e-05
227.9598662207358 2.8181537561695356e-05
229.59866220735788 2.7928911443250084e-05
231.23745819397993 2.7567374253435722e-05
232.87625418060202 2.7092230399821686e-05
234.51505016722408 2.654652027714306e-05
236.15384615384616 2.5900438215971298e-05
237.79264214046822 2.499920028351469e-05
239.4314381270903 2.393687974999612e-05
241.0702341137124 2.2642154250266515e-05
242.70903010033445 2.096843726886217e-05
244.34782608695653 1.897267753123638e-05
245.9866220735786 1.639782070866129e-05
247.62541806020067 1.248494165141056e-05
249.26421404682276 7.760712502032882e-06
250.90301003344482 1.9163087352383303e-06
252.5418060200669 3.585681538140167e-07
254.18060200668896 2.2862366880647665e-07
255.81939799331104 1.8102379664583331e-07
257.45819397993307 1.5076120047670172e-07
259.09698996655516 1.2858443917715886e-07
260.73578595317724 1.1334825098775525e-07
262.3745819397993 1.015439560864527e-07
264.0133779264214 9.158771763888981e-08
265.6521739130435 8.372441898306526e-08
267.2909698996655 7.721010404488925e-08
268.9297658862876 7.14536120931599e-08
270.5685618729097 6.66043829876634e-08
272.2073578595318 6.239493932498576e-08
273.84615384615387 5.85680854026626e-08
275.4849498327759 5.5241052724692076e-08
277.123745819398 5.2277389189293885e-08
278.76254180602007 4.9535343871954854e-08
280.40133779264215 4.7088518187771916e-08
282.04013377926424 4.488491600311298e-08
283.67892976588627 4.2822974494289693e-08
285.31772575250835 4.093262253169365e-08
286.95652173913044 3.919479513431499e-08
288.5953177257525 3.7554962890186797e-08
290.2341137123746 3.6053800251881204e-08
291.87290969899664 3.4655757626454035e-08
293.5117056856187 3.333079588511207e-08
295.1505016722408 3.21241357743498e-08
296.7892976588629 3.097631033934985e-08
298.428093645485 2.987501356695112e-08
300.066889632107 2.8859633469406135e-08
301.7056856187291 2.790513976024929e-08
303.3444816053512 2.698930509577372e-08
304.98327759197326 2.6125045811833085e-08
306.62207357859535 2.5315380805161257e-08
308.2608695652174 2.453483826798538e-08
309.89966555183946 2.377695487914503e-08
311.53846153846155 2.3083986692157865e-08
313.17725752508363 2.242027017712225e-08
314.81605351170566 2.1758849121966638e-08
316.45484949832775 2.1140478815295453e-08
318.09364548494983 2.055087121385386e-08
319.7324414715719 2.000181119502149e-08
321.371237458194 1.9461088692579533e-08
323.01003344481603 1.8930900482428393e-08
324.6488294314381 1.8430829888322978e-08
326.2876254180602 1.795072610937828e-08
327.9264214046823 1.748561842383069e-08
329.5652173913044 1.7046358100580773e-08
331.2040133779264 1.6619400317938224e-08
332.8428093645485 1.6202965475307273e-08
334.4816053511706 1.5808576589797462e-08
336.12040133779266 1.5425428988807153e-08
337.75919732441474 1.5053210209190708e-08
339.39799331103677 1.4707850499477689e-08
341.03678929765886 1.4370205168634734e-08
342.67558528428094 1.4037201674131251e-08
344.314381270903 1.3707930489965358e-08
345.9531772575251 1.3392110395983663e-08
347.59197324414714 1.3086729262678458e-08
349.2307692307692 1.2800038271060571e-08
350.8695652173913 1.2520252157703547e-08
352.5083612040134 1.2245112311854172e-08
354.1471571906355 1.197545782563729e-08
355.7859531772575 1.1721675874411568e-08
357.4247491638796 1.1475388151895487e-08
359.0635451505017 1.1222503441846655e-08
360.70234113712377 1.0985241143691178e-08
362.3411371237458 1.0757678369058975e-08
363.9799331103679 1.053639978985481e-08
365.61872909698997 1.0319659908455872e-08
367.25752508361205 1.0106960748490272e-08
368.89632107023414 9.903579200840346e-09
370.53511705685617 9.70452633213683e-09
372.17391304347825 9.509425680387668e-09
373.81270903010034 9.323908408727872e-09
375.4515050167224 9.138742409040304e-09
377.0903010033445 8.95498687002347e-09
378.72909698996654 8.7795678828549e-09
380.3678929765886 8.612106685971864e-09
382.0066889632107 8.449331201258765e-09
383.6454849498328 8.285604149901828e-09
385.2842809364549 8.128534381331048e-09
386.9230769230769 7.97612567382405e-09
388.561872909699 7.827883775208102e-09
390.2006688963211 7.683252739760112e-09
391.83946488294316 7.540918603847353e-09
393.47826086956525 7.398706607715833e-09
395.1170568561873 7.261819696772432e-09
396.75585284280936 7.128676941469489e-09
398.39464882943145 6.998154586488945e-09
400.03344481605353 6.8672081487392665e-09
401.6722408026756 6.737280403364197e-09
403.31103678929765 6.618949355653338e-09
404.94983277591973 6.503791851054994e-09
406.5886287625418 6.390332627979022e-09
408.2274247491639 6.272731691084602e-09
409.86622073578593 6.1613176866577315e-09
411.505016722408 6.054562435313256e-09
413.1438127090301 5.951933457203723e-09
414.7826086956522 5.85084321692028e-09
416.4214046822743 5.750807450208306e-09
418.0602006688963 5.650497810690941e-09
419.6989966555184 5.5532637546337515e-09
421.33779264214047 5.458588092872653e-09
422.97658862876256 5.3679962869365386e-09
424.61538461538464 5.2777149122302346e-09
426.25418060200667 5.18787730585645e-09
427.89297658862876 5.100688400211292e-09
429.53177257525084 5.014426200312807e-09
431.1705685618729 4.9295691818707455e-09
432.809364548495 4.854141791765156e-09
434.44816053511704 4.773511731924012e-09
436.0869565217391 4.689488020949294e-09
437.7257525083612 4.6135532402438305e-09
439.3645484949833 4.539419857879696e-09
441.0033444816054 4.466723693364594e-09
442.6421404682274 4.394609067878243e-09
444.2809364548495 4.323806621547235e-09
445.9197324414716 4.254123497513417e-09
447.55852842809367 4.1857825139679525e-09
449.19732441471575 4.118339523478562e-09
450.8361204013378 4.051780465454014e-09
452.47491638795987 3.988188909101681e-09
454.11371237458195 3.924318339404405e-09
455.75250836120404 3.860396511588587e-09
457.39130434782606 3.800248938392134e-09
459.03010033444815 3.743229314255595e-09
460.66889632107024 3.6885982827708227e-09
462.3076923076923 3.62806620593095e-09
463.9464882943144 3.5709932306448134e-09
465.58528428093643 3.5168682311255813e-09
467.2240802675585 3.4620234955867126e-09
468.8628762541806 3.4093617448627676e-09
470.5016722408027 3.3585922547229932e-09
472.1404682274248 3.3070848562604975e-09
473.7792642140468 3.255967418795063e-09
475.4180602006689 3.205240444835432e-09
477.056856187291 3.1561116785484906e-09
478.69565217391306 3.1087525157398103e-09
480.33444816053515 3.0630325343584848e-09
481.9732441471572 3.0184140345942878e-09
483.61204013377926 2.9732514354455725e-09
485.25083612040135 2.9276401148201786e-09
486.88963210702343 2.8858340731103603e-09
488.5284280936455 2.8427282393040117e-09
490.16722408026754 2.7984365770531866e-09
491.80602006688963 2.7590902955274703e-09
493.4448160535117 2.7188225055142514e-09
495.0836120401338 2.6776755178396537e-09
496.7224080267559 2.6395071796481024e-09
498.3612040133779 2.600638746992753e-09
500.0 2.561077201265e-09
