10.0 3.9415909250684694e-05
13.31103678929766 3.30329312492925e-05
16.62207357859532 3.0340621720915897e-05
19.933110367892976 3.1376231010025934e-05
23.244147157190636 3.85223106611805e-05
26.555183946488295 4.810909552612241e-05
29.86622073578595 6.0179480572808e-05
33.17725752508361 7.874520481084891e-05
36.48829431438127 0.00010074513134766808
39.79933110367893 0.00012628692670386065
43.11036789297659 0.00015655443742694007
46.42140468227425 0.00018726517057066706
49.7324414715719 0.00021837383123919426
53.04347826086956 0.00024026655996517966
56.35451505016722 0.00024210112967993974
59.66555183946488 0.00022218412202726064
62.97658862876254 9.869554939728781e-05
66.2876254180602 3.1845733358527955e-05
69.59866220735786 3.124437343579477e-05
72.90969899665552 3.0179146804907833e-05
76.22073578595318 2.8893369541940508e-05
79.53177257525084 2.7372647195401924e-05
82.8428093645485 2.5438003665725834e-05
86.15384615384616 2.3290364697173694e-05
89.4648829431438 2.091255269295654e-05
92.77591973244147 1.798215716087384e-05
96.08695652173913 1.5229992905906062e-05
99.39799331103679 1.2716823259618601e-05
102.70903010033445 1.1639796788460899e-05
106.0200668896321 1.0599202721431894e-05
109.33110367892976 9.520342934131166e-06
112.64214046822742 4.514705724585049e-06
115.95317725752508 1.6616535970515858e-06
119.26421404682274 1.726045857347535e-06
122.5752508361204 1.8826025568480838e-06
125.88628762541806 2.0577910842491317e-06
129.19732441471572 2.2496802996201366e-06
132.5083612040134 2.466138274676977e-06
135.81939799331104 2.688962531733695e-06
139.1304347826087 2.9179529548661777e-06
142.44147157190636 3.171871832149703e-06
145.752508361204 3.435928901120414e-06
149.06354515050168 3.7110180384805456e-06
152.37458193979933 3.997466127779049e-06
155.685618729097 4.298634204191574e-06
158.99665551839465 4.618392408516529e-06
162.30769230769232 4.94370181959743e-06
165.61872909698997 5.275069911726559e-06
168.9297658862876 5.614113103512295e-06
172.2408026755853 5.968395762294148e-06
175.55183946488293 6.322113696231145e-06
178.8628762541806 6.673179905891989e-06
182.17391304347825 7.044391071922744e-06
185.48494983277592 7.414569617643361e-06
188.79598662207357 7.780590279059184e-06
192.10702341137124 8.141719669754534e-06
195.4180602006689 8.4944896647835e-06
198.72909698996656 8.835789759933878e-06
202.0401337792642 9.164511256651685e-06
205.35117056856188 9.466271667593375e-06
208.66220735785953 9.729902321690405e-06
211.9732441471572 9.973682726005515e-06
215.28428093645485 1.0180727399988446e-05
218.59531772575252 1.0335343474540188e-05
221.90635451505017 1.0386101409165699e-05
225.2173913043478 1.0384843555284312e-05
228.5284280936455 1.0321900693926984e-05
231.83946488294313 1.0054447353333023e-05
235.1505016722408 9.637389824548888e-06
238.46153846153845 9.023587078546535e-06
241.77257525083613 7.97041449505766e-06
245.08361204013377 6.321431270707238e-06
248.39464882943145 3.8010906573180357e-06
251.7056856187291 1.4665742410446652e-06
255.01672240802677 2.4790238662830395e-08
258.32775919732444 1.6771025847998594e-08
261.6387959866221 1.3194476306853549e-08
264.94983277591973 1.0760676510607045e-08
268.2608695652174 9.17902751888213e-09
271.5719063545151 8.074728313569927e-09
274.8829431438127 7.1552523211336825e-09
278.19397993311037 6.430938970089435e-09
281.505016722408 5.865176042078999e-09
284.81605351170566 5.3650629171750155e-09
288.12709030100336 4.936850513661402e-09
291.438127090301 4.581075552133534e-09
294.74916387959865 4.258724211767922e-09
298.0602006688963 3.9752422620589156e-09
301.371237458194 3.729812029533818e-09
304.68227424749165 3.5029102785196592e-09
307.9933110367893 3.2981923113752952e-09
311.30434782608694 3.1154486586517405e-09
314.61538461538464 2.9443895673984652e-09
317.9264214046823 2.787994227611859e-09
321.23745819397993 2.6466941259916954e-09
324.5484949832776 2.5144128127458026e-09
327.8595317725752 2.394140250633106e-09
331.1705685618729 2.2821737112546394e-09
334.4816053511706 2.1758216702639523e-09
337.7926421404682 2.0773947439298214e-09
341.10367892976586 1.9872362348667728e-09
344.41471571906357 1.901007652384726e-09
347.7257525083612 1.8193862885571208e-09
351.03678929765886 1.743389550267131e-09
354.3478260869565 1.6712589223259167e-09
357.6588628762542 1.6047086179692745e-09
360.96989966555185 1.5402662320779729e-09
364.2809364548495 1.4788406972689059e-09
367.59197324414714 1.4228300667317009e-09
370.90301003344484 1.3687485873015573e-09
374.2140468227425 1.3165047876332113e-09
377.52508361204013 1.267308063375037e-09
380.8361204013378 1.2211942792000725e-09
384.1471571906354 1.176780927658196e-09
387.4581939799331 1.1345691667881993e-09
390.7692307692308 1.0944164560911818e-09
394.0802675585284 1.0555246432032278e-09
397.39130434782606 1.0183857382931665e-09
400.70234113712377 9.83459036026099e-10
404.0133779264214 9.497022080408042e-10
407.32441471571906 9.174064396267171e-10
410.6354515050167 8.866843529656914e-10
413.9464882943144 8.573084820818547e-10
417.25752508361205 8.30187619298393e-10
420.5685618729097 8.02541745440576e-10
423.87959866220734 7.756891561621754e-10
427.19063545150505 7.510963566221323e-10
430.5016722408027 7.271422657563934e-10
433.81270903010034 7.039143623477369e-10
437.123745819398 6.820698867740462e-10
440.4347826086956 6.608336023220828e-10
443.74581939799333 6.401904404887205e-10
447.056856187291 6.206338177661843e-10
450.3678929765886 6.017733755914406e-10
453.67892976588627 5.833524000564295e-10
456.98996655518397 5.65564631060045e-10
460.3010033444816 5.485806485930899e-10
463.61204013377926 5.320774473464949e-10
466.9230769230769 5.162345813784085e-10
470.2341137123746 5.011788276818729e-10
473.54515050167225 4.865991164636979e-10
476.8561872909699 4.726788987692568e-10
480.16722408026754 4.586327146341263e-10
483.47826086956525 4.450352071027917e-10
486.7892976588629 4.3281625934934066e-10
490.10033444816054 4.2049460662567083e-10
493.4113712374582 4.083488688430641e-10
496.72240802675583 3.9680835265515034e-10
500.03344481605353 3.8572584416617436e-10
503.3444816053512 3.7493946268991124e-10
506.6555183946488 3.6458970216339875e-10
509.96655518394647 3.544020385623246e-10
513.2775919732442 3.444470625509974e-10
516.5886287625418 3.3503788003662966e-10
519.8996655518395 3.2576252742434457e-10
523.2107023411371 3.1673309856036763e-10
526.5217391304348 3.083322661772448e-10
529.8327759197324 3.000912400888803e-10
533.1438127090302 2.919840738380285e-10
536.4548494983278 2.841270013221573e-10
539.7658862876254 2.7646426023566954e-10
543.0769230769231 2.6904558601469976e-10
546.3879598662207 2.622040960922528e-10
549.6989966555184 2.551041022244267e-10
553.010033444816 2.4812757050646406e-10
556.3210702341137 2.419029878602552e-10
559.6321070234113 2.3568139966228665e-10
562.9431438127091 2.295039895042094e-10
566.2541806020067 2.234781893183177e-10
569.5652173913044 2.1776476176718017e-10
572.876254180602 2.1221693337100475e-10
576.1872909698997 2.068261081506353e-10
579.4983277591973 2.015653909539533e-10
582.809364548495 1.9638277431850358e-10
586.1204013377926 1.9129687959002546e-10
589.4314381270904 1.8655648020744285e-10
592.742474916388 1.8194725287958668e-10
596.0535117056857 1.7729586295226997e-10
599.3645484949833 1.7290661893455817e-10
602.6755852842809 1.6860304884672303e-10
605.9866220735786 1.642008668566692e-10
609.2976588628762 1.6017223680584778e-10
612.6086956521739 1.5633097352663178e-10
615.9197324414715 1.5259689824469207e-10
619.2307692307693 1.4883611430884039e-10
622.5418060200669 1.4510426660256139e-10
625.8528428093646 1.415450230706195e-10
629.1638795986622 1.3808185562354443e-10
632.4749163879599 1.3469708454585026e-10
635.7859531772575 1.3146519891072952e-10
639.0969899665552 1.2834553371764432e-10
642.4080267558528 1.252713308222441e-10
645.7190635451504 1.221675901288394e-10
649.0301003344482 1.1927044422413205e-10
652.3411371237459 1.1646882764600626e-10
655.6521739130435 1.1365592187115501e-10
658.9632107023411 1.109862313200779e-10
662.2742474916388 1.0839672641900713e-10
665.5852842809364 1.0585920420141751e-10
668.8963210702341 1.0330987320426127e-10
672.2073578595317 1.007977670611102e-10
675.5183946488295 9.850239412506391e-11
678.8294314381271 9.619953264542989e-11
682.1404682274248 9.391037050881701e-11
685.4515050167224 9.171253100395397e-11
688.7625418060201 8.957658128703549e-11
692.0735785953177 8.74899332904533e-11
695.3846153846154 8.549637240420115e-11
698.695652173913 8.353575545494788e-11
702.0066889632106 8.160577377169332e-11
705.3177257525084 7.974985697879032e-11
708.628762541806 7.792281949883162e-11
711.9397993311037 7.61210459700237e-11
715.2508361204013 7.437551062335739e-11
718.561872909699 7.273469020309427e-11
721.8729096989966 7.113451533185895e-11
725.1839464882943 6.942783203860851e-11
728.4949832775919 6.783632183666765e-11
731.8060200668897 6.631482917995947e-11
735.1170568561873 6.48234274478896e-11
738.428093645485 6.336410951771199e-11
741.7391304347826 6.192886704612579e-11
745.0501672240803 6.053012584165409e-11
748.3612040133779 5.920026806676606e-11
751.6722408026756 5.790605125467283e-11
754.9832775919732 5.657607452475166e-11
758.2943143812709 5.53221867506726e-11
761.6053511705686 5.4116765978419236e-11
764.9163879598663 5.2929156041838055e-11
768.2274247491639 5.172661276722393e-11
771.5384615384615 5.0528610940808977e-11
774.8494983277592 4.9435974625894594e-11
778.1605351170568 4.8380596884939294e-11
781.4715719063545 4.7345703243005616e-11
784.7826086956521 4.628641015031831e-11
788.0936454849499 4.52679229797269e-11
791.4046822742475 4.427881683398758e-11
794.7157190635452 4.331578921703387e-11
798.0267558528428 4.2355696176439873e-11
801.3377926421405 4.140736362666409e-11
804.6488294314381 4.054698824362947e-11
807.9598662207358 3.96734313627922e-11
811.2709030100334 3.8796427968442876e-11
814.581939799331 3.79707292928549e-11
817.8929765886288 3.7154308116059005e-11
821.2040133779265 3.634850436238804e-11
824.5150501672241 3.5585426687047266e-11
827.8260869565217 3.484117813271003e-11
831.1371237458194 3.4108297887748585e-11
834.448160535117 3.3355842786486686e-11
837.7591973244147 3.264021116648057e-11
841.0702341137123 3.1950670874601186e-11
844.3812709030101 3.125821413479514e-11
847.6923076923077 3.05950453864439e-11
851.0033444816054 2.995219646528699e-11
854.314381270903 2.929618011388386e-11
857.6254180602007 2.8668666997321162e-11
860.9364548494983 2.806334877150211e-11
864.247491638796 2.7470498696977398e-11
867.5585284280936 2.689661726834172e-11
870.8695652173913 2.6337565208959367e-11
874.180602006689 2.578413574749279e-11
877.4916387959867 2.5239647096645606e-11
880.8026755852843 2.4703753953311605e-11
884.113712374582 2.4193583094778235e-11
887.4247491638796 2.3688951893880815e-11
890.7357859531772 2.318936481933544e-11
894.0468227424749 2.270092794740399e-11
897.3578595317725 2.2226066688717174e-11
900.6688963210703 2.176277483808227e-11
903.9799331103679 2.1310557795399852e-11
907.2909698996656 2.0876206224440574e-11
910.6020066889632 2.0456884168881906e-11
913.9130434782609 2.0043432031254128e-11
917.2240802675585 1.9628719609110656e-11
920.5351170568562 1.921373525734741e-11
923.8461538461538 1.8817609016838963e-11
927.1571906354515 1.8434289691459046e-11
930.4682274247492 1.8061870379789536e-11
933.7792642140469 1.7686384858504707e-11
937.0903010033445 1.7315991431392397e-11
940.4013377926422 1.695094507224092e-11
943.7123745819398 1.661419210111621e-11
947.0234113712374 1.6281493673444498e-11
950.3344481605351 1.59524708950331e-11
953.6454849498327 1.5625225646507792e-11
956.9565217391305 1.5298372504542106e-11
960.2675585284281 1.4972614432803516e-11
963.5785953177258 1.4682777919425857e-11
966.8896321070234 1.4395553174934759e-11
970.2006688963211 1.4110621365047963e-11
973.5117056856187 1.3816442982126778e-11
976.8227424749164 1.3531879036872254e-11
980.133779264214 1.325656801744446e-11
983.4448160535117 1.2992100543018232e-11
986.7558528428094 1.2735762253789414e-11
990.0668896321071 1.24872830255866e-11
993.3779264214047 1.2233067966874374e-11
996.6889632107024 1.198354287077643e-11
1000.0 1.1738660693911964e-11
