 1.000000E+01  1.145808E-02
 1.081633E+01  1.156146E-02
 1.163265E+01  1.086637E-02
 1.244898E+01  9.949157E-03
 1.326531E+01  8.573719E-03
 1.408163E+01  6.933147E-03
 1.489796E+01  5.237978E-03
 1.571429E+01  3.432633E-03
 1.653061E+01  1.815572E-03
 1.734694E+01  6.051959E-04
 1.816327E+01  1.401069E-05
 1.897959E+01  6.606503E-08
 1.979592E+01  4.856408E-08
 2.061224E+01  3.307807E-08
 2.142857E+01  2.042985E-08
 2.224490E+01  1.208823E-08
 2.306122E+01  9.544442E-09
 2.387755E+01  9.100492E-09
 2.469388E+01  8.708966E-09
 2.551020E+01  8.372978E-09
 2.632653E+01  8.105886E-09
 2.714286E+01  7.843184E-09
 2.795918E+01  7.602644E-09
 2.877551E+01  7.417629E-09
 2.959184E+01  7.207907E-09
 3.040816E+01  7.016805E-09
 3.122449E+01  6.854222E-09
 3.204082E+01  6.713310E-09
 3.285714E+01  6.550170E-09
 3.367347E+01  6.407871E-09
 3.448980E+01  6.284981E-09
 3.530612E+01  6.132555E-09
 3.612245E+01  6.016668E-09
 3.693878E+01  5.904685E-09
 3.775510E+01  5.785984E-09
 3.857143E+01  5.670303E-09
 3.938776E+01  5.572863E-09
 4.020408E+01  5.455654E-09
 4.102041E+01  5.377063E-09
 4.183673E+01  5.273219E-09
 4.265306E+01  5.192049E-09
 4.346939E+01  5.085967E-09
 4.428571E+01  5.006820E-09
 4.510204E+01  4.922102E-09
 4.591837E+01  4.846649E-09
 4.673469E+01  4.768439E-09
 4.755102E+01  4.694243E-09
 4.836735E+01  4.611851E-09
 4.918367E+01  4.547508E-09
 5.000000E+01  4.460458E-09
