10.0 0.006438568
10.81633 0.006774261
11.63265 0.007270025
12.44898 0.007482116
13.26531 0.007735776563465288
14.08163 0.007628974
14.89796 0.007383192
15.71429 0.007046738
16.53061 0.00655659
17.34694 0.006057321
18.16327 0.005460136
18.97959 0.004671172
19.79592 0.003868225
20.61224 0.00301705
21.42857 0.002187327
22.2449 0.001412904
23.06122 0.0007756857
23.87755 0.0002798232
24.69388 2.265457e-05
25.5102 4.642783e-08
26.32653 3.802547e-08
27.14286 2.970454e-08
27.95918 2.256846e-08
28.77551 1.636849e-08
29.59184 1.116471e-08
30.40816 7.705363e-09
31.22449 6.271365e-09
32.04082 6.037325e-09
32.85714 5.835081e-09
33.67347 5.670524e-09
34.4898 5.500038e-09
35.30612 5.34991e-09
36.12245 5.231429e-09
36.93878 5.121994e-09
37.7551 5.009365e-09
38.57143 4.887123e-09
39.38776 4.806386e-09
40.20408 4.716599e-09
41.02041 4.630205e-09
41.83673 4.535333e-09
42.65306 4.451775e-09
43.46939 4.373189e-09
44.28571 4.303987e-09
45.10204 4.237899e-09
45.91837 4.178049e-09
46.73469 4.093111e-09
47.55102 4.045841e-09
48.36735 3.962878e-09
49.18367 3.924336e-09
50.0 3.856907e-09
