 1.000000E+01  2.401350E-04
 1.081633E+01  2.360376E-04
 1.163265E+01  2.092778E-04
 1.244898E+01  1.737478E-04
 1.326531E+01  1.314388E-04
 1.408163E+01  8.798146E-05
 1.489796E+01  4.748871E-05
 1.571429E+01  1.561854E-05
 1.653061E+01  3.681058E-07
 1.734694E+01  1.431165E-09
 1.816327E+01  1.009521E-09
 1.897959E+01  6.466415E-10
 1.979592E+01  3.697429E-10
 2.061224E+01  2.238771E-10
 2.142857E+01  2.034079E-10
 2.224490E+01  1.963267E-10
 2.306122E+01  1.881138E-10
 2.387755E+01  1.800618E-10
 2.469388E+01  1.744956E-10
 2.551020E+01  1.688381E-10
 2.632653E+01  1.632314E-10
 2.714286E+01  1.586431E-10
 2.795918E+01  1.546502E-10
 2.877551E+01  1.506194E-10
 2.959184E+01  1.466841E-10
 3.040816E+01  1.430142E-10
 3.122449E+01  1.395308E-10
 3.204082E+01  1.363586E-10
 3.285714E+01  1.333866E-10
 3.367347E+01  1.301677E-10
 3.448980E+01  1.275792E-10
 3.530612E+01  1.247709E-10
 3.612245E+01  1.224993E-10
 3.693878E+01  1.202105E-10
 3.775510E+01  1.178481E-10
 3.857143E+01  1.154822E-10
 3.938776E+01  1.134296E-10
 4.020408E+01  1.113016E-10
 4.102041E+01  1.091301E-10
 4.183673E+01  1.071698E-10
 4.265306E+01  1.054363E-10
 4.346939E+01  1.036902E-10
 4.428571E+01  1.016926E-10
 4.510204E+01  9.968548E-11
 4.591837E+01  9.833437E-11
 4.673469E+01  9.673140E-11
 4.755102E+01  9.514078E-11
 4.836735E+01  9.349602E-11
 4.918367E+01  9.191582E-11
 5.000000E+01  9.024548E-11
