10.0 0.01399794
10.81633 0.01483778
11.63265 0.01613561
12.44898 0.01671045
13.26531 0.01739074
14.08163 0.01766709
14.89796 0.01767534
15.71429 0.01745669
16.53061 0.01684273
17.34694 0.01620403472528062
18.16327 0.0148647
18.97959 0.01358729
19.79592 0.01203288
20.61224 0.01037823
21.42857 0.008595068
22.2449 0.006809797
23.06122 0.004927511
23.87755 0.003315429
24.69388 0.001895051
25.5102 0.0007353758
26.32653 0.0001087979
27.14286 1.137099e-07
27.95918 9.49681e-08
28.77551 7.664971e-08
29.59184 6.039177e-08
30.40816 4.443139e-08
31.22449 3.252756e-08
32.04082 2.262316e-08
32.85714 1.639097e-08
33.67347 1.448449e-08
34.4898 1.39242e-08
35.30612 1.355451e-08
36.12245 1.318773e-08
36.93878 1.283599e-08
37.7551 1.250921e-08
38.57143 1.223405e-08
39.38776 1.198498e-08
40.20408 1.176576e-08
41.02041 1.148499e-08
41.83673 1.129882e-08
42.65306 1.107508e-08
43.46939 1.08946e-08
44.28571 1.066061e-08
45.10204 1.049279e-08
45.91837 1.032997e-08
46.73469 1.017092e-08
47.55102 1.002236e-08
48.36735 9.823232e-09
49.18367 9.719106e-09
50.0 9.581278e-09
