 1.000000E+01  1.254859E-03
 1.081633E+01  1.324814E-03
 1.163265E+01  1.370785E-03
 1.244898E+01  1.373546E-03
 1.326531E+01  1.353319E-03
 1.408163E+01  1.311430E-03
 1.489796E+01  1.213486E-03
 1.571429E+01  1.089715E-03
 1.653061E+01  9.526951E-04
 1.734694E+01  7.851548E-04
 1.816327E+01  6.128046E-04
 1.897959E+01  4.532355E-04
 1.979592E+01  2.863641E-04
 2.061224E+01  1.500175E-04
 2.142857E+01  4.865799E-05
 2.224490E+01  1.383429E-06
 2.306122E+01  8.088953E-09
 2.387755E+01  6.353932E-09
 2.469388E+01  4.789740E-09
 2.551020E+01  3.392954E-09
 2.632653E+01  2.258910E-09
 2.714286E+01  1.479461E-09
 2.795918E+01  1.133040E-09
 2.877551E+01  1.090651E-09
 2.959184E+01  1.050796E-09
 3.040816E+01  1.019095E-09
 3.122449E+01  9.920064E-10
 3.204082E+01  9.594413E-10
 3.285714E+01  9.344978E-10
 3.367347E+01  9.164556E-10
 3.448980E+01  8.912925E-10
 3.530612E+01  8.702117E-10
 3.612245E+01  8.501986E-10
 3.693878E+01  8.364258E-10
 3.775510E+01  8.181095E-10
 3.857143E+01  8.002246E-10
 3.938776E+01  7.873420E-10
 4.020408E+01  7.707887E-10
 4.102041E+01  7.576224E-10
 4.183673E+01  7.447919E-10
 4.265306E+01  7.319928E-10
 4.346939E+01  7.207980E-10
 4.428571E+01  7.072638E-10
 4.510204E+01  6.953597E-10
 4.591837E+01  6.856199E-10
 4.673469E+01  6.750896E-10
 4.755102E+01  6.650507E-10
 4.836735E+01  6.544762E-10
 4.918367E+01  6.455327E-10
 5.000000E+01  6.362401E-10
