 1.000000E+01  3.088409E-03
 1.081633E+01  3.100287E-03
 1.163265E+01  2.974755E-03
 1.244898E+01  2.831410E-03
 1.326531E+01  2.560461E-03
 1.408163E+01  2.226934E-03
 1.489796E+01  1.811786E-03
 1.571429E+01  1.357178E-03
 1.653061E+01  9.183325E-04
 1.734694E+01  5.002675E-04
 1.816327E+01  1.834184E-04
 1.897959E+01  1.233326E-05
 1.979592E+01  1.862377E-08
 2.061224E+01  1.397768E-08
 2.142857E+01  9.945004E-09
 2.224490E+01  6.461904E-09
 2.306122E+01  3.903205E-09
 2.387755E+01  2.638222E-09
 2.469388E+01  2.462567E-09
 2.551020E+01  2.375637E-09
 2.632653E+01  2.286344E-09
 2.714286E+01  2.207530E-09
 2.795918E+01  2.129382E-09
 2.877551E+01  2.069527E-09
 2.959184E+01  2.009829E-09
 3.040816E+01  1.963234E-09
 3.122449E+01  1.911287E-09
 3.204082E+01  1.865867E-09
 3.285714E+01  1.819920E-09
 3.367347E+01  1.784191E-09
 3.448980E+01  1.745452E-09
 3.530612E+01  1.709464E-09
 3.612245E+01  1.671364E-09
 3.693878E+01  1.639629E-09
 3.775510E+01  1.607266E-09
 3.857143E+01  1.576952E-09
 3.938776E+01  1.555668E-09
 4.020408E+01  1.521456E-09
 4.102041E+01  1.494766E-09
 4.183673E+01  1.464670E-09
 4.265306E+01  1.441110E-09
 4.346939E+01  1.417377E-09
 4.428571E+01  1.391229E-09
 4.510204E+01  1.372271E-09
 4.591837E+01  1.348505E-09
 4.673469E+01  1.324306E-09
 4.755102E+01  1.306430E-09
 4.836735E+01  1.283395E-09
 4.918367E+01  1.265076E-09
 5.000000E+01  1.249301E-09
