 1.000000E+01  3.072210E-03
 1.081633E+01  3.146669E-03
 1.163265E+01  3.015052E-03
 1.244898E+01  2.831990E-03
 1.326531E+01  2.554317E-03
 1.408163E+01  2.201756E-03
 1.489796E+01  1.815415E-03
 1.571429E+01  1.337318E-03
 1.653061E+01  9.116781E-04
 1.734694E+01  5.002682E-04
 1.816327E+01  1.830024E-04
 1.897959E+01  1.259290E-05
 1.979592E+01  1.855618E-08
 2.061224E+01  1.398978E-08
 2.142857E+01  9.911922E-09
 2.224490E+01  6.447157E-09
 2.306122E+01  3.905207E-09
 2.387755E+01  2.635083E-09
 2.469388E+01  2.471545E-09
 2.551020E+01  2.378096E-09
 2.632653E+01  2.266305E-09
 2.714286E+01  2.189265E-09
 2.795918E+01  2.136148E-09
 2.877551E+01  2.068919E-09
 2.959184E+01  2.008357E-09
 3.040816E+01  1.961518E-09
 3.122449E+01  1.907976E-09
 3.204082E+01  1.865255E-09
 3.285714E+01  1.816537E-09
 3.367347E+01  1.780536E-09
 3.448980E+01  1.739122E-09
 3.530612E+01  1.706065E-09
 3.612245E+01  1.675333E-09
 3.693878E+01  1.637914E-09
 3.775510E+01  1.601824E-09
 3.857143E+01  1.581624E-09
 3.938776E+01  1.544693E-09
 4.020408E+01  1.520118E-09
 4.102041E+01  1.493662E-09
 4.183673E+01  1.466169E-09
 4.265306E+01  1.441761E-09
 4.346939E+01  1.417696E-09
 4.428571E+01  1.397225E-09
 4.510204E+01  1.368590E-09
 4.591837E+01  1.344288E-09
 4.673469E+01  1.328922E-09
 4.755102E+01  1.305551E-09
 4.836735E+01  1.285624E-09
 4.918367E+01  1.264511E-09
 5.000000E+01  1.247334E-09
