 1.000000E+01  1.331670E-02
 1.081633E+01  1.504648E-02
 1.163265E+01  1.610278E-02
 1.244898E+01  1.702498E-02
 1.326531E+01  1.737589E-02
 1.408163E+01  1.765733E-02
 1.489796E+01  1.771771E-02
 1.571429E+01  1.756271E-02
 1.653061E+01  1.701965E-02
 1.734694E+01  1.602219E-02
 1.816327E+01  1.497317E-02
 1.897959E+01  1.363763E-02
 1.979592E+01  1.210426E-02
 2.061224E+01  1.015093E-02
 2.142857E+01  8.655833E-03
 2.224490E+01  6.804192E-03
 2.306122E+01  5.059466E-03
 2.387755E+01  3.324466E-03
 2.469388E+01  1.847882E-03
 2.551020E+01  7.013489E-04
 2.632653E+01  1.081876E-04
 2.714286E+01  1.137684E-07
 2.795918E+01  9.515148E-08
 2.877551E+01  7.684007E-08
 2.959184E+01  6.011057E-08
 3.040816E+01  4.516754E-08
 3.122449E+01  3.248178E-08
 3.204082E+01  2.269435E-08
 3.285714E+01  1.637021E-08
 3.367347E+01  1.437921E-08
 3.448980E+01  1.396205E-08
 3.530612E+01  1.354305E-08
 3.612245E+01  1.317081E-08
 3.693878E+01  1.284463E-08
 3.775510E+01  1.257765E-08
 3.857143E+01  1.223150E-08
 3.938776E+01  1.202047E-08
 4.020408E+01  1.174092E-08
 4.102041E+01  1.149053E-08
 4.183673E+01  1.127514E-08
 4.265306E+01  1.106929E-08
 4.346939E+01  1.088712E-08
 4.428571E+01  1.065565E-08
 4.510204E+01  1.049766E-08
 4.591837E+01  1.032245E-08
 4.673469E+01  1.015420E-08
 4.755102E+01  1.001551E-08
 4.836735E+01  9.854007E-09
 4.918367E+01  9.712022E-09
 5.000000E+01  9.559770E-09
