 1.000000E+01  1.244507E-03
 1.081633E+01  1.345210E-03
 1.163265E+01  1.359530E-03
 1.244898E+01  1.340351E-03
 1.326531E+01  1.364320E-03
 1.408163E+01  1.296314E-03
 1.489796E+01  1.246878E-03
 1.571429E+01  1.095699E-03
 1.653061E+01  8.721559E-04
 1.734694E+01  7.887076E-04
 1.816327E+01  6.198287E-04
 1.897959E+01  4.503727E-04
 1.979592E+01  2.858409E-04
 2.061224E+01  1.501459E-04
 2.142857E+01  4.861432E-05
 2.224490E+01  1.397489E-06
 2.306122E+01  8.043182E-09
 2.387755E+01  6.371431E-09
 2.469388E+01  4.799617E-09
 2.551020E+01  3.390562E-09
 2.632653E+01  2.261672E-09
 2.714286E+01  1.475143E-09
 2.795918E+01  1.135502E-09
 2.877551E+01  1.092148E-09
 2.959184E+01  1.056550E-09
 3.040816E+01  1.020379E-09
 3.122449E+01  9.867496E-10
 3.204082E+01  9.585796E-10
 3.285714E+01  9.362334E-10
 3.367347E+01  9.131801E-10
 3.448980E+01  8.907557E-10
 3.530612E+01  8.727690E-10
 3.612245E+01  8.546189E-10
 3.693878E+01  8.336979E-10
 3.775510E+01  8.182207E-10
 3.857143E+01  8.016107E-10
 3.938776E+01  7.860964E-10
 4.020408E+01  7.720846E-10
 4.102041E+01  7.577562E-10
 4.183673E+01  7.459848E-10
 4.265306E+01  7.310944E-10
 4.346939E+01  7.207417E-10
 4.428571E+01  7.086125E-10
 4.510204E+01  6.965721E-10
 4.591837E+01  6.865809E-10
 4.673469E+01  6.756436E-10
 4.755102E+01  6.641990E-10
 4.836735E+01  6.557584E-10
 4.918367E+01  6.448352E-10
 5.000000E+01  6.348444E-10
