10.0 0.0006264035925612761
10.81633 0.0006736637
11.63265 0.000741126
12.44898 0.0007699481
13.26531 0.0008699443
14.08163 0.000910165
14.89796 0.0009496251
15.71429 0.0009974481
16.53061 0.001006801
17.34694 0.001038664
18.16327 0.001037737
18.97959 0.001022089
19.79592 0.001015066
20.61224 0.0009708888
21.42857 0.000942984
22.2449 0.0009073039
23.06122 0.0008327137
23.87755 0.0007747857
24.69388 0.0007127705
25.5102 0.000625909
26.32653 0.0005484913
27.14286 0.0004602169
27.95918 0.0003732068
28.77551 0.0002880398
29.59184 0.0002087369
30.40816 0.0001371659
31.22449 7.581117e-05
32.04082 3.030568e-05
32.85714 4.414007e-06
33.67347 6.89573e-09
34.4898 5.935054e-09
35.30612 5.082814e-09
36.12245 4.257437e-09
36.93878 3.47454e-09
37.7551 2.74301e-09
38.57143 2.1225e-09
39.38776 1.595025e-09
40.20408 1.185786e-09
41.02041 9.311166e-10
41.83673 8.500433e-10
42.65306 8.234956e-10
43.46939 8.044497e-10
44.28571 7.877146e-10
45.10204 7.706916e-10
45.91837 7.535852e-10
46.73469 7.374018e-10
47.55102 7.229823e-10
48.36735 7.124097e-10
49.18367 6.991434e-10
50.0 6.888977e-10
