 1.000000E+01  6.029720E-04
 1.081633E+01  6.674471E-04
 1.163265E+01  7.443980E-04
 1.244898E+01  8.078568E-04
 1.326531E+01  8.611063E-04
 1.408163E+01  9.069836E-04
 1.489796E+01  9.740004E-04
 1.571429E+01  9.916365E-04
 1.653061E+01  1.022785E-03
 1.734694E+01  9.102784E-04
 1.816327E+01  8.839486E-04
 1.897959E+01  1.014148E-03
 1.979592E+01  9.572781E-04
 2.061224E+01  1.000575E-03
 2.142857E+01  9.596944E-04
 2.224490E+01  8.494872E-04
 2.306122E+01  8.514568E-04
 2.387755E+01  7.856963E-04
 2.469388E+01  7.156909E-04
 2.551020E+01  6.264079E-04
 2.632653E+01  5.425134E-04
 2.714286E+01  4.598712E-04
 2.795918E+01  3.723684E-04
 2.877551E+01  2.903356E-04
 2.959184E+01  2.083371E-04
 3.040816E+01  1.367198E-04
 3.122449E+01  7.600522E-05
 3.204082E+01  3.041220E-05
 3.285714E+01  4.369162E-06
 3.367347E+01  6.875771E-09
 3.448980E+01  5.975409E-09
 3.530612E+01  5.064067E-09
 3.612245E+01  4.270986E-09
 3.693878E+01  3.464105E-09
 3.775510E+01  2.765481E-09
 3.857143E+01  2.121697E-09
 3.938776E+01  1.592182E-09
 4.020408E+01  1.186744E-09
 4.102041E+01  9.312320E-10
 4.183673E+01  8.493512E-10
 4.265306E+01  8.246277E-10
 4.346939E+01  8.055434E-10
 4.428571E+01  7.884737E-10
 4.510204E+01  7.730824E-10
 4.591837E+01  7.499822E-10
 4.673469E+01  7.384180E-10
 4.755102E+01  7.249996E-10
 4.836735E+01  7.117966E-10
 4.918367E+01  7.007461E-10
 5.000000E+01  6.877750E-10
