 1.000000E+01  7.768715E-04
 1.081633E+01  6.007529E-04
 1.163265E+01  4.491459E-04
 1.244898E+01  3.162693E-04
 1.326531E+01  2.134921E-04
 1.408163E+01  1.284357E-04
 1.489796E+01  6.949202E-05
 1.571429E+01  3.089731E-05
 1.653061E+01  9.386916E-06
 1.734694E+01  1.192068E-06
 1.816327E+01  3.283903E-09
 1.897959E+01  2.694455E-09
 1.979592E+01  2.277696E-09
 2.061224E+01  1.997226E-09
 2.142857E+01  1.828037E-09
 2.224490E+01  1.725196E-09
 2.306122E+01  1.653730E-09
 2.387755E+01  1.593455E-09
 2.469388E+01  1.536801E-09
 2.551020E+01  1.475651E-09
 2.632653E+01  1.425344E-09
 2.714286E+01  1.383752E-09
 2.795918E+01  1.337237E-09
 2.877551E+01  1.289326E-09
 2.959184E+01  1.249940E-09
 3.040816E+01  1.212143E-09
 3.122449E+01  1.177090E-09
 3.204082E+01  1.140593E-09
 3.285714E+01  1.107684E-09
 3.367347E+01  1.078423E-09
 3.448980E+01  1.045660E-09
 3.530612E+01  1.021317E-09
 3.612245E+01  9.944595E-10
 3.693878E+01  9.642244E-10
 3.775510E+01  9.393013E-10
 3.857143E+01  9.147721E-10
 3.938776E+01  8.924503E-10
 4.020408E+01  8.712784E-10
 4.102041E+01  8.500606E-10
 4.183673E+01  8.285893E-10
 4.265306E+01  8.053148E-10
 4.346939E+01  7.879442E-10
 4.428571E+01  7.701321E-10
 4.510204E+01  7.540594E-10
 4.591837E+01  7.355686E-10
 4.673469E+01  7.198446E-10
 4.755102E+01  7.056038E-10
 4.836735E+01  6.869070E-10
 4.918367E+01  6.723482E-10
 5.000000E+01  6.589880E-10
