10.0 0.06476284
10.81633 0.0479467
11.63265 0.03453532298144558
12.44898 0.02302977
13.26531 0.0142115033930887
14.08163 0.007173556
14.89796 0.003268261
15.71429 0.0009871395
16.53061 0.0001198962
17.34694 3.198555e-07
18.16327 2.590584e-07
18.97959 2.191537e-07
19.79592 1.932182e-07
20.61224 1.774398e-07
21.42857 1.684326e-07
22.2449 1.61899e-07
23.06122 1.544263e-07
23.87755 1.487357e-07
24.69388 1.435269e-07
25.5102 1.383984e-07
26.32653 1.330136e-07
27.14286 1.289018e-07
27.95918 1.241215e-07
28.77551 1.208944e-07
29.59184 1.165732e-07
30.40816 1.130055e-07
31.22449 1.10009e-07
32.04082 1.064658e-07
32.85714 1.0346e-07
33.67347 1.001373e-07
34.4898 9.754114e-08
35.30612 9.488752e-08
36.12245 9.216972e-08
36.93878 8.957659e-08
37.7551 8.742609e-08
38.57143 8.49376e-08
39.38776 8.278934e-08
40.20408 8.073863e-08
41.02041 7.875665e-08
41.83673 7.655037e-08
42.65306 7.485261e-08
43.46939 7.297823e-08
44.28571 7.145896e-08
45.10204 6.950313e-08
45.91837 6.800084e-08
46.73469 6.651056e-08
47.55102 6.51148e-08
48.36735 6.356031e-08
49.18367 6.192479e-08
50.0 6.067287e-08
