 1.000000E+01  1.170577E-03
 1.081633E+01  9.771100E-04
 1.163265E+01  8.015382E-04
 1.244898E+01  6.451575E-04
 1.326531E+01  5.059306E-04
 1.408163E+01  3.766969E-04
 1.489796E+01  2.753561E-04
 1.571429E+01  1.854557E-04
 1.653061E+01  1.171391E-04
 1.734694E+01  6.637970E-05
 1.816327E+01  3.200163E-05
 1.897959E+01  1.156274E-05
 1.979592E+01  2.355717E-06
 2.061224E+01  5.481570E-08
 2.142857E+01  3.102529E-09
 2.224490E+01  2.612528E-09
 2.306122E+01  2.283275E-09
 2.387755E+01  2.041437E-09
 2.469388E+01  1.894080E-09
 2.551020E+01  1.793793E-09
 2.632653E+01  1.726942E-09
 2.714286E+01  1.671792E-09
 2.795918E+01  1.612873E-09
 2.877551E+01  1.565882E-09
 2.959184E+01  1.519767E-09
 3.040816E+01  1.473770E-09
 3.122449E+01  1.430226E-09
 3.204082E+01  1.388094E-09
 3.285714E+01  1.347263E-09
 3.367347E+01  1.310612E-09
 3.448980E+01  1.278159E-09
 3.530612E+01  1.241855E-09
 3.612245E+01  1.215581E-09
 3.693878E+01  1.183418E-09
 3.775510E+01  1.154898E-09
 3.857143E+01  1.120473E-09
 3.938776E+01  1.096287E-09
 4.020408E+01  1.068549E-09
 4.102041E+01  1.048210E-09
 4.183673E+01  1.019826E-09
 4.265306E+01  9.976150E-10
 4.346939E+01  9.727963E-10
 4.428571E+01  9.529420E-10
 4.510204E+01  9.342642E-10
 4.591837E+01  9.126128E-10
 4.673469E+01  8.928015E-10
 4.755102E+01  8.756810E-10
 4.836735E+01  8.548878E-10
 4.918367E+01  8.387058E-10
 5.000000E+01  8.194757E-10
