 1.000000E+01  7.778511E-04
 1.081633E+01  6.091566E-04
 1.163265E+01  4.506318E-04
 1.244898E+01  3.194164E-04
 1.326531E+01  2.072156E-04
 1.408163E+01  1.277573E-04
 1.489796E+01  6.929736E-05
 1.571429E+01  2.999287E-05
 1.653061E+01  9.450711E-06
 1.734694E+01  1.192051E-06
 1.816327E+01  3.279258E-09
 1.897959E+01  2.701975E-09
 1.979592E+01  2.276638E-09
 2.061224E+01  1.989597E-09
 2.142857E+01  1.831823E-09
 2.224490E+01  1.735885E-09
 2.306122E+01  1.654254E-09
 2.387755E+01  1.589311E-09
 2.469388E+01  1.524103E-09
 2.551020E+01  1.477388E-09
 2.632653E+01  1.429553E-09
 2.714286E+01  1.379714E-09
 2.795918E+01  1.340539E-09
 2.877551E+01  1.292922E-09
 2.959184E+01  1.250527E-09
 3.040816E+01  1.214028E-09
 3.122449E+01  1.177773E-09
 3.204082E+01  1.144112E-09
 3.285714E+01  1.110569E-09
 3.367347E+01  1.078220E-09
 3.448980E+01  1.049235E-09
 3.530612E+01  1.017750E-09
 3.612245E+01  9.898505E-10
 3.693878E+01  9.670374E-10
 3.775510E+01  9.397506E-10
 3.857143E+01  9.154952E-10
 3.938776E+01  8.942206E-10
 4.020408E+01  8.693720E-10
 4.102041E+01  8.476113E-10
 4.183673E+01  8.270058E-10
 4.265306E+01  8.081231E-10
 4.346939E+01  7.902963E-10
 4.428571E+01  7.702302E-10
 4.510204E+01  7.528407E-10
 4.591837E+01  7.350709E-10
 4.673469E+01  7.195401E-10
 4.755102E+01  7.011927E-10
 4.836735E+01  6.876896E-10
 4.918367E+01  6.731151E-10
 5.000000E+01  6.563626E-10
