 1.000000E+01  1.157528E-03
 1.081633E+01  9.574059E-04
 1.163265E+01  7.985627E-04
 1.244898E+01  6.404744E-04
 1.326531E+01  4.984646E-04
 1.408163E+01  3.790924E-04
 1.489796E+01  2.704421E-04
 1.571429E+01  1.872204E-04
 1.653061E+01  1.121571E-04
 1.734694E+01  6.524881E-05
 1.816327E+01  3.173996E-05
 1.897959E+01  1.156850E-05
 1.979592E+01  2.332183E-06
 2.061224E+01  5.479749E-08
 2.142857E+01  3.086498E-09
 2.224490E+01  2.633330E-09
 2.306122E+01  2.269100E-09
 2.387755E+01  2.049773E-09
 2.469388E+01  1.890639E-09
 2.551020E+01  1.800205E-09
 2.632653E+01  1.725746E-09
 2.714286E+01  1.672173E-09
 2.795918E+01  1.616682E-09
 2.877551E+01  1.571808E-09
 2.959184E+01  1.522618E-09
 3.040816E+01  1.467801E-09
 3.122449E+01  1.428841E-09
 3.204082E+01  1.389695E-09
 3.285714E+01  1.347821E-09
 3.367347E+01  1.310160E-09
 3.448980E+01  1.274647E-09
 3.530612E+01  1.242745E-09
 3.612245E+01  1.215199E-09
 3.693878E+01  1.180651E-09
 3.775510E+01  1.152460E-09
 3.857143E+01  1.120151E-09
 3.938776E+01  1.098614E-09
 4.020408E+01  1.074773E-09
 4.102041E+01  1.046178E-09
 4.183673E+01  1.020586E-09
 4.265306E+01  1.001991E-09
 4.346939E+01  9.750333E-10
 4.428571E+01  9.546889E-10
 4.510204E+01  9.355180E-10
 4.591837E+01  9.123354E-10
 4.673469E+01  8.951000E-10
 4.755102E+01  8.715627E-10
 4.836735E+01  8.550703E-10
 4.918367E+01  8.417008E-10
 5.000000E+01  8.231498E-10
