10.0 0.06496105
10.81633 0.04845251
11.63265 0.03457502
12.44898 0.02301094
13.26531 0.014111876826479186
14.08163 0.007334572
14.89796 0.00326331
15.71429 0.0009830564
16.53061 0.0001195887
17.34694 3.181571e-07
18.16327 2.599926e-07
18.97959 2.19959e-07
19.79592 1.933216e-07
20.61224 1.775704e-07
21.42857 1.690884e-07
22.2449 1.607721e-07
23.06122 1.550443e-07
23.87755 1.487602e-07
24.69388 1.436049e-07
25.5102 1.385448e-07
26.32653 1.336416e-07
27.14286 1.292354e-07
27.95918 1.250033e-07
28.77551 1.206581e-07
29.59184 1.163785e-07
30.40816 1.132517e-07
31.22449 1.097692e-07
32.04082 1.066386e-07
32.85714 1.036274e-07
33.67347 1.004584e-07
34.4898 9.748093e-08
35.30612 9.500495e-08
36.12245 9.228416e-08
36.93878 8.964751e-08
37.7551 8.750192e-08
38.57143 8.527315e-08
39.38776 8.290908e-08
40.20408 8.058092e-08
41.02041 7.86879e-08
41.83673 7.681906e-08
42.65306 7.48858e-08
43.46939 7.319992e-08
44.28571 7.123278e-08
45.10204 6.949575e-08
45.91837 6.817636e-08
46.73469 6.641341e-08
47.55102 6.5054e-08
48.36735 6.347293e-08
49.18367 6.218723e-08
50.0 6.062047e-08
