 1.000000E+01  1.019443E-05
 1.030612E+01  1.000337E-05
 1.061224E+01  9.728435E-06
 1.091837E+01  9.400694E-06
 1.122449E+01  9.029221E-06
 1.153061E+01  8.568451E-06
 1.183673E+01  8.084918E-06
 1.214286E+01  7.551252E-06
 1.244898E+01  6.981965E-06
 1.275510E+01  6.375629E-06
 1.306122E+01  5.741684E-06
 1.336735E+01  5.080964E-06
 1.367347E+01  4.428375E-06
 1.397959E+01  3.767896E-06
 1.428571E+01  3.125938E-06
 1.459184E+01  2.502244E-06
 1.489796E+01  1.912933E-06
 1.520408E+01  1.377604E-06
 1.551020E+01  9.034257E-07
 1.581633E+01  5.124431E-07
 1.612245E+01  2.206309E-07
 1.642857E+01  4.433076E-08
 1.673469E+01  8.824876E-11
 1.704082E+01  7.851538E-11
 1.734694E+01  7.022490E-11
 1.765306E+01  6.259585E-11
 1.795918E+01  5.531184E-11
 1.826531E+01  4.861601E-11
 1.857143E+01  4.229658E-11
 1.887755E+01  3.637760E-11
 1.918367E+01  3.102253E-11
 1.948980E+01  2.626926E-11
 1.979592E+01  2.219330E-11
 2.010204E+01  1.887021E-11
 2.040816E+01  1.646702E-11
 2.071429E+01  1.502390E-11
 2.102041E+01  1.449304E-11
 2.132653E+01  1.405416E-11
 2.163265E+01  1.364054E-11
 2.193878E+01  1.328185E-11
 2.224490E+01  1.293950E-11
 2.255102E+01  1.261108E-11
 2.285714E+01  1.228354E-11
 2.316327E+01  1.199895E-11
 2.346939E+01  1.169716E-11
 2.377551E+01  1.143584E-11
 2.408163E+01  1.119940E-11
 2.438776E+01  1.094685E-11
 2.469388E+01  1.071463E-11
 2.500000E+01  1.049384E-11
