 1.000000E+01  4.744947E-04
 1.030612E+01  4.714686E-04
 1.061224E+01  4.684961E-04
 1.091837E+01  4.629963E-04
 1.122449E+01  4.552958E-04
 1.153061E+01  4.430357E-04
 1.183673E+01  4.318802E-04
 1.214286E+01  4.162878E-04
 1.244898E+01  3.998526E-04
 1.275510E+01  3.814950E-04
 1.306122E+01  3.604896E-04
 1.336735E+01  3.381618E-04
 1.367347E+01  3.140507E-04
 1.397959E+01  2.890672E-04
 1.428571E+01  2.635113E-04
 1.459184E+01  2.370216E-04
 1.489796E+01  2.101778E-04
 1.520408E+01  1.828021E-04
 1.551020E+01  1.560981E-04
 1.581633E+01  1.296601E-04
 1.612245E+01  1.045790E-04
 1.642857E+01  8.102700E-05
 1.673469E+01  5.934289E-05
 1.704082E+01  4.021660E-05
 1.734694E+01  2.408982E-05
 1.765306E+01  1.160363E-05
 1.795918E+01  3.379926E-06
 1.826531E+01  4.306465E-08
 1.857143E+01  3.710939E-09
 1.887755E+01  3.348169E-09
 1.918367E+01  3.025267E-09
 1.948980E+01  2.716158E-09
 1.979592E+01  2.429664E-09
 2.010204E+01  2.154499E-09
 2.040816E+01  1.891904E-09
 2.071429E+01  1.650829E-09
 2.102041E+01  1.427333E-09
 2.132653E+01  1.230489E-09
 2.163265E+01  1.055472E-09
 2.193878E+01  9.068367E-10
 2.224490E+01  7.901434E-10
 2.255102E+01  7.088002E-10
 2.285714E+01  6.670534E-10
 2.316327E+01  6.485465E-10
 2.346939E+01  6.313471E-10
 2.377551E+01  6.152907E-10
 2.408163E+01  6.001979E-10
 2.438776E+01  5.850548E-10
 2.469388E+01  5.725387E-10
 2.500000E+01  5.593040E-10
