 1.000000E+01  2.591435E-04
 1.030612E+01  2.668741E-04
 1.061224E+01  2.736213E-04
 1.091837E+01  2.806413E-04
 1.122449E+01  2.864457E-04
 1.153061E+01  2.907895E-04
 1.183673E+01  2.953956E-04
 1.214286E+01  2.990040E-04
 1.244898E+01  3.024487E-04
 1.275510E+01  3.043469E-04
 1.306122E+01  3.058465E-04
 1.336735E+01  3.073837E-04
 1.367347E+01  3.068956E-04
 1.397959E+01  3.059777E-04
 1.428571E+01  3.045060E-04
 1.459184E+01  3.021066E-04
 1.489796E+01  2.991690E-04
 1.520408E+01  2.947086E-04
 1.551020E+01  2.897880E-04
 1.581633E+01  2.846367E-04
 1.612245E+01  2.779168E-04
 1.642857E+01  2.709266E-04
 1.673469E+01  2.634010E-04
 1.704082E+01  2.550652E-04
 1.734694E+01  2.459646E-04
 1.765306E+01  2.367001E-04
 1.795918E+01  2.260525E-04
 1.826531E+01  2.153385E-04
 1.857143E+01  2.042290E-04
 1.887755E+01  1.923199E-04
 1.918367E+01  1.807898E-04
 1.948980E+01  1.683446E-04
 1.979592E+01  1.558149E-04
 2.010204E+01  1.429048E-04
 2.040816E+01  1.304644E-04
 2.071429E+01  1.176610E-04
 2.102041E+01  1.050767E-04
 2.132653E+01  9.261758E-05
 2.163265E+01  8.052784E-05
 2.193878E+01  6.885431E-05
 2.224490E+01  5.756607E-05
 2.255102E+01  4.706913E-05
 2.285714E+01  3.715581E-05
 2.316327E+01  2.823854E-05
 2.346939E+01  2.023001E-05
 2.377551E+01  1.334878E-05
 2.408163E+01  7.729102E-06
 2.438776E+01  3.545083E-06
 2.469388E+01  9.156204E-07
 2.500000E+01  2.612781E-09
