 1.000000E+01  1.251317E-04
 1.030612E+01  1.258623E-04
 1.061224E+01  1.257329E-04
 1.091837E+01  1.254566E-04
 1.122449E+01  1.242712E-04
 1.153061E+01  1.228340E-04
 1.183673E+01  1.205600E-04
 1.214286E+01  1.181743E-04
 1.244898E+01  1.147300E-04
 1.275510E+01  1.110092E-04
 1.306122E+01  1.067813E-04
 1.336735E+01  1.021425E-04
 1.367347E+01  9.686907E-05
 1.397959E+01  9.134660E-05
 1.428571E+01  8.558456E-05
 1.459184E+01  7.944985E-05
 1.489796E+01  7.286123E-05
 1.520408E+01  6.622647E-05
 1.551020E+01  5.932308E-05
 1.581633E+01  5.253128E-05
 1.612245E+01  4.568497E-05
 1.642857E+01  3.892581E-05
 1.673469E+01  3.235305E-05
 1.704082E+01  2.611215E-05
 1.734694E+01  2.024075E-05
 1.765306E+01  1.487201E-05
 1.795918E+01  1.013125E-05
 1.826531E+01  6.127416E-06
 1.857143E+01  3.022473E-06
 1.887755E+01  9.380538E-07
 1.918367E+01  2.826270E-08
 1.948980E+01  1.000506E-09
 1.979592E+01  9.070596E-10
 2.010204E+01  8.236866E-10
 2.040816E+01  7.452839E-10
 2.071429E+01  6.707164E-10
 2.102041E+01  5.991699E-10
 2.132653E+01  5.315109E-10
 2.163265E+01  4.681556E-10
 2.193878E+01  4.099415E-10
 2.224490E+01  3.559509E-10
 2.255102E+01  3.081967E-10
 2.285714E+01  2.663826E-10
 2.316327E+01  2.316092E-10
 2.346939E+01  2.043156E-10
 2.377551E+01  1.856404E-10
 2.408163E+01  1.767379E-10
 2.438776E+01  1.721417E-10
 2.469388E+01  1.678432E-10
 2.500000E+01  1.635565E-10
