 1.000000E+01  5.160145E-05
 1.030612E+01  5.260129E-05
 1.061224E+01  5.357970E-05
 1.091837E+01  5.434509E-05
 1.122449E+01  5.506056E-05
 1.153061E+01  5.544154E-05
 1.183673E+01  5.569443E-05
 1.214286E+01  5.580454E-05
 1.244898E+01  5.566740E-05
 1.275510E+01  5.541875E-05
 1.306122E+01  5.502543E-05
 1.336735E+01  5.427644E-05
 1.367347E+01  5.357054E-05
 1.397959E+01  5.254064E-05
 1.428571E+01  5.147295E-05
 1.459184E+01  5.009472E-05
 1.489796E+01  4.861193E-05
 1.520408E+01  4.701527E-05
 1.551020E+01  4.516156E-05
 1.581633E+01  4.329104E-05
 1.612245E+01  4.116435E-05
 1.642857E+01  3.899571E-05
 1.673469E+01  3.667976E-05
 1.704082E+01  3.433795E-05
 1.734694E+01  3.183513E-05
 1.765306E+01  2.931755E-05
 1.795918E+01  2.674395E-05
 1.826531E+01  2.411807E-05
 1.857143E+01  2.158307E-05
 1.887755E+01  1.898574E-05
 1.918367E+01  1.644382E-05
 1.948980E+01  1.399045E-05
 1.979592E+01  1.162642E-05
 2.010204E+01  9.421538E-06
 2.040816E+01  7.335039E-06
 2.071429E+01  5.455774E-06
 2.102041E+01  3.780644E-06
 2.132653E+01  2.373205E-06
 2.163265E+01  1.254950E-06
 2.193878E+01  4.704049E-07
 2.224490E+01  5.590098E-08
 2.255102E+01  4.546904E-10
 2.285714E+01  4.176508E-10
 2.316327E+01  3.845188E-10
 2.346939E+01  3.524663E-10
 2.377551E+01  3.242611E-10
 2.408163E+01  2.955507E-10
 2.438776E+01  2.688698E-10
 2.469388E+01  2.434610E-10
 2.500000E+01  2.189951E-10
