 1.000000E+01  5.154114E-05
 1.030612E+01  5.266459E-05
 1.061224E+01  5.357559E-05
 1.091837E+01  5.416895E-05
 1.122449E+01  5.500997E-05
 1.153061E+01  5.532718E-05
 1.183673E+01  5.573343E-05
 1.214286E+01  5.579139E-05
 1.244898E+01  5.569780E-05
 1.275510E+01  5.552675E-05
 1.306122E+01  5.501585E-05
 1.336735E+01  5.443478E-05
 1.367347E+01  5.353197E-05
 1.397959E+01  5.257914E-05
 1.428571E+01  5.136184E-05
 1.459184E+01  5.010742E-05
 1.489796E+01  4.857864E-05
 1.520408E+01  4.704378E-05
 1.551020E+01  4.516094E-05
 1.581633E+01  4.326746E-05
 1.612245E+01  4.112759E-05
 1.642857E+01  3.900154E-05
 1.673469E+01  3.668582E-05
 1.704082E+01  3.439672E-05
 1.734694E+01  3.182521E-05
 1.765306E+01  2.932415E-05
 1.795918E+01  2.675813E-05
 1.826531E+01  2.410770E-05
 1.857143E+01  2.156187E-05
 1.887755E+01  1.896971E-05
 1.918367E+01  1.645586E-05
 1.948980E+01  1.398954E-05
 1.979592E+01  1.163972E-05
 2.010204E+01  9.411713E-06
 2.040816E+01  7.332167E-06
 2.071429E+01  5.444705E-06
 2.102041E+01  3.778847E-06
 2.132653E+01  2.368579E-06
 2.163265E+01  1.257294E-06
 2.193878E+01  4.704495E-07
 2.224490E+01  5.597559E-08
 2.255102E+01  4.553126E-10
 2.285714E+01  4.178861E-10
 2.316327E+01  3.842621E-10
 2.346939E+01  3.538512E-10
 2.377551E+01  3.239602E-10
 2.408163E+01  2.953825E-10
 2.438776E+01  2.692177E-10
 2.469388E+01  2.431765E-10
 2.500000E+01  2.188850E-10
