 1.000000E+01  5.580542E-04
 1.030612E+01  5.771638E-04
 1.061224E+01  5.946672E-04
 1.091837E+01  6.125602E-04
 1.122449E+01  6.279832E-04
 1.153061E+01  6.437923E-04
 1.183673E+01  6.559845E-04
 1.214286E+01  6.679858E-04
 1.244898E+01  6.806730E-04
 1.275510E+01  6.891087E-04
 1.306122E+01  6.983535E-04
 1.336735E+01  7.028079E-04
 1.367347E+01  7.093638E-04
 1.397959E+01  7.131855E-04
 1.428571E+01  7.153230E-04
 1.459184E+01  7.161097E-04
 1.489796E+01  7.147476E-04
 1.520408E+01  7.123580E-04
 1.551020E+01  7.065531E-04
 1.581633E+01  7.009745E-04
 1.612245E+01  6.937692E-04
 1.642857E+01  6.846012E-04
 1.673469E+01  6.740859E-04
 1.704082E+01  6.620913E-04
 1.734694E+01  6.483478E-04
 1.765306E+01  6.318536E-04
 1.795918E+01  6.144521E-04
 1.826531E+01  5.966385E-04
 1.857143E+01  5.773889E-04
 1.887755E+01  5.570375E-04
 1.918367E+01  5.349750E-04
 1.948980E+01  5.119931E-04
 1.979592E+01  4.882894E-04
 2.010204E+01  4.632732E-04
 2.040816E+01  4.368386E-04
 2.071429E+01  4.111075E-04
 2.102041E+01  3.843341E-04
 2.132653E+01  3.570470E-04
 2.163265E+01  3.284309E-04
 2.193878E+01  3.008403E-04
 2.224490E+01  2.736585E-04
 2.255102E+01  2.460612E-04
 2.285714E+01  2.186765E-04
 2.316327E+01  1.919482E-04
 2.346939E+01  1.659815E-04
 2.377551E+01  1.412043E-04
 2.408163E+01  1.178709E-04
 2.438776E+01  9.560070E-05
 2.469388E+01  7.505005E-05
 2.500000E+01  5.641620E-05
