 1.000000E+01  1.248039E-04
 1.030612E+01  1.255249E-04
 1.061224E+01  1.258366E-04
 1.091837E+01  1.250941E-04
 1.122449E+01  1.243032E-04
 1.153061E+01  1.226593E-04
 1.183673E+01  1.205839E-04
 1.214286E+01  1.180699E-04
 1.244898E+01  1.148664E-04
 1.275510E+01  1.109711E-04
 1.306122E+01  1.067480E-04
 1.336735E+01  1.020204E-04
 1.367347E+01  9.712169E-05
 1.397959E+01  9.127706E-05
 1.428571E+01  8.548469E-05
 1.459184E+01  7.942283E-05
 1.489796E+01  7.288349E-05
 1.520408E+01  6.620561E-05
 1.551020E+01  5.947173E-05
 1.581633E+01  5.249790E-05
 1.612245E+01  4.566608E-05
 1.642857E+01  3.889895E-05
 1.673469E+01  3.243342E-05
 1.704082E+01  2.611938E-05
 1.734694E+01  2.022508E-05
 1.765306E+01  1.487130E-05
 1.795918E+01  1.012529E-05
 1.826531E+01  6.143567E-06
 1.857143E+01  3.027934E-06
 1.887755E+01  9.376314E-07
 1.918367E+01  2.830173E-08
 1.948980E+01  9.988261E-10
 1.979592E+01  9.083828E-10
 2.010204E+01  8.227354E-10
 2.040816E+01  7.440112E-10
 2.071429E+01  6.695627E-10
 2.102041E+01  5.976620E-10
 2.132653E+01  5.317355E-10
 2.163265E+01  4.684190E-10
 2.193878E+01  4.103114E-10
 2.224490E+01  3.562624E-10
 2.255102E+01  3.079907E-10
 2.285714E+01  2.664262E-10
 2.316327E+01  2.314183E-10
 2.346939E+01  2.042364E-10
 2.377551E+01  1.856837E-10
 2.408163E+01  1.766953E-10
 2.438776E+01  1.719385E-10
 2.469388E+01  1.678761E-10
 2.500000E+01  1.635544E-10
