 1.000000E+01  5.582767E-04
 1.030612E+01  5.780590E-04
 1.061224E+01  5.940080E-04
 1.091837E+01  6.132989E-04
 1.122449E+01  6.286599E-04
 1.153061E+01  6.424975E-04
 1.183673E+01  6.560461E-04
 1.214286E+01  6.682107E-04
 1.244898E+01  6.791257E-04
 1.275510E+01  6.898018E-04
 1.306122E+01  6.980719E-04
 1.336735E+01  7.033145E-04
 1.367347E+01  7.090439E-04
 1.397959E+01  7.128183E-04
 1.428571E+01  7.141283E-04
 1.459184E+01  7.154175E-04
 1.489796E+01  7.129656E-04
 1.520408E+01  7.112583E-04
 1.551020E+01  7.077227E-04
 1.581633E+01  7.002425E-04
 1.612245E+01  6.937641E-04
 1.642857E+01  6.844363E-04
 1.673469E+01  6.737023E-04
 1.704082E+01  6.610038E-04
 1.734694E+01  6.476988E-04
 1.765306E+01  6.310964E-04
 1.795918E+01  6.163223E-04
 1.826531E+01  5.969351E-04
 1.857143E+01  5.777430E-04
 1.887755E+01  5.565512E-04
 1.918367E+01  5.349698E-04
 1.948980E+01  5.119738E-04
 1.979592E+01  4.873611E-04
 2.010204E+01  4.629382E-04
 2.040816E+01  4.366638E-04
 2.071429E+01  4.107272E-04
 2.102041E+01  3.837703E-04
 2.132653E+01  3.563074E-04
 2.163265E+01  3.286345E-04
 2.193878E+01  3.004799E-04
 2.224490E+01  2.732474E-04
 2.255102E+01  2.456635E-04
 2.285714E+01  2.184899E-04
 2.316327E+01  1.917887E-04
 2.346939E+01  1.661223E-04
 2.377551E+01  1.412583E-04
 2.408163E+01  1.177181E-04
 2.438776E+01  9.541298E-05
 2.469388E+01  7.497698E-05
 2.500000E+01  5.632981E-05
