 1.000000E+01  2.448055E-05
 1.030612E+01  2.548986E-05
 1.061224E+01  2.651450E-05
 1.091837E+01  2.757044E-05
 1.122449E+01  2.864171E-05
 1.153061E+01  2.954600E-05
 1.183673E+01  3.063048E-05
 1.214286E+01  3.156349E-05
 1.244898E+01  3.244629E-05
 1.275510E+01  3.335446E-05
 1.306122E+01  3.425025E-05
 1.336735E+01  3.508647E-05
 1.367347E+01  3.582519E-05
 1.397959E+01  3.658781E-05
 1.428571E+01  3.732992E-05
 1.459184E+01  3.790888E-05
 1.489796E+01  3.868692E-05
 1.520408E+01  3.924874E-05
 1.551020E+01  3.980264E-05
 1.581633E+01  4.012966E-05
 1.612245E+01  4.057418E-05
 1.642857E+01  4.094664E-05
 1.673469E+01  4.128714E-05
 1.704082E+01  4.153626E-05
 1.734694E+01  4.175110E-05
 1.765306E+01  4.179798E-05
 1.795918E+01  4.186848E-05
 1.826531E+01  4.196914E-05
 1.857143E+01  4.192145E-05
 1.887755E+01  4.181609E-05
 1.918367E+01  4.154690E-05
 1.948980E+01  4.133261E-05
 1.979592E+01  4.103543E-05
 2.010204E+01  4.078311E-05
 2.040816E+01  4.028877E-05
 2.071429E+01  3.992848E-05
 2.102041E+01  3.939892E-05
 2.132653E+01  3.869694E-05
 2.163265E+01  3.812511E-05
 2.193878E+01  3.729003E-05
 2.224490E+01  3.664559E-05
 2.255102E+01  3.579332E-05
 2.285714E+01  3.487185E-05
 2.316327E+01  3.396878E-05
 2.346939E+01  3.299600E-05
 2.377551E+01  3.199270E-05
 2.408163E+01  3.094424E-05
 2.438776E+01  2.981154E-05
 2.469388E+01  2.867960E-05
 2.500000E+01  2.748664E-05
