 1.000000E+01  2.439449E-05
 1.030612E+01  2.547925E-05
 1.061224E+01  2.651177E-05
 1.091837E+01  2.756563E-05
 1.122449E+01  2.858913E-05
 1.153061E+01  2.964180E-05
 1.183673E+01  3.064306E-05
 1.214286E+01  3.156186E-05
 1.244898E+01  3.246705E-05
 1.275510E+01  3.336872E-05
 1.306122E+01  3.423490E-05
 1.336735E+01  3.511182E-05
 1.367347E+01  3.583095E-05
 1.397959E+01  3.662656E-05
 1.428571E+01  3.732477E-05
 1.459184E+01  3.799399E-05
 1.489796E+01  3.862959E-05
 1.520408E+01  3.912763E-05
 1.551020E+01  3.967755E-05
 1.581633E+01  4.010678E-05
 1.612245E+01  4.057473E-05
 1.642857E+01  4.097271E-05
 1.673469E+01  4.129302E-05
 1.704082E+01  4.154081E-05
 1.734694E+01  4.171674E-05
 1.765306E+01  4.183821E-05
 1.795918E+01  4.195323E-05
 1.826531E+01  4.198521E-05
 1.857143E+01  4.188241E-05
 1.887755E+01  4.178067E-05
 1.918367E+01  4.164274E-05
 1.948980E+01  4.140603E-05
 1.979592E+01  4.104902E-05
 2.010204E+01  4.074525E-05
 2.040816E+01  4.036346E-05
 2.071429E+01  3.986241E-05
 2.102041E+01  3.935425E-05
 2.132653E+01  3.879756E-05
 2.163265E+01  3.805686E-05
 2.193878E+01  3.728793E-05
 2.224490E+01  3.658849E-05
 2.255102E+01  3.573523E-05
 2.285714E+01  3.490308E-05
 2.316327E+01  3.398476E-05
 2.346939E+01  3.300402E-05
 2.377551E+01  3.204781E-05
 2.408163E+01  3.096847E-05
 2.438776E+01  2.983452E-05
 2.469388E+01  2.869670E-05
 2.500000E+01  2.755704E-05
