 1.000000E+01  4.702045E-05
 1.030612E+01  4.417834E-05
 1.061224E+01  4.136485E-05
 1.091837E+01  3.860449E-05
 1.122449E+01  3.595758E-05
 1.153061E+01  3.337173E-05
 1.183673E+01  3.088014E-05
 1.214286E+01  2.850629E-05
 1.244898E+01  2.615675E-05
 1.275510E+01  2.391849E-05
 1.306122E+01  2.167746E-05
 1.336735E+01  1.968818E-05
 1.367347E+01  1.772553E-05
 1.397959E+01  1.591768E-05
 1.428571E+01  1.415243E-05
 1.459184E+01  1.254773E-05
 1.489796E+01  1.100218E-05
 1.520408E+01  9.595630E-06
 1.551020E+01  8.281943E-06
 1.581633E+01  7.099403E-06
 1.612245E+01  5.998029E-06
 1.642857E+01  5.011204E-06
 1.673469E+01  4.131798E-06
 1.704082E+01  3.344258E-06
 1.734694E+01  2.657520E-06
 1.765306E+01  2.067327E-06
 1.795918E+01  1.568329E-06
 1.826531E+01  1.148020E-06
 1.857143E+01  8.096426E-07
 1.887755E+01  5.416651E-07
 1.918367E+01  3.374955E-07
 1.948980E+01  1.924863E-07
 1.979592E+01  9.506137E-08
 2.010204E+01  3.736289E-08
 2.040816E+01  9.473880E-09
 2.071429E+01  7.915862E-10
 2.102041E+01  1.552095E-10
 2.132653E+01  1.444441E-10
 2.163265E+01  1.344813E-10
 2.193878E+01  1.259017E-10
 2.224490E+01  1.181410E-10
 2.255102E+01  1.111443E-10
 2.285714E+01  1.047884E-10
 2.316327E+01  9.925739E-11
 2.346939E+01  9.435347E-11
 2.377551E+01  8.994869E-11
 2.408163E+01  8.624300E-11
 2.438776E+01  8.301579E-11
 2.469388E+01  8.012512E-11
 2.500000E+01  7.768515E-11
