 1.000000E+01  4.687038E-05
 1.030612E+01  4.400141E-05
 1.061224E+01  4.135344E-05
 1.091837E+01  3.860872E-05
 1.122449E+01  3.594581E-05
 1.153061E+01  3.333232E-05
 1.183673E+01  3.090286E-05
 1.214286E+01  2.844571E-05
 1.244898E+01  2.616485E-05
 1.275510E+01  2.393616E-05
 1.306122E+01  2.176155E-05
 1.336735E+01  1.964816E-05
 1.367347E+01  1.779590E-05
 1.397959E+01  1.592352E-05
 1.428571E+01  1.414753E-05
 1.459184E+01  1.253659E-05
 1.489796E+01  1.102964E-05
 1.520408E+01  9.587147E-06
 1.551020E+01  8.298485E-06
 1.581633E+01  7.080904E-06
 1.612245E+01  6.004416E-06
 1.642857E+01  5.014948E-06
 1.673469E+01  4.121722E-06
 1.704082E+01  3.340028E-06
 1.734694E+01  2.657189E-06
 1.765306E+01  2.068628E-06
 1.795918E+01  1.566810E-06
 1.826531E+01  1.148020E-06
 1.857143E+01  8.099867E-07
 1.887755E+01  5.405848E-07
 1.918367E+01  3.382379E-07
 1.948980E+01  1.924983E-07
 1.979592E+01  9.509992E-08
 2.010204E+01  3.731202E-08
 2.040816E+01  9.473892E-09
 2.071429E+01  7.913344E-10
 2.102041E+01  1.553727E-10
 2.132653E+01  1.446583E-10
 2.163265E+01  1.352462E-10
 2.193878E+01  1.257683E-10
 2.224490E+01  1.179820E-10
 2.255102E+01  1.110293E-10
 2.285714E+01  1.049106E-10
 2.316327E+01  9.927169E-11
 2.346939E+01  9.422504E-11
 2.377551E+01  9.000131E-11
 2.408163E+01  8.635128E-11
 2.438776E+01  8.282974E-11
 2.469388E+01  8.006441E-11
 2.500000E+01  7.766480E-11
