 1.000000E+01  2.627134E-03
 1.030612E+01  2.364477E-03
 1.061224E+01  2.117452E-03
 1.091837E+01  1.880648E-03
 1.122449E+01  1.662600E-03
 1.153061E+01  1.453034E-03
 1.183673E+01  1.260808E-03
 1.214286E+01  1.084473E-03
 1.244898E+01  9.234889E-04
 1.275510E+01  7.750560E-04
 1.306122E+01  6.418900E-04
 1.336735E+01  5.233567E-04
 1.367347E+01  4.187687E-04
 1.397959E+01  3.277028E-04
 1.428571E+01  2.501184E-04
 1.459184E+01  1.852256E-04
 1.489796E+01  1.316652E-04
 1.520408E+01  8.918254E-05
 1.551020E+01  5.674618E-05
 1.581633E+01  3.289764E-05
 1.612245E+01  1.676391E-05
 1.642857E+01  6.948873E-06
 1.673469E+01  1.950617E-06
 1.704082E+01  2.082266E-07
 1.734694E+01  1.454239E-08
 1.765306E+01  1.333396E-08
 1.795918E+01  1.227744E-08
 1.826531E+01  1.133416E-08
 1.857143E+01  1.053618E-08
 1.887755E+01  9.837340E-09
 1.918367E+01  9.225346E-09
 1.948980E+01  8.706396E-09
 1.979592E+01  8.248482E-09
 2.010204E+01  7.845511E-09
 2.040816E+01  7.539180E-09
 2.071429E+01  7.247832E-09
 2.102041E+01  7.011739E-09
 2.132653E+01  6.819107E-09
 2.163265E+01  6.637854E-09
 2.193878E+01  6.462622E-09
 2.224490E+01  6.300065E-09
 2.255102E+01  6.135122E-09
 2.285714E+01  5.973420E-09
 2.316327E+01  5.821940E-09
 2.346939E+01  5.682814E-09
 2.377551E+01  5.542114E-09
 2.408163E+01  5.406359E-09
 2.438776E+01  5.284534E-09
 2.469388E+01  5.158497E-09
 2.500000E+01  5.035948E-09
