 1.000000E+01  3.146947E-05
 1.030612E+01  2.868403E-05
 1.061224E+01  2.599399E-05
 1.091837E+01  2.351687E-05
 1.122449E+01  2.113615E-05
 1.153061E+01  1.888010E-05
 1.183673E+01  1.672827E-05
 1.214286E+01  1.474123E-05
 1.244898E+01  1.282680E-05
 1.275510E+01  1.113234E-05
 1.306122E+01  9.519582E-06
 1.336735E+01  8.076764E-06
 1.367347E+01  6.766381E-06
 1.397959E+01  5.578118E-06
 1.428571E+01  4.521874E-06
 1.459184E+01  3.595671E-06
 1.489796E+01  2.799077E-06
 1.520408E+01  2.119165E-06
 1.551020E+01  1.551896E-06
 1.581633E+01  1.094436E-06
 1.612245E+01  7.281126E-07
 1.642857E+01  4.541072E-07
 1.673469E+01  2.562089E-07
 1.704082E+01  1.252501E-07
 1.734694E+01  4.820533E-08
 1.765306E+01  1.155049E-08
 1.795918E+01  7.726874E-10
 1.826531E+01  1.459215E-10
 1.857143E+01  1.345373E-10
 1.887755E+01  1.243443E-10
 1.918367E+01  1.154245E-10
 1.948980E+01  1.074973E-10
 1.979592E+01  1.004958E-10
 2.010204E+01  9.452699E-11
 2.040816E+01  8.934823E-11
 2.071429E+01  8.477292E-11
 2.102041E+01  8.098872E-11
 2.132653E+01  7.765990E-11
 2.163265E+01  7.464325E-11
 2.193878E+01  7.221549E-11
 2.224490E+01  7.022674E-11
 2.255102E+01  6.853887E-11
 2.285714E+01  6.667105E-11
 2.316327E+01  6.493760E-11
 2.346939E+01  6.344439E-11
 2.377551E+01  6.181317E-11
 2.408163E+01  6.031806E-11
 2.438776E+01  5.885935E-11
 2.469388E+01  5.762904E-11
 2.500000E+01  5.619057E-11
