 1.000000E+01  3.143211E-05
 1.030612E+01  2.868574E-05
 1.061224E+01  2.607230E-05
 1.091837E+01  2.355395E-05
 1.122449E+01  2.111555E-05
 1.153061E+01  1.885939E-05
 1.183673E+01  1.668447E-05
 1.214286E+01  1.473754E-05
 1.244898E+01  1.285126E-05
 1.275510E+01  1.112443E-05
 1.306122E+01  9.531246E-06
 1.336735E+01  8.091199E-06
 1.367347E+01  6.747331E-06
 1.397959E+01  5.568236E-06
 1.428571E+01  4.511229E-06
 1.459184E+01  3.593350E-06
 1.489796E+01  2.804078E-06
 1.520408E+01  2.114486E-06
 1.551020E+01  1.550026E-06
 1.581633E+01  1.090405E-06
 1.612245E+01  7.293155E-07
 1.642857E+01  4.545187E-07
 1.673469E+01  2.555644E-07
 1.704082E+01  1.251473E-07
 1.734694E+01  4.806702E-08
 1.765306E+01  1.156341E-08
 1.795918E+01  7.721672E-10
 1.826531E+01  1.458467E-10
 1.857143E+01  1.343587E-10
 1.887755E+01  1.243558E-10
 1.918367E+01  1.156628E-10
 1.948980E+01  1.074188E-10
 1.979592E+01  1.004660E-10
 2.010204E+01  9.439822E-11
 2.040816E+01  8.930615E-11
 2.071429E+01  8.461110E-11
 2.102041E+01  8.081721E-11
 2.132653E+01  7.751928E-11
 2.163265E+01  7.471323E-11
 2.193878E+01  7.242157E-11
 2.224490E+01  7.018223E-11
 2.255102E+01  6.850766E-11
 2.285714E+01  6.663224E-11
 2.316327E+01  6.511379E-11
 2.346939E+01  6.343995E-11
 2.377551E+01  6.180302E-11
 2.408163E+01  6.043348E-11
 2.438776E+01  5.904285E-11
 2.469388E+01  5.754487E-11
 2.500000E+01  5.631253E-11
