 1.000000E+01  2.628007E-03
 1.030612E+01  2.368717E-03
 1.061224E+01  2.115833E-03
 1.091837E+01  1.881474E-03
 1.122449E+01  1.659962E-03
 1.153061E+01  1.455509E-03
 1.183673E+01  1.264695E-03
 1.214286E+01  1.084937E-03
 1.244898E+01  9.215982E-04
 1.275510E+01  7.741578E-04
 1.306122E+01  6.410079E-04
 1.336735E+01  5.235730E-04
 1.367347E+01  4.188018E-04
 1.397959E+01  3.280339E-04
 1.428571E+01  2.498246E-04
 1.459184E+01  1.847154E-04
 1.489796E+01  1.318177E-04
 1.520408E+01  8.920425E-05
 1.551020E+01  5.653856E-05
 1.581633E+01  3.289668E-05
 1.612245E+01  1.677822E-05
 1.642857E+01  6.940250E-06
 1.673469E+01  1.949214E-06
 1.704082E+01  2.079018E-07
 1.734694E+01  1.451099E-08
 1.765306E+01  1.330911E-08
 1.795918E+01  1.226693E-08
 1.826531E+01  1.135713E-08
 1.857143E+01  1.053988E-08
 1.887755E+01  9.840425E-09
 1.918367E+01  9.213698E-09
 1.948980E+01  8.699898E-09
 1.979592E+01  8.241632E-09
 2.010204E+01  7.859982E-09
 2.040816E+01  7.518352E-09
 2.071429E+01  7.262682E-09
 2.102041E+01  7.017002E-09
 2.132653E+01  6.809241E-09
 2.163265E+01  6.623455E-09
 2.193878E+01  6.445513E-09
 2.224490E+01  6.286630E-09
 2.255102E+01  6.132076E-09
 2.285714E+01  5.973439E-09
 2.316327E+01  5.825812E-09
 2.346939E+01  5.686245E-09
 2.377551E+01  5.536863E-09
 2.408163E+01  5.396425E-09
 2.438776E+01  5.277032E-09
 2.469388E+01  5.156110E-09
 2.500000E+01  5.030982E-09
