 1.000000E+01  1.535294E-06
 1.497487E+01  1.217746E-06
 1.994975E+01  1.274632E-07
 2.492462E+01  1.031072E-07
 2.989950E+01  1.312038E-07
 3.487437E+01  1.552122E-07
 3.984925E+01  1.709702E-07
 4.482412E+01  1.778237E-07
 4.979899E+01  1.735685E-07
 5.477387E+01  1.590423E-07
 5.974874E+01  1.338463E-07
 6.472362E+01  1.015809E-07
 6.969849E+01  6.544189E-08
 7.467337E+01  3.147902E-08
 7.964824E+01  6.818534E-09
 8.462312E+01  1.331551E-10
 8.959799E+01  1.030576E-10
 9.457286E+01  8.662519E-11
 9.954774E+01  7.541323E-11
 1.045226E+02  6.689254E-11
 1.094975E+02  6.006523E-11
 1.144724E+02  5.451975E-11
 1.194472E+02  4.976870E-11
 1.244221E+02  4.570644E-11
 1.293970E+02  4.221575E-11
 1.343719E+02  3.913668E-11
 1.393467E+02  3.631534E-11
 1.443216E+02  3.392307E-11
 1.492965E+02  3.166635E-11
 1.542714E+02  2.970242E-11
 1.592462E+02  2.782370E-11
 1.642211E+02  2.616422E-11
 1.691960E+02  2.465226E-11
 1.741709E+02  2.322726E-11
 1.791457E+02  2.196655E-11
 1.841206E+02  2.077008E-11
 1.890955E+02  1.965553E-11
 1.940704E+02  1.862803E-11
 1.990452E+02  1.769947E-11
 2.040201E+02  1.683563E-11
 2.089950E+02  1.598998E-11
 2.139698E+02  1.520874E-11
 2.189447E+02  1.450806E-11
 2.239196E+02  1.381824E-11
 2.288945E+02  1.317043E-11
 2.338693E+02  1.258576E-11
 2.388442E+02  1.202567E-11
 2.438191E+02  1.148326E-11
 2.487940E+02  1.098754E-11
 2.537688E+02  1.051715E-11
 2.587437E+02  1.005654E-11
 2.637186E+02  9.644463E-12
 2.686935E+02  9.245592E-12
 2.736683E+02  8.876845E-12
 2.786432E+02  8.515252E-12
 2.836181E+02  8.162471E-12
 2.885930E+02  7.850038E-12
 2.935678E+02  7.539061E-12
 2.985427E+02  7.250085E-12
 3.035176E+02  6.977839E-12
 3.084925E+02  6.709914E-12
 3.134673E+02  6.463929E-12
 3.184422E+02  6.224805E-12
 3.234171E+02  5.988397E-12
 3.283920E+02  5.767835E-12
 3.333668E+02  5.565539E-12
 3.383417E+02  5.353398E-12
 3.433166E+02  5.172167E-12
 3.482915E+02  4.995991E-12
 3.532663E+02  4.806101E-12
 3.582412E+02  4.651449E-12
 3.632161E+02  4.488794E-12
 3.681910E+02  4.334406E-12
 3.731658E+02  4.188167E-12
 3.781407E+02  4.040863E-12
 3.831156E+02  3.914272E-12
 3.880905E+02  3.784901E-12
 3.930653E+02  3.659347E-12
 3.980402E+02  3.537361E-12
 4.030151E+02  3.420589E-12
 4.079899E+02  3.312299E-12
 4.129648E+02  3.212881E-12
 4.179397E+02  3.107803E-12
 4.229146E+02  3.008626E-12
 4.278894E+02  2.912846E-12
 4.328643E+02  2.822561E-12
 4.378392E+02  2.736057E-12
 4.428141E+02  2.653247E-12
 4.477889E+02  2.574172E-12
 4.527638E+02  2.496587E-12
 4.577387E+02  2.423137E-12
 4.627136E+02  2.352733E-12
 4.676884E+02  2.274706E-12
 4.726633E+02  2.208703E-12
 4.776382E+02  2.145259E-12
 4.826131E+02  2.082670E-12
 4.875879E+02  2.022810E-12
 4.925628E+02  1.966165E-12
 4.975377E+02  1.908415E-12
 5.025126E+02  1.852995E-12
 5.074874E+02  1.800201E-12
 5.124623E+02  1.751091E-12
 5.174372E+02  1.696834E-12
 5.224121E+02  1.654902E-12
 5.273869E+02  1.606073E-12
 5.323618E+02  1.559612E-12
 5.373367E+02  1.517202E-12
 5.423116E+02  1.476204E-12
 5.472864E+02  1.435582E-12
 5.522613E+02  1.398000E-12
 5.572362E+02  1.359791E-12
 5.622111E+02  1.322903E-12
 5.671859E+02  1.287147E-12
 5.721608E+02  1.254271E-12
 5.771357E+02  1.220929E-12
 5.821106E+02  1.188220E-12
 5.870854E+02  1.155726E-12
 5.920603E+02  1.124171E-12
 5.970352E+02  1.095961E-12
 6.020101E+02  1.069506E-12
 6.069849E+02  1.041985E-12
 6.119598E+02  1.013681E-12
 6.169347E+02  9.889161E-13
 6.219095E+02  9.638521E-13
 6.268844E+02  9.381899E-13
 6.318593E+02  9.145013E-13
 6.368342E+02  8.908186E-13
 6.418090E+02  8.696074E-13
 6.467839E+02  8.490822E-13
 6.517588E+02  8.251582E-13
 6.567337E+02  8.078109E-13
 6.617085E+02  7.855549E-13
 6.666834E+02  7.671950E-13
 6.716583E+02  7.493257E-13
 6.766332E+02  7.296631E-13
 6.816080E+02  7.128242E-13
 6.865829E+02  6.958811E-13
 6.915578E+02  6.775931E-13
 6.965327E+02  6.618154E-13
 7.015075E+02  6.476469E-13
 7.064824E+02  6.299998E-13
 7.114573E+02  6.144875E-13
 7.164322E+02  6.020819E-13
 7.214070E+02  5.869737E-13
 7.263819E+02  5.734841E-13
 7.313568E+02  5.597765E-13
 7.363317E+02  5.469958E-13
 7.413065E+02  5.340243E-13
 7.462814E+02  5.218330E-13
 7.512563E+02  5.093799E-13
 7.562312E+02  4.983713E-13
 7.612060E+02  4.862063E-13
 7.661809E+02  4.752280E-13
 7.711558E+02  4.636665E-13
 7.761307E+02  4.533792E-13
 7.811055E+02  4.427128E-13
 7.860804E+02  4.326686E-13
 7.910553E+02  4.242715E-13
 7.960302E+02  4.138050E-13
 8.010050E+02  4.052297E-13
 8.059799E+02  3.956875E-13
 8.109548E+02  3.863075E-13
 8.159296E+02  3.780280E-13
 8.209045E+02  3.698250E-13
 8.258794E+02  3.619419E-13
 8.308543E+02  3.541337E-13
 8.358291E+02  3.466477E-13
 8.408040E+02  3.381879E-13
 8.457789E+02  3.313718E-13
 8.507538E+02  3.240777E-13
 8.557286E+02  3.170458E-13
 8.607035E+02  3.098297E-13
 8.656784E+02  3.034461E-13
 8.706533E+02  2.972295E-13
 8.756281E+02  2.910397E-13
 8.806030E+02  2.845946E-13
 8.855779E+02  2.784048E-13
 8.905528E+02  2.722115E-13
 8.955276E+02  2.668653E-13
 9.005025E+02  2.606009E-13
 9.054774E+02  2.550746E-13
 9.104523E+02  2.499241E-13
 9.154271E+02  2.445607E-13
 9.204020E+02  2.394302E-13
 9.253769E+02  2.345134E-13
 9.303518E+02  2.292987E-13
 9.353266E+02  2.251425E-13
 9.403015E+02  2.206611E-13
 9.452764E+02  2.158645E-13
 9.502513E+02  2.111833E-13
 9.552261E+02  2.069217E-13
 9.602010E+02  2.026737E-13
 9.651759E+02  1.983082E-13
 9.701508E+02  1.946590E-13
 9.751256E+02  1.906797E-13
 9.801005E+02  1.865839E-13
 9.850754E+02  1.830648E-13
 9.900503E+02  1.795614E-13
 9.950251E+02  1.754421E-13
 1.000000E+03  1.721765E-13
