 1.000000E+01  6.507103E-05
 1.497487E+01  6.550182E-05
 1.994975E+01  2.047071E-05
 2.492462E+01  4.058787E-06
 2.989950E+01  5.264175E-06
 3.487437E+01  6.369112E-06
 3.984925E+01  7.241355E-06
 4.482412E+01  7.833776E-06
 4.979899E+01  8.030269E-06
 5.477387E+01  7.829239E-06
 5.974874E+01  7.211699E-06
 6.472362E+01  6.261875E-06
 6.969849E+01  4.968507E-06
 7.467337E+01  3.516628E-06
 7.964824E+01  2.046837E-06
 8.462312E+01  8.074385E-07
 8.959799E+01  7.853436E-08
 9.457286E+01  5.464904E-09
 9.954774E+01  4.466086E-09
 1.045226E+02  3.839015E-09
 1.094975E+02  3.393121E-09
 1.144724E+02  3.042984E-09
 1.194472E+02  2.752691E-09
 1.244221E+02  2.514689E-09
 1.293970E+02  2.311857E-09
 1.343719E+02  2.132273E-09
 1.393467E+02  1.978093E-09
 1.443216E+02  1.844123E-09
 1.492965E+02  1.723060E-09
 1.542714E+02  1.613582E-09
 1.592462E+02  1.514665E-09
 1.642211E+02  1.422919E-09
 1.691960E+02  1.340680E-09
 1.741709E+02  1.266643E-09
 1.791457E+02  1.197041E-09
 1.841206E+02  1.133281E-09
 1.890955E+02  1.075478E-09
 1.940704E+02  1.019164E-09
 1.990452E+02  9.686088E-10
 2.040201E+02  9.199550E-10
 2.089950E+02  8.763811E-10
 2.139698E+02  8.344771E-10
 2.189447E+02  7.960882E-10
 2.239196E+02  7.614636E-10
 2.288945E+02  7.258669E-10
 2.338693E+02  6.934783E-10
 2.388442E+02  6.634341E-10
 2.438191E+02  6.355377E-10
 2.487940E+02  6.076253E-10
 2.537688E+02  5.828978E-10
 2.587437E+02  5.581174E-10
 2.637186E+02  5.356565E-10
 2.686935E+02  5.151135E-10
 2.736683E+02  4.936146E-10
 2.786432E+02  4.754009E-10
 2.836181E+02  4.561778E-10
 2.885930E+02  4.392520E-10
 2.935678E+02  4.221499E-10
 2.985427E+02  4.065184E-10
 3.035176E+02  3.913446E-10
 3.084925E+02  3.774043E-10
 3.134673E+02  3.632446E-10
 3.184422E+02  3.505170E-10
 3.234171E+02  3.379114E-10
 3.283920E+02  3.250751E-10
 3.333668E+02  3.149594E-10
 3.383417E+02  3.038521E-10
 3.433166E+02  2.931168E-10
 3.482915E+02  2.833667E-10
 3.532663E+02  2.738366E-10
 3.582412E+02  2.648584E-10
 3.632161E+02  2.561423E-10
 3.681910E+02  2.477355E-10
 3.731658E+02  2.390197E-10
 3.781407E+02  2.313499E-10
 3.831156E+02  2.241253E-10
 3.880905E+02  2.167349E-10
 3.930653E+02  2.100731E-10
 3.980402E+02  2.036396E-10
 4.030151E+02  1.973440E-10
 4.079899E+02  1.909890E-10
 4.129648E+02  1.851722E-10
 4.179397E+02  1.798841E-10
 4.229146E+02  1.740048E-10
 4.278894E+02  1.687590E-10
 4.328643E+02  1.639221E-10
 4.378392E+02  1.592135E-10
 4.428141E+02  1.542634E-10
 4.477889E+02  1.496577E-10
 4.527638E+02  1.455154E-10
 4.577387E+02  1.410881E-10
 4.627136E+02  1.369754E-10
 4.676884E+02  1.332975E-10
 4.726633E+02  1.293142E-10
 4.776382E+02  1.257041E-10
 4.826131E+02  1.221818E-10
 4.875879E+02  1.188975E-10
 4.925628E+02  1.155875E-10
 4.975377E+02  1.123900E-10
 5.025126E+02  1.093702E-10
 5.074874E+02  1.060519E-10
 5.124623E+02  1.034252E-10
 5.174372E+02  1.005590E-10
 5.224121E+02  9.791524E-11
 5.273869E+02  9.541052E-11
 5.323618E+02  9.270961E-11
 5.373367E+02  9.042084E-11
 5.423116E+02  8.785888E-11
 5.472864E+02  8.557700E-11
 5.522613E+02  8.351269E-11
 5.572362E+02  8.120251E-11
 5.622111E+02  7.921407E-11
 5.671859E+02  7.696604E-11
 5.721608E+02  7.514480E-11
 5.771357E+02  7.317370E-11
 5.821106E+02  7.131546E-11
 5.870854E+02  6.958721E-11
 5.920603E+02  6.780924E-11
 5.970352E+02  6.610214E-11
 6.020101E+02  6.443253E-11
 6.069849E+02  6.291228E-11
 6.119598E+02  6.144015E-11
 6.169347E+02  5.978357E-11
 6.219095E+02  5.840947E-11
 6.268844E+02  5.692641E-11
 6.318593E+02  5.554563E-11
 6.368342E+02  5.417036E-11
 6.418090E+02  5.286373E-11
 6.467839E+02  5.176305E-11
 6.517588E+02  5.040279E-11
 6.567337E+02  4.922252E-11
 6.617085E+02  4.811967E-11
 6.666834E+02  4.696736E-11
 6.716583E+02  4.580691E-11
 6.766332E+02  4.478218E-11
 6.816080E+02  4.374862E-11
 6.865829E+02  4.276675E-11
 6.915578E+02  4.171851E-11
 6.965327E+02  4.083427E-11
 7.015075E+02  3.981743E-11
 7.064824E+02  3.896006E-11
 7.114573E+02  3.801329E-11
 7.164322E+02  3.719420E-11
 7.214070E+02  3.628891E-11
 7.263819E+02  3.559695E-11
 7.313568E+02  3.473958E-11
 7.363317E+02  3.396337E-11
 7.413065E+02  3.321363E-11
 7.462814E+02  3.242974E-11
 7.512563E+02  3.179334E-11
 7.562312E+02  3.102844E-11
 7.612060E+02  3.034643E-11
 7.661809E+02  2.966202E-11
 7.711558E+02  2.904389E-11
 7.761307E+02  2.840663E-11
 7.811055E+02  2.779725E-11
 7.860804E+02  2.723104E-11
 7.910553E+02  2.660390E-11
 7.960302E+02  2.596774E-11
 8.010050E+02  2.550190E-11
 8.059799E+02  2.498213E-11
 8.109548E+02  2.439248E-11
 8.159296E+02  2.388043E-11
 8.209045E+02  2.339187E-11
 8.258794E+02  2.287656E-11
 8.308543E+02  2.237011E-11
 8.358291E+02  2.195259E-11
 8.408040E+02  2.153202E-11
 8.457789E+02  2.103252E-11
 8.507538E+02  2.059508E-11
 8.557286E+02  2.015124E-11
 8.607035E+02  1.971640E-11
 8.656784E+02  1.937488E-11
 8.706533E+02  1.896376E-11
 8.756281E+02  1.857310E-11
 8.806030E+02  1.819914E-11
 8.855779E+02  1.782338E-11
 8.905528E+02  1.747730E-11
 8.955276E+02  1.710065E-11
 9.005025E+02  1.673461E-11
 9.054774E+02  1.643377E-11
 9.104523E+02  1.608650E-11
 9.154271E+02  1.578223E-11
 9.204020E+02  1.546600E-11
 9.253769E+02  1.517687E-11
 9.303518E+02  1.484019E-11
 9.353266E+02  1.455242E-11
 9.403015E+02  1.427884E-11
 9.452764E+02  1.400845E-11
 9.502513E+02  1.371448E-11
 9.552261E+02  1.344438E-11
 9.602010E+02  1.318355E-11
 9.651759E+02  1.292111E-11
 9.701508E+02  1.268071E-11
 9.751256E+02  1.241877E-11
 9.801005E+02  1.218755E-11
 9.850754E+02  1.193530E-11
 9.900503E+02  1.169756E-11
 9.950251E+02  1.149931E-11
 1.000000E+03  1.128674E-11
