 1.000000E+01  3.008221E-05
 1.497487E+01  4.523227E-05
 1.994975E+01  4.333255E-05
 2.492462E+01  2.408375E-05
 2.989950E+01  3.778857E-06
 3.487437E+01  2.779639E-06
 3.984925E+01  3.361860E-06
 4.482412E+01  3.907889E-06
 4.979899E+01  4.376779E-06
 5.477387E+01  4.759083E-06
 5.974874E+01  5.042721E-06
 6.472362E+01  5.185823E-06
 6.969849E+01  5.194082E-06
 7.467337E+01  5.064620E-06
 7.964824E+01  4.790437E-06
 8.462312E+01  4.385653E-06
 8.959799E+01  3.863565E-06
 9.457286E+01  3.255316E-06
 9.954774E+01  2.563197E-06
 1.045226E+02  1.867090E-06
 1.094975E+02  1.196209E-06
 1.144724E+02  6.162684E-07
 1.194472E+02  1.936590E-07
 1.244221E+02  6.836461E-09
 1.293970E+02  3.482838E-09
 1.343719E+02  2.987552E-09
 1.393467E+02  2.660727E-09
 1.443216E+02  2.400295E-09
 1.492965E+02  2.196418E-09
 1.542714E+02  2.021883E-09
 1.592462E+02  1.876612E-09
 1.642211E+02  1.749628E-09
 1.691960E+02  1.639022E-09
 1.741709E+02  1.541036E-09
 1.791457E+02  1.449995E-09
 1.841206E+02  1.369173E-09
 1.890955E+02  1.294308E-09
 1.940704E+02  1.230193E-09
 1.990452E+02  1.167964E-09
 2.040201E+02  1.110083E-09
 2.089950E+02  1.059200E-09
 2.139698E+02  1.008972E-09
 2.189447E+02  9.656205E-10
 2.239196E+02  9.231561E-10
 2.288945E+02  8.836460E-10
 2.338693E+02  8.463382E-10
 2.388442E+02  8.103718E-10
 2.438191E+02  7.778890E-10
 2.487940E+02  7.465934E-10
 2.537688E+02  7.184743E-10
 2.587437E+02  6.905233E-10
 2.637186E+02  6.642082E-10
 2.686935E+02  6.392315E-10
 2.736683E+02  6.158046E-10
 2.786432E+02  5.940259E-10
 2.836181E+02  5.739459E-10
 2.885930E+02  5.522465E-10
 2.935678E+02  5.335896E-10
 2.985427E+02  5.151775E-10
 3.035176E+02  4.981568E-10
 3.084925E+02  4.816020E-10
 3.134673E+02  4.652545E-10
 3.184422E+02  4.493786E-10
 3.234171E+02  4.358814E-10
 3.283920E+02  4.215845E-10
 3.333668E+02  4.082090E-10
 3.383417E+02  3.955917E-10
 3.433166E+02  3.836762E-10
 3.482915E+02  3.720986E-10
 3.532663E+02  3.607242E-10
 3.582412E+02  3.505795E-10
 3.632161E+02  3.398788E-10
 3.681910E+02  3.294180E-10
 3.731658E+02  3.197208E-10
 3.781407E+02  3.106502E-10
 3.831156E+02  3.013477E-10
 3.880905E+02  2.929158E-10
 3.930653E+02  2.847141E-10
 3.980402E+02  2.764317E-10
 4.030151E+02  2.685588E-10
 4.079899E+02  2.618730E-10
 4.129648E+02  2.542958E-10
 4.179397E+02  2.476760E-10
 4.229146E+02  2.406527E-10
 4.278894E+02  2.345979E-10
 4.328643E+02  2.280707E-10
 4.378392E+02  2.221311E-10
 4.428141E+02  2.163507E-10
 4.477889E+02  2.109499E-10
 4.527638E+02  2.055837E-10
 4.577387E+02  2.002196E-10
 4.627136E+02  1.948693E-10
 4.676884E+02  1.902545E-10
 4.726633E+02  1.852738E-10
 4.776382E+02  1.807022E-10
 4.826131E+02  1.762751E-10
 4.875879E+02  1.717359E-10
 4.925628E+02  1.675234E-10
 4.975377E+02  1.634053E-10
 5.025126E+02  1.594042E-10
 5.074874E+02  1.558929E-10
 5.124623E+02  1.519788E-10
 5.174372E+02  1.482914E-10
 5.224121E+02  1.449208E-10
 5.273869E+02  1.413057E-10
 5.323618E+02  1.383374E-10
 5.373367E+02  1.350704E-10
 5.423116E+02  1.320452E-10
 5.472864E+02  1.289726E-10
 5.522613E+02  1.258970E-10
 5.572362E+02  1.231689E-10
 5.622111E+02  1.201657E-10
 5.671859E+02  1.173016E-10
 5.721608E+02  1.149540E-10
 5.771357E+02  1.122052E-10
 5.821106E+02  1.097673E-10
 5.870854E+02  1.072831E-10
 5.920603E+02  1.049474E-10
 5.970352E+02  1.027580E-10
 6.020101E+02  1.004120E-10
 6.069849E+02  9.819001E-11
 6.119598E+02  9.625639E-11
 6.169347E+02  9.417606E-11
 6.219095E+02  9.218512E-11
 6.268844E+02  9.020819E-11
 6.318593E+02  8.840741E-11
 6.368342E+02  8.628928E-11
 6.418090E+02  8.461010E-11
 6.467839E+02  8.281187E-11
 6.517588E+02  8.108225E-11
 6.567337E+02  7.929544E-11
 6.617085E+02  7.772769E-11
 6.666834E+02  7.612514E-11
 6.716583E+02  7.479881E-11
 6.766332E+02  7.309783E-11
 6.816080E+02  7.162565E-11
 6.865829E+02  7.018598E-11
 6.915578E+02  6.877023E-11
 6.965327E+02  6.738973E-11
 7.015075E+02  6.617586E-11
 7.064824E+02  6.473257E-11
 7.114573E+02  6.341850E-11
 7.164322E+02  6.205876E-11
 7.214070E+02  6.096719E-11
 7.263819E+02  5.983741E-11
 7.313568E+02  5.858728E-11
 7.363317E+02  5.743976E-11
 7.413065E+02  5.639944E-11
 7.462814E+02  5.532821E-11
 7.512563E+02  5.421386E-11
 7.562312E+02  5.322339E-11
 7.612060E+02  5.214887E-11
 7.661809E+02  5.117559E-11
 7.711558E+02  5.020394E-11
 7.761307E+02  4.926687E-11
 7.811055E+02  4.835959E-11
 7.860804E+02  4.741473E-11
 7.910553E+02  4.662686E-11
 7.960302E+02  4.572520E-11
 8.010050E+02  4.488292E-11
 8.059799E+02  4.397792E-11
 8.109548E+02  4.324600E-11
 8.159296E+02  4.238489E-11
 8.209045E+02  4.158921E-11
 8.258794E+02  4.089948E-11
 8.308543E+02  4.017459E-11
 8.358291E+02  3.936205E-11
 8.408040E+02  3.867790E-11
 8.457789E+02  3.798358E-11
 8.507538E+02  3.735693E-11
 8.557286E+02  3.661537E-11
 8.607035E+02  3.600124E-11
 8.656784E+02  3.531976E-11
 8.706533E+02  3.472076E-11
 8.756281E+02  3.404703E-11
 8.806030E+02  3.352740E-11
 8.855779E+02  3.296439E-11
 8.905528E+02  3.233737E-11
 8.955276E+02  3.176907E-11
 9.005025E+02  3.125006E-11
 9.054774E+02  3.066475E-11
 9.104523E+02  3.016749E-11
 9.154271E+02  2.965337E-11
 9.204020E+02  2.909082E-11
 9.253769E+02  2.865692E-11
 9.303518E+02  2.812568E-11
 9.353266E+02  2.765641E-11
 9.403015E+02  2.717529E-11
 9.452764E+02  2.671090E-11
 9.502513E+02  2.622367E-11
 9.552261E+02  2.584112E-11
 9.602010E+02  2.538368E-11
 9.651759E+02  2.498516E-11
 9.701508E+02  2.453026E-11
 9.751256E+02  2.415341E-11
 9.801005E+02  2.373870E-11
 9.850754E+02  2.332547E-11
 9.900503E+02  2.294447E-11
 9.950251E+02  2.258553E-11
 1.000000E+03  2.220602E-11
