 1.000000E+01  6.242594E-06
 1.497487E+01  8.489717E-06
 1.994975E+01  6.569985E-06
 2.492462E+01  1.936593E-06
 2.989950E+01  4.672355E-07
 3.487437E+01  5.857999E-07
 3.984925E+01  6.966593E-07
 4.482412E+01  7.948573E-07
 4.979899E+01  8.715656E-07
 5.477387E+01  9.221738E-07
 5.974874E+01  9.453190E-07
 6.472362E+01  9.372952E-07
 6.969849E+01  8.929279E-07
 7.467337E+01  8.195973E-07
 7.964824E+01  7.214217E-07
 8.462312E+01  5.999444E-07
 8.959799E+01  4.602185E-07
 9.457286E+01  3.183023E-07
 9.954774E+01  1.840443E-07
 1.045226E+02  7.526459E-08
 1.094975E+02  1.025264E-08
 1.144724E+02  6.778064E-10
 1.194472E+02  5.609613E-10
 1.244221E+02  4.893516E-10
 1.293970E+02  4.370038E-10
 1.343719E+02  3.950170E-10
 1.393467E+02  3.617780E-10
 1.443216E+02  3.327478E-10
 1.492965E+02  3.085307E-10
 1.542714E+02  2.872564E-10
 1.592462E+02  2.685156E-10
 1.642211E+02  2.513815E-10
 1.691960E+02  2.367852E-10
 1.741709E+02  2.228827E-10
 1.791457E+02  2.110499E-10
 1.841206E+02  1.994746E-10
 1.890955E+02  1.889498E-10
 1.940704E+02  1.794897E-10
 1.990452E+02  1.706124E-10
 2.040201E+02  1.625714E-10
 2.089950E+02  1.547619E-10
 2.139698E+02  1.475870E-10
 2.189447E+02  1.409474E-10
 2.239196E+02  1.347007E-10
 2.288945E+02  1.290119E-10
 2.338693E+02  1.235529E-10
 2.388442E+02  1.183725E-10
 2.438191E+02  1.134017E-10
 2.487940E+02  1.091497E-10
 2.537688E+02  1.045500E-10
 2.587437E+02  1.004083E-10
 2.637186E+02  9.667715E-11
 2.686935E+02  9.303765E-11
 2.736683E+02  8.954517E-11
 2.786432E+02  8.617421E-11
 2.836181E+02  8.312013E-11
 2.885930E+02  8.004965E-11
 2.935678E+02  7.720347E-11
 2.985427E+02  7.449457E-11
 3.035176E+02  7.188611E-11
 3.084925E+02  6.944409E-11
 3.134673E+02  6.720165E-11
 3.184422E+02  6.485591E-11
 3.234171E+02  6.268873E-11
 3.283920E+02  6.065754E-11
 3.333668E+02  5.867802E-11
 3.383417E+02  5.669956E-11
 3.433166E+02  5.494622E-11
 3.482915E+02  5.314340E-11
 3.532663E+02  5.144168E-11
 3.582412E+02  4.992420E-11
 3.632161E+02  4.837315E-11
 3.681910E+02  4.687930E-11
 3.731658E+02  4.542892E-11
 3.781407E+02  4.409093E-11
 3.831156E+02  4.276933E-11
 3.880905E+02  4.157374E-11
 3.930653E+02  4.037929E-11
 3.980402E+02  3.907333E-11
 4.030151E+02  3.795029E-11
 4.079899E+02  3.694079E-11
 4.129648E+02  3.585796E-11
 4.179397E+02  3.486224E-11
 4.229146E+02  3.386715E-11
 4.278894E+02  3.297131E-11
 4.328643E+02  3.204853E-11
 4.378392E+02  3.115200E-11
 4.428141E+02  3.029467E-11
 4.477889E+02  2.946879E-11
 4.527638E+02  2.871971E-11
 4.577387E+02  2.794631E-11
 4.627136E+02  2.716549E-11
 4.676884E+02  2.647413E-11
 4.726633E+02  2.578657E-11
 4.776382E+02  2.508508E-11
 4.826131E+02  2.445860E-11
 4.875879E+02  2.384049E-11
 4.925628E+02  2.319380E-11
 4.975377E+02  2.261936E-11
 5.025126E+02  2.204937E-11
 5.074874E+02  2.151848E-11
 5.124623E+02  2.093535E-11
 5.174372E+02  2.044136E-11
 5.224121E+02  1.995198E-11
 5.273869E+02  1.945634E-11
 5.323618E+02  1.899277E-11
 5.373367E+02  1.851582E-11
 5.423116E+02  1.807395E-11
 5.472864E+02  1.763499E-11
 5.522613E+02  1.722219E-11
 5.572362E+02  1.678518E-11
 5.622111E+02  1.641048E-11
 5.671859E+02  1.603751E-11
 5.721608E+02  1.564702E-11
 5.771357E+02  1.528723E-11
 5.821106E+02  1.491482E-11
 5.870854E+02  1.455745E-11
 5.920603E+02  1.425119E-11
 5.970352E+02  1.392779E-11
 6.020101E+02  1.358698E-11
 6.069849E+02  1.330975E-11
 6.119598E+02  1.300291E-11
 6.169347E+02  1.270509E-11
 6.219095E+02  1.240387E-11
 6.268844E+02  1.214769E-11
 6.318593E+02  1.186960E-11
 6.368342E+02  1.160752E-11
 6.418090E+02  1.135149E-11
 6.467839E+02  1.110497E-11
 6.517588E+02  1.086520E-11
 6.567337E+02  1.063186E-11
 6.617085E+02  1.038654E-11
 6.666834E+02  1.018282E-11
 6.716583E+02  9.955238E-12
 6.766332E+02  9.752039E-12
 6.816080E+02  9.548976E-12
 6.865829E+02  9.319205E-12
 6.915578E+02  9.136891E-12
 6.965327E+02  8.938067E-12
 7.015075E+02  8.764903E-12
 7.064824E+02  8.591027E-12
 7.114573E+02  8.388339E-12
 7.164322E+02  8.217941E-12
 7.214070E+02  8.059953E-12
 7.263819E+02  7.889986E-12
 7.313568E+02  7.722046E-12
 7.363317E+02  7.570687E-12
 7.413065E+02  7.420165E-12
 7.462814E+02  7.265828E-12
 7.512563E+02  7.125053E-12
 7.562312E+02  6.976152E-12
 7.612060E+02  6.853375E-12
 7.661809E+02  6.701582E-12
 7.711558E+02  6.574426E-12
 7.761307E+02  6.439505E-12
 7.811055E+02  6.321438E-12
 7.860804E+02  6.189362E-12
 7.910553E+02  6.061569E-12
 7.960302E+02  5.953139E-12
 8.010050E+02  5.837863E-12
 8.059799E+02  5.715047E-12
 8.109548E+02  5.602753E-12
 8.159296E+02  5.498886E-12
 8.209045E+02  5.390784E-12
 8.258794E+02  5.289966E-12
 8.308543E+02  5.194053E-12
 8.358291E+02  5.088778E-12
 8.408040E+02  4.994293E-12
 8.457789E+02  4.899521E-12
 8.507538E+02  4.804008E-12
 8.557286E+02  4.721900E-12
 8.607035E+02  4.631117E-12
 8.656784E+02  4.547266E-12
 8.706533E+02  4.454300E-12
 8.756281E+02  4.376057E-12
 8.806030E+02  4.293409E-12
 8.855779E+02  4.213722E-12
 8.905528E+02  4.140275E-12
 8.955276E+02  4.064582E-12
 9.005025E+02  3.986867E-12
 9.054774E+02  3.920008E-12
 9.104523E+02  3.845393E-12
 9.154271E+02  3.764567E-12
 9.204020E+02  3.706053E-12
 9.253769E+02  3.639075E-12
 9.303518E+02  3.587041E-12
 9.353266E+02  3.509898E-12
 9.403015E+02  3.441965E-12
 9.452764E+02  3.386270E-12
 9.502513E+02  3.329521E-12
 9.552261E+02  3.271120E-12
 9.602010E+02  3.209464E-12
 9.651759E+02  3.148246E-12
 9.701508E+02  3.094457E-12
 9.751256E+02  3.035927E-12
 9.801005E+02  2.985104E-12
 9.850754E+02  2.931137E-12
 9.900503E+02  2.884457E-12
 9.950251E+02  2.831222E-12
 1.000000E+03  2.782723E-12
