 1.000000E+01  1.650935E-05
 1.497487E+01  1.832151E-05
 1.994975E+01  8.080885E-06
 2.492462E+01  9.952002E-07
 2.989950E+01  1.308103E-06
 3.487437E+01  1.592908E-06
 3.984925E+01  1.844476E-06
 4.482412E+01  2.023460E-06
 4.979899E+01  2.117060E-06
 5.477387E+01  2.121444E-06
 5.974874E+01  2.028770E-06
 6.472362E+01  1.836762E-06
 6.969849E+01  1.564511E-06
 7.467337E+01  1.223736E-06
 7.964824E+01  8.512927E-07
 8.462312E+01  4.841070E-07
 8.959799E+01  1.834551E-07
 9.457286E+01  1.496614E-08
 9.954774E+01  1.445694E-09
 1.045226E+02  1.194557E-09
 1.094975E+02  1.031848E-09
 1.144724E+02  9.155606E-10
 1.194472E+02  8.227147E-10
 1.244221E+02  7.475965E-10
 1.293970E+02  6.858463E-10
 1.343719E+02  6.314556E-10
 1.393467E+02  5.845733E-10
 1.443216E+02  5.433251E-10
 1.492965E+02  5.066361E-10
 1.542714E+02  4.751538E-10
 1.592462E+02  4.450184E-10
 1.642211E+02  4.179090E-10
 1.691960E+02  3.942293E-10
 1.741709E+02  3.721802E-10
 1.791457E+02  3.517480E-10
 1.841206E+02  3.331353E-10
 1.890955E+02  3.152389E-10
 1.940704E+02  2.998952E-10
 1.990452E+02  2.849028E-10
 2.040201E+02  2.707192E-10
 2.089950E+02  2.581160E-10
 2.139698E+02  2.460586E-10
 2.189447E+02  2.345851E-10
 2.239196E+02  2.240825E-10
 2.288945E+02  2.143737E-10
 2.338693E+02  2.050879E-10
 2.388442E+02  1.963025E-10
 2.438191E+02  1.876695E-10
 2.487940E+02  1.799507E-10
 2.537688E+02  1.728154E-10
 2.587437E+02  1.655851E-10
 2.637186E+02  1.590241E-10
 2.686935E+02  1.529110E-10
 2.736683E+02  1.465845E-10
 2.786432E+02  1.410992E-10
 2.836181E+02  1.356389E-10
 2.885930E+02  1.304740E-10
 2.935678E+02  1.256706E-10
 2.985427E+02  1.209740E-10
 3.035176E+02  1.166848E-10
 3.084925E+02  1.124448E-10
 3.134673E+02  1.083410E-10
 3.184422E+02  1.046252E-10
 3.234171E+02  1.009725E-10
 3.283920E+02  9.756594E-11
 3.333668E+02  9.404416E-11
 3.383417E+02  9.111375E-11
 3.433166E+02  8.784346E-11
 3.482915E+02  8.500608E-11
 3.532663E+02  8.216086E-11
 3.582412E+02  7.944246E-11
 3.632161E+02  7.686526E-11
 3.681910E+02  7.429325E-11
 3.731658E+02  7.193243E-11
 3.781407E+02  6.969840E-11
 3.831156E+02  6.756168E-11
 3.880905E+02  6.542912E-11
 3.930653E+02  6.337987E-11
 3.980402E+02  6.137888E-11
 4.030151E+02  5.951910E-11
 4.079899E+02  5.775965E-11
 4.129648E+02  5.597170E-11
 4.179397E+02  5.433444E-11
 4.229146E+02  5.273992E-11
 4.278894E+02  5.111960E-11
 4.328643E+02  4.972629E-11
 4.378392E+02  4.826459E-11
 4.428141E+02  4.678126E-11
 4.477889E+02  4.547405E-11
 4.527638E+02  4.420064E-11
 4.577387E+02  4.293886E-11
 4.627136E+02  4.178688E-11
 4.676884E+02  4.054187E-11
 4.726633E+02  3.944001E-11
 4.776382E+02  3.837755E-11
 4.826131E+02  3.724434E-11
 4.875879E+02  3.623586E-11
 4.925628E+02  3.529189E-11
 4.975377E+02  3.432519E-11
 5.025126E+02  3.345983E-11
 5.074874E+02  3.250246E-11
 5.124623E+02  3.162469E-11
 5.174372E+02  3.079766E-11
 5.224121E+02  3.001649E-11
 5.273869E+02  2.918896E-11
 5.323618E+02  2.844811E-11
 5.373367E+02  2.771906E-11
 5.423116E+02  2.697946E-11
 5.472864E+02  2.630371E-11
 5.522613E+02  2.562006E-11
 5.572362E+02  2.500692E-11
 5.622111E+02  2.436219E-11
 5.671859E+02  2.377007E-11
 5.721608E+02  2.318527E-11
 5.771357E+02  2.261303E-11
 5.821106E+02  2.204782E-11
 5.870854E+02  2.147336E-11
 5.920603E+02  2.095745E-11
 5.970352E+02  2.043417E-11
 6.020101E+02  1.994774E-11
 6.069849E+02  1.946964E-11
 6.119598E+02  1.897084E-11
 6.169347E+02  1.853290E-11
 6.219095E+02  1.809980E-11
 6.268844E+02  1.765792E-11
 6.318593E+02  1.721266E-11
 6.368342E+02  1.681955E-11
 6.418090E+02  1.645315E-11
 6.467839E+02  1.603452E-11
 6.517588E+02  1.567858E-11
 6.567337E+02  1.532769E-11
 6.617085E+02  1.495397E-11
 6.666834E+02  1.463077E-11
 6.716583E+02  1.429134E-11
 6.766332E+02  1.395690E-11
 6.816080E+02  1.366108E-11
 6.865829E+02  1.330442E-11
 6.915578E+02  1.304247E-11
 6.965327E+02  1.276249E-11
 7.015075E+02  1.244720E-11
 7.064824E+02  1.216754E-11
 7.114573E+02  1.191925E-11
 7.164322E+02  1.164523E-11
 7.214070E+02  1.138676E-11
 7.263819E+02  1.113564E-11
 7.313568E+02  1.090233E-11
 7.363317E+02  1.064635E-11
 7.413065E+02  1.040982E-11
 7.462814E+02  1.018950E-11
 7.512563E+02  9.978021E-12
 7.562312E+02  9.769141E-12
 7.612060E+02  9.561824E-12
 7.661809E+02  9.345465E-12
 7.711558E+02  9.146601E-12
 7.761307E+02  8.944903E-12
 7.811055E+02  8.757690E-12
 7.860804E+02  8.579035E-12
 7.910553E+02  8.391845E-12
 7.960302E+02  8.228906E-12
 8.010050E+02  8.040522E-12
 8.059799E+02  7.888751E-12
 8.109548E+02  7.735180E-12
 8.159296E+02  7.562685E-12
 8.209045E+02  7.411200E-12
 8.258794E+02  7.256802E-12
 8.308543E+02  7.106860E-12
 8.358291E+02  6.953991E-12
 8.408040E+02  6.821467E-12
 8.457789E+02  6.678116E-12
 8.507538E+02  6.532568E-12
 8.557286E+02  6.411489E-12
 8.607035E+02  6.294599E-12
 8.656784E+02  6.162070E-12
 8.706533E+02  6.030199E-12
 8.756281E+02  5.919286E-12
 8.806030E+02  5.804315E-12
 8.855779E+02  5.671516E-12
 8.905528E+02  5.569706E-12
 8.955276E+02  5.453106E-12
 9.005025E+02  5.348533E-12
 9.054774E+02  5.247192E-12
 9.104523E+02  5.139581E-12
 9.154271E+02  5.042663E-12
 9.204020E+02  4.945944E-12
 9.253769E+02  4.841380E-12
 9.303518E+02  4.744735E-12
 9.353266E+02  4.661678E-12
 9.403015E+02  4.568359E-12
 9.452764E+02  4.482372E-12
 9.502513E+02  4.400508E-12
 9.552261E+02  4.320384E-12
 9.602010E+02  4.232931E-12
 9.651759E+02  4.153861E-12
 9.701508E+02  4.066034E-12
 9.751256E+02  3.999384E-12
 9.801005E+02  3.921052E-12
 9.850754E+02  3.848383E-12
 9.900503E+02  3.771009E-12
 9.950251E+02  3.706901E-12
 1.000000E+03  3.634871E-12
