 1.000000E+01  6.378700E-05
 1.497487E+01  1.006727E-04
 1.994975E+01  1.070502E-04
 2.492462E+01  7.483957E-05
 2.989950E+01  2.392094E-05
 3.487437E+01  5.761703E-06
 3.984925E+01  7.069488E-06
 4.482412E+01  8.293400E-06
 4.979899E+01  9.388810E-06
 5.477387E+01  1.041935E-05
 5.974874E+01  1.122279E-05
 6.472362E+01  1.175531E-05
 6.969849E+01  1.207585E-05
 7.467337E+01  1.208560E-05
 7.964824E+01  1.184083E-05
 8.462312E+01  1.129942E-05
 8.959799E+01  1.047630E-05
 9.457286E+01  9.402951E-06
 9.954774E+01  8.113130E-06
 1.045226E+02  6.691197E-06
 1.094975E+02  5.166669E-06
 1.144724E+02  3.651027E-06
 1.194472E+02  2.258974E-06
 1.244221E+02  1.082926E-06
 1.293970E+02  2.824132E-07
 1.343719E+02  9.913491E-09
 1.393467E+02  7.973822E-09
 1.443216E+02  6.935170E-09
 1.492965E+02  6.212854E-09
 1.542714E+02  5.651440E-09
 1.592462E+02  5.192075E-09
 1.642211E+02  4.802159E-09
 1.691960E+02  4.472239E-09
 1.741709E+02  4.185345E-09
 1.791457E+02  3.929299E-09
 1.841206E+02  3.697161E-09
 1.890955E+02  3.493828E-09
 1.940704E+02  3.305327E-09
 1.990452E+02  3.137846E-09
 2.040201E+02  2.982262E-09
 2.089950E+02  2.845938E-09
 2.139698E+02  2.713062E-09
 2.189447E+02  2.584670E-09
 2.239196E+02  2.474774E-09
 2.288945E+02  2.368034E-09
 2.338693E+02  2.266382E-09
 2.388442E+02  2.171116E-09
 2.438191E+02  2.086087E-09
 2.487940E+02  2.003970E-09
 2.537688E+02  1.925103E-09
 2.587437E+02  1.851548E-09
 2.637186E+02  1.783403E-09
 2.686935E+02  1.716151E-09
 2.736683E+02  1.657096E-09
 2.786432E+02  1.598481E-09
 2.836181E+02  1.539665E-09
 2.885930E+02  1.487838E-09
 2.935678E+02  1.434961E-09
 2.985427E+02  1.390487E-09
 3.035176E+02  1.340441E-09
 3.084925E+02  1.298066E-09
 3.134673E+02  1.256076E-09
 3.184422E+02  1.215305E-09
 3.234171E+02  1.174778E-09
 3.283920E+02  1.140099E-09
 3.333668E+02  1.105445E-09
 3.383417E+02  1.069772E-09
 3.433166E+02  1.039555E-09
 3.482915E+02  1.006516E-09
 3.532663E+02  9.779317E-10
 3.582412E+02  9.481406E-10
 3.632161E+02  9.208562E-10
 3.681910E+02  8.946948E-10
 3.731658E+02  8.683564E-10
 3.781407E+02  8.435149E-10
 3.831156E+02  8.209562E-10
 3.880905E+02  7.976175E-10
 3.930653E+02  7.765344E-10
 3.980402E+02  7.537099E-10
 4.030151E+02  7.336023E-10
 4.079899E+02  7.141039E-10
 4.129648E+02  6.952866E-10
 4.179397E+02  6.771235E-10
 4.229146E+02  6.586235E-10
 4.278894E+02  6.419719E-10
 4.328643E+02  6.257254E-10
 4.378392E+02  6.089583E-10
 4.428141E+02  5.934510E-10
 4.477889E+02  5.782314E-10
 4.527638E+02  5.635465E-10
 4.577387E+02  5.504879E-10
 4.627136E+02  5.365423E-10
 4.676884E+02  5.231089E-10
 4.726633E+02  5.097797E-10
 4.776382E+02  4.987423E-10
 4.826131E+02  4.856041E-10
 4.875879E+02  4.734338E-10
 4.925628E+02  4.626900E-10
 4.975377E+02  4.519351E-10
 5.025126E+02  4.416198E-10
 5.074874E+02  4.310964E-10
 5.124623E+02  4.213984E-10
 5.174372E+02  4.121272E-10
 5.224121E+02  4.022296E-10
 5.273869E+02  3.926476E-10
 5.323618E+02  3.834767E-10
 5.373367E+02  3.756753E-10
 5.423116E+02  3.666771E-10
 5.472864E+02  3.586209E-10
 5.522613E+02  3.507535E-10
 5.572362E+02  3.427615E-10
 5.622111E+02  3.359055E-10
 5.671859E+02  3.279557E-10
 5.721608E+02  3.207529E-10
 5.771357E+02  3.131744E-10
 5.821106E+02  3.062566E-10
 5.870854E+02  3.000472E-10
 5.920603E+02  2.940812E-10
 5.970352E+02  2.877684E-10
 6.020101E+02  2.817514E-10
 6.069849E+02  2.762944E-10
 6.119598E+02  2.697618E-10
 6.169347E+02  2.640598E-10
 6.219095E+02  2.589586E-10
 6.268844E+02  2.532628E-10
 6.318593E+02  2.483795E-10
 6.368342E+02  2.429615E-10
 6.418090E+02  2.383651E-10
 6.467839E+02  2.330091E-10
 6.517588E+02  2.288406E-10
 6.567337E+02  2.239432E-10
 6.617085E+02  2.196411E-10
 6.666834E+02  2.154429E-10
 6.716583E+02  2.112135E-10
 6.766332E+02  2.064907E-10
 6.816080E+02  2.028869E-10
 6.865829E+02  1.991974E-10
 6.915578E+02  1.949255E-10
 6.965327E+02  1.910870E-10
 7.015075E+02  1.872464E-10
 7.064824E+02  1.835543E-10
 7.114573E+02  1.802757E-10
 7.164322E+02  1.768535E-10
 7.214070E+02  1.732612E-10
 7.263819E+02  1.701074E-10
 7.313568E+02  1.665905E-10
 7.363317E+02  1.638957E-10
 7.413065E+02  1.607351E-10
 7.462814E+02  1.577105E-10
 7.512563E+02  1.547619E-10
 7.562312E+02  1.519499E-10
 7.612060E+02  1.491444E-10
 7.661809E+02  1.465779E-10
 7.711558E+02  1.434917E-10
 7.761307E+02  1.411629E-10
 7.811055E+02  1.383671E-10
 7.860804E+02  1.359847E-10
 7.910553E+02  1.335200E-10
 7.960302E+02  1.309091E-10
 8.010050E+02  1.287810E-10
 8.059799E+02  1.265342E-10
 8.109548E+02  1.241579E-10
 8.159296E+02  1.221416E-10
 8.209045E+02  1.197509E-10
 8.258794E+02  1.177124E-10
 8.308543E+02  1.156392E-10
 8.358291E+02  1.136127E-10
 8.408040E+02  1.116423E-10
 8.457789E+02  1.097274E-10
 8.507538E+02  1.077727E-10
 8.557286E+02  1.058340E-10
 8.607035E+02  1.040015E-10
 8.656784E+02  1.022336E-10
 8.706533E+02  1.003063E-10
 8.756281E+02  9.872247E-11
 8.806030E+02  9.711791E-11
 8.855779E+02  9.536468E-11
 8.905528E+02  9.389647E-11
 8.955276E+02  9.232275E-11
 9.005025E+02  9.060698E-11
 9.054774E+02  8.928351E-11
 9.104523E+02  8.753543E-11
 9.154271E+02  8.633266E-11
 9.204020E+02  8.485145E-11
 9.253769E+02  8.334316E-11
 9.303518E+02  8.192903E-11
 9.353266E+02  8.081913E-11
 9.403015E+02  7.925559E-11
 9.452764E+02  7.799404E-11
 9.502513E+02  7.673257E-11
 9.552261E+02  7.542728E-11
 9.602010E+02  7.426712E-11
 9.651759E+02  7.311773E-11
 9.701508E+02  7.183286E-11
 9.751256E+02  7.058941E-11
 9.801005E+02  6.961190E-11
 9.850754E+02  6.844845E-11
 9.900503E+02  6.723187E-11
 9.950251E+02  6.628054E-11
 1.000000E+03  6.518214E-11
