 1.000000E+01  1.653621E-05
 1.497487E+01  1.827876E-05
 1.994975E+01  8.086999E-06
 2.492462E+01  9.965320E-07
 2.989950E+01  1.307106E-06
 3.487437E+01  1.595715E-06
 3.984925E+01  1.842098E-06
 4.482412E+01  2.017401E-06
 4.979899E+01  2.117063E-06
 5.477387E+01  2.121151E-06
 5.974874E+01  2.029762E-06
 6.472362E+01  1.837790E-06
 6.969849E+01  1.565468E-06
 7.467337E+01  1.221051E-06
 7.964824E+01  8.497061E-07
 8.462312E+01  4.846557E-07
 8.959799E+01  1.837763E-07
 9.457286E+01  1.496911E-08
 9.954774E+01  1.445764E-09
 1.045226E+02  1.193018E-09
 1.094975E+02  1.030531E-09
 1.144724E+02  9.151846E-10
 1.194472E+02  8.212885E-10
 1.244221E+02  7.482563E-10
 1.293970E+02  6.849514E-10
 1.343719E+02  6.308753E-10
 1.393467E+02  5.856442E-10
 1.443216E+02  5.437178E-10
 1.492965E+02  5.068057E-10
 1.542714E+02  4.748776E-10
 1.592462E+02  4.444787E-10
 1.642211E+02  4.183035E-10
 1.691960E+02  3.942696E-10
 1.741709E+02  3.723196E-10
 1.791457E+02  3.514090E-10
 1.841206E+02  3.331257E-10
 1.890955E+02  3.157551E-10
 1.940704E+02  3.002395E-10
 1.990452E+02  2.850856E-10
 2.040201E+02  2.708398E-10
 2.089950E+02  2.580294E-10
 2.139698E+02  2.460878E-10
 2.189447E+02  2.346602E-10
 2.239196E+02  2.241057E-10
 2.288945E+02  2.143350E-10
 2.338693E+02  2.049767E-10
 2.388442E+02  1.962319E-10
 2.438191E+02  1.878621E-10
 2.487940E+02  1.797191E-10
 2.537688E+02  1.728263E-10
 2.587437E+02  1.656127E-10
 2.637186E+02  1.590445E-10
 2.686935E+02  1.526402E-10
 2.736683E+02  1.464932E-10
 2.786432E+02  1.410584E-10
 2.836181E+02  1.356236E-10
 2.885930E+02  1.306154E-10
 2.935678E+02  1.255190E-10
 2.985427E+02  1.211858E-10
 3.035176E+02  1.166856E-10
 3.084925E+02  1.123696E-10
 3.134673E+02  1.083995E-10
 3.184422E+02  1.045587E-10
 3.234171E+02  1.009800E-10
 3.283920E+02  9.741604E-11
 3.333668E+02  9.404514E-11
 3.383417E+02  9.094996E-11
 3.433166E+02  8.783535E-11
 3.482915E+02  8.495057E-11
 3.532663E+02  8.211500E-11
 3.582412E+02  7.952839E-11
 3.632161E+02  7.688864E-11
 3.681910E+02  7.437951E-11
 3.731658E+02  7.200151E-11
 3.781407E+02  6.972376E-11
 3.831156E+02  6.750090E-11
 3.880905E+02  6.542510E-11
 3.930653E+02  6.330959E-11
 3.980402E+02  6.141311E-11
 4.030151E+02  5.942247E-11
 4.079899E+02  5.778112E-11
 4.129648E+02  5.602954E-11
 4.179397E+02  5.432542E-11
 4.229146E+02  5.267996E-11
 4.278894E+02  5.117383E-11
 4.328643E+02  4.969653E-11
 4.378392E+02  4.827047E-11
 4.428141E+02  4.680901E-11
 4.477889E+02  4.546224E-11
 4.527638E+02  4.422112E-11
 4.577387E+02  4.296624E-11
 4.627136E+02  4.165054E-11
 4.676884E+02  4.061964E-11
 4.726633E+02  3.939404E-11
 4.776382E+02  3.834911E-11
 4.826131E+02  3.728237E-11
 4.875879E+02  3.623505E-11
 4.925628E+02  3.524600E-11
 4.975377E+02  3.433814E-11
 5.025126E+02  3.341928E-11
 5.074874E+02  3.244779E-11
 5.124623E+02  3.163429E-11
 5.174372E+02  3.078492E-11
 5.224121E+02  2.995309E-11
 5.273869E+02  2.920647E-11
 5.323618E+02  2.846890E-11
 5.373367E+02  2.772024E-11
 5.423116E+02  2.700171E-11
 5.472864E+02  2.631207E-11
 5.522613E+02  2.567970E-11
 5.572362E+02  2.496016E-11
 5.622111E+02  2.432561E-11
 5.671859E+02  2.374138E-11
 5.721608E+02  2.319651E-11
 5.771357E+02  2.257936E-11
 5.821106E+02  2.204807E-11
 5.870854E+02  2.149983E-11
 5.920603E+02  2.095019E-11
 5.970352E+02  2.040852E-11
 6.020101E+02  1.995349E-11
 6.069849E+02  1.946656E-11
 6.119598E+02  1.900438E-11
 6.169347E+02  1.852567E-11
 6.219095E+02  1.811295E-11
 6.268844E+02  1.765396E-11
 6.318593E+02  1.725162E-11
 6.368342E+02  1.681782E-11
 6.418090E+02  1.644326E-11
 6.467839E+02  1.604963E-11
 6.517588E+02  1.565027E-11
 6.567337E+02  1.534327E-11
 6.617085E+02  1.499303E-11
 6.666834E+02  1.464072E-11
 6.716583E+02  1.428292E-11
 6.766332E+02  1.397825E-11
 6.816080E+02  1.363426E-11
 6.865829E+02  1.334047E-11
 6.915578E+02  1.306177E-11
 6.965327E+02  1.272682E-11
 7.015075E+02  1.245046E-11
 7.064824E+02  1.220313E-11
 7.114573E+02  1.191911E-11
 7.164322E+02  1.166540E-11
 7.214070E+02  1.140081E-11
 7.263819E+02  1.111484E-11
 7.313568E+02  1.089189E-11
 7.363317E+02  1.064940E-11
 7.413065E+02  1.041511E-11
 7.462814E+02  1.020984E-11
 7.512563E+02  9.970767E-12
 7.562312E+02  9.758175E-12
 7.612060E+02  9.576957E-12
 7.661809E+02  9.354015E-12
 7.711558E+02  9.142356E-12
 7.761307E+02  8.944400E-12
 7.811055E+02  8.779475E-12
 7.860804E+02  8.587958E-12
 7.910553E+02  8.392824E-12
 7.960302E+02  8.219799E-12
 8.010050E+02  8.068646E-12
 8.059799E+02  7.881643E-12
 8.109548E+02  7.734896E-12
 8.159296E+02  7.570192E-12
 8.209045E+02  7.411812E-12
 8.258794E+02  7.262485E-12
 8.308543E+02  7.099478E-12
 8.358291E+02  6.959413E-12
 8.408040E+02  6.815653E-12
 8.457789E+02  6.678790E-12
 8.507538E+02  6.547084E-12
 8.557286E+02  6.418138E-12
 8.607035E+02  6.274668E-12
 8.656784E+02  6.160787E-12
 8.706533E+02  6.040753E-12
 8.756281E+02  5.912196E-12
 8.806030E+02  5.794559E-12
 8.855779E+02  5.681706E-12
 8.905528E+02  5.572505E-12
 8.955276E+02  5.448600E-12
 9.005025E+02  5.355295E-12
 9.054774E+02  5.243890E-12
 9.104523E+02  5.140506E-12
 9.154271E+02  5.042253E-12
 9.204020E+02  4.953114E-12
 9.253769E+02  4.846331E-12
 9.303518E+02  4.753208E-12
 9.353266E+02  4.667777E-12
 9.403015E+02  4.569778E-12
 9.452764E+02  4.481576E-12
 9.502513E+02  4.398910E-12
 9.552261E+02  4.315082E-12
 9.602010E+02  4.230752E-12
 9.651759E+02  4.152411E-12
 9.701508E+02  4.073629E-12
 9.751256E+02  3.994991E-12
 9.801005E+02  3.913685E-12
 9.850754E+02  3.855311E-12
 9.900503E+02  3.780866E-12
 9.950251E+02  3.705010E-12
 1.000000E+03  3.631006E-12
