 1.000000E+01  6.270814E-06
 1.497487E+01  8.504608E-06
 1.994975E+01  6.563665E-06
 2.492462E+01  1.934026E-06
 2.989950E+01  4.677400E-07
 3.487437E+01  5.853659E-07
 3.984925E+01  6.982814E-07
 4.482412E+01  7.925783E-07
 4.979899E+01  8.695395E-07
 5.477387E+01  9.235628E-07
 5.974874E+01  9.464143E-07
 6.472362E+01  9.372608E-07
 6.969849E+01  8.945491E-07
 7.467337E+01  8.210440E-07
 7.964824E+01  7.223780E-07
 8.462312E+01  5.977372E-07
 8.959799E+01  4.588835E-07
 9.457286E+01  3.171291E-07
 9.954774E+01  1.837902E-07
 1.045226E+02  7.513605E-08
 1.094975E+02  1.024706E-08
 1.144724E+02  6.779710E-10
 1.194472E+02  5.615354E-10
 1.244221E+02  4.895565E-10
 1.293970E+02  4.366057E-10
 1.343719E+02  3.956469E-10
 1.393467E+02  3.614226E-10
 1.443216E+02  3.332647E-10
 1.492965E+02  3.085033E-10
 1.542714E+02  2.874859E-10
 1.592462E+02  2.684699E-10
 1.642211E+02  2.519441E-10
 1.691960E+02  2.366801E-10
 1.741709E+02  2.232096E-10
 1.791457E+02  2.108471E-10
 1.841206E+02  1.992576E-10
 1.890955E+02  1.887510E-10
 1.940704E+02  1.794905E-10
 1.990452E+02  1.705852E-10
 2.040201E+02  1.625176E-10
 2.089950E+02  1.547776E-10
 2.139698E+02  1.476199E-10
 2.189447E+02  1.409521E-10
 2.239196E+02  1.347656E-10
 2.288945E+02  1.289669E-10
 2.338693E+02  1.235497E-10
 2.388442E+02  1.183103E-10
 2.438191E+02  1.135677E-10
 2.487940E+02  1.090261E-10
 2.537688E+02  1.045509E-10
 2.587437E+02  1.005416E-10
 2.637186E+02  9.669490E-11
 2.686935E+02  9.313518E-11
 2.736683E+02  8.939644E-11
 2.786432E+02  8.610410E-11
 2.836181E+02  8.307856E-11
 2.885930E+02  8.008936E-11
 2.935678E+02  7.719315E-11
 2.985427E+02  7.450007E-11
 3.035176E+02  7.188401E-11
 3.084925E+02  6.941800E-11
 3.134673E+02  6.707500E-11
 3.184422E+02  6.474221E-11
 3.234171E+02  6.266394E-11
 3.283920E+02  6.058411E-11
 3.333668E+02  5.866316E-11
 3.383417E+02  5.671533E-11
 3.433166E+02  5.490839E-11
 3.482915E+02  5.315785E-11
 3.532663E+02  5.146065E-11
 3.582412E+02  4.987209E-11
 3.632161E+02  4.840944E-11
 3.681910E+02  4.690463E-11
 3.731658E+02  4.548313E-11
 3.781407E+02  4.414721E-11
 3.831156E+02  4.276625E-11
 3.880905E+02  4.150144E-11
 3.930653E+02  4.030389E-11
 3.980402E+02  3.908680E-11
 4.030151E+02  3.800347E-11
 4.079899E+02  3.693794E-11
 4.129648E+02  3.583884E-11
 4.179397E+02  3.488188E-11
 4.229146E+02  3.386486E-11
 4.278894E+02  3.294898E-11
 4.328643E+02  3.201319E-11
 4.378392E+02  3.116998E-11
 4.428141E+02  3.025701E-11
 4.477889E+02  2.944132E-11
 4.527638E+02  2.867347E-11
 4.577387E+02  2.793904E-11
 4.627136E+02  2.718988E-11
 4.676884E+02  2.649285E-11
 4.726633E+02  2.578055E-11
 4.776382E+02  2.511304E-11
 4.826131E+02  2.446192E-11
 4.875879E+02  2.381977E-11
 4.925628E+02  2.324716E-11
 4.975377E+02  2.263697E-11
 5.025126E+02  2.207794E-11
 5.074874E+02  2.152186E-11
 5.124623E+02  2.098236E-11
 5.174372E+02  2.045568E-11
 5.224121E+02  1.994541E-11
 5.273869E+02  1.941525E-11
 5.323618E+02  1.897666E-11
 5.373367E+02  1.850734E-11
 5.423116E+02  1.807912E-11
 5.472864E+02  1.765426E-11
 5.522613E+02  1.720824E-11
 5.572362E+02  1.678552E-11
 5.622111E+02  1.640131E-11
 5.671859E+02  1.600790E-11
 5.721608E+02  1.563286E-11
 5.771357E+02  1.529295E-11
 5.821106E+02  1.493685E-11
 5.870854E+02  1.459956E-11
 5.920603E+02  1.425341E-11
 5.970352E+02  1.389783E-11
 6.020101E+02  1.361267E-11
 6.069849E+02  1.328816E-11
 6.119598E+02  1.299063E-11
 6.169347E+02  1.270574E-11
 6.219095E+02  1.240347E-11
 6.268844E+02  1.216684E-11
 6.318593E+02  1.185572E-11
 6.368342E+02  1.159466E-11
 6.418090E+02  1.135708E-11
 6.467839E+02  1.111753E-11
 6.517588E+02  1.086276E-11
 6.567337E+02  1.062474E-11
 6.617085E+02  1.039622E-11
 6.666834E+02  1.016708E-11
 6.716583E+02  9.957155E-12
 6.766332E+02  9.755188E-12
 6.816080E+02  9.541022E-12
 6.865829E+02  9.337047E-12
 6.915578E+02  9.131526E-12
 6.965327E+02  8.953770E-12
 7.015075E+02  8.757176E-12
 7.064824E+02  8.568903E-12
 7.114573E+02  8.412626E-12
 7.164322E+02  8.221641E-12
 7.214070E+02  8.074923E-12
 7.263819E+02  7.895748E-12
 7.313568E+02  7.735058E-12
 7.363317E+02  7.568674E-12
 7.413065E+02  7.423072E-12
 7.462814E+02  7.287587E-12
 7.512563E+02  7.111133E-12
 7.562312E+02  6.981848E-12
 7.612060E+02  6.842850E-12
 7.661809E+02  6.708739E-12
 7.711558E+02  6.578604E-12
 7.761307E+02  6.436210E-12
 7.811055E+02  6.312917E-12
 7.860804E+02  6.187951E-12
 7.910553E+02  6.066659E-12
 7.960302E+02  5.941470E-12
 8.010050E+02  5.838116E-12
 8.059799E+02  5.724355E-12
 8.109548E+02  5.601230E-12
 8.159296E+02  5.504502E-12
 8.209045E+02  5.392432E-12
 8.258794E+02  5.288907E-12
 8.308543E+02  5.195598E-12
 8.358291E+02  5.091372E-12
 8.408040E+02  4.993826E-12
 8.457789E+02  4.893328E-12
 8.507538E+02  4.808661E-12
 8.557286E+02  4.717861E-12
 8.607035E+02  4.628620E-12
 8.656784E+02  4.545853E-12
 8.706533E+02  4.453417E-12
 8.756281E+02  4.381382E-12
 8.806030E+02  4.291880E-12
 8.855779E+02  4.219463E-12
 8.905528E+02  4.131157E-12
 8.955276E+02  4.071560E-12
 9.005025E+02  3.985899E-12
 9.054774E+02  3.913224E-12
 9.104523E+02  3.841636E-12
 9.154271E+02  3.769982E-12
 9.204020E+02  3.705952E-12
 9.253769E+02  3.635614E-12
 9.303518E+02  3.571576E-12
 9.353266E+02  3.511159E-12
 9.403015E+02  3.444441E-12
 9.452764E+02  3.388413E-12
 9.502513E+02  3.320000E-12
 9.552261E+02  3.266695E-12
 9.602010E+02  3.209843E-12
 9.651759E+02  3.148542E-12
 9.701508E+02  3.090804E-12
 9.751256E+02  3.034041E-12
 9.801005E+02  2.981164E-12
 9.850754E+02  2.934219E-12
 9.900503E+02  2.883930E-12
 9.950251E+02  2.834617E-12
 1.000000E+03  2.780613E-12
