 1.000000E+01  6.298244E-05
 1.497487E+01  1.003833E-04
 1.994975E+01  1.063643E-04
 2.492462E+01  7.440385E-05
 2.989950E+01  2.385411E-05
 3.487437E+01  5.775835E-06
 3.984925E+01  7.071307E-06
 4.482412E+01  8.285193E-06
 4.979899E+01  9.421648E-06
 5.477387E+01  1.041308E-05
 5.974874E+01  1.121203E-05
 6.472362E+01  1.177602E-05
 6.969849E+01  1.207353E-05
 7.467337E+01  1.209473E-05
 7.964824E+01  1.188032E-05
 8.462312E+01  1.128913E-05
 8.959799E+01  1.048096E-05
 9.457286E+01  9.396511E-06
 9.954774E+01  8.125516E-06
 1.045226E+02  6.674538E-06
 1.094975E+02  5.173602E-06
 1.144724E+02  3.659312E-06
 1.194472E+02  2.258479E-06
 1.244221E+02  1.083621E-06
 1.293970E+02  2.819854E-07
 1.343719E+02  9.882687E-09
 1.393467E+02  7.964471E-09
 1.443216E+02  6.947698E-09
 1.492965E+02  6.210063E-09
 1.542714E+02  5.649281E-09
 1.592462E+02  5.194065E-09
 1.642211E+02  4.804749E-09
 1.691960E+02  4.474710E-09
 1.741709E+02  4.183540E-09
 1.791457E+02  3.924969E-09
 1.841206E+02  3.696551E-09
 1.890955E+02  3.493509E-09
 1.940704E+02  3.305611E-09
 1.990452E+02  3.136348E-09
 2.040201E+02  2.987361E-09
 2.089950E+02  2.840532E-09
 2.139698E+02  2.709741E-09
 2.189447E+02  2.585435E-09
 2.239196E+02  2.470515E-09
 2.288945E+02  2.366333E-09
 2.338693E+02  2.264809E-09
 2.388442E+02  2.174905E-09
 2.438191E+02  2.088097E-09
 2.487940E+02  2.002151E-09
 2.537688E+02  1.925049E-09
 2.587437E+02  1.854252E-09
 2.637186E+02  1.783363E-09
 2.686935E+02  1.716510E-09
 2.736683E+02  1.654528E-09
 2.786432E+02  1.594482E-09
 2.836181E+02  1.541425E-09
 2.885930E+02  1.488656E-09
 2.935678E+02  1.436967E-09
 2.985427E+02  1.386713E-09
 3.035176E+02  1.342305E-09
 3.084925E+02  1.298223E-09
 3.134673E+02  1.256463E-09
 3.184422E+02  1.214392E-09
 3.234171E+02  1.175956E-09
 3.283920E+02  1.139018E-09
 3.333668E+02  1.105015E-09
 3.383417E+02  1.070158E-09
 3.433166E+02  1.040965E-09
 3.482915E+02  1.008292E-09
 3.532663E+02  9.767781E-10
 3.582412E+02  9.497559E-10
 3.632161E+02  9.203657E-10
 3.681910E+02  8.952132E-10
 3.731658E+02  8.688137E-10
 3.781407E+02  8.436988E-10
 3.831156E+02  8.189178E-10
 3.880905E+02  7.970453E-10
 3.930653E+02  7.754552E-10
 3.980402E+02  7.540767E-10
 4.030151E+02  7.334027E-10
 4.079899E+02  7.136430E-10
 4.129648E+02  6.961835E-10
 4.179397E+02  6.761041E-10
 4.229146E+02  6.588798E-10
 4.278894E+02  6.422720E-10
 4.328643E+02  6.243515E-10
 4.378392E+02  6.085984E-10
 4.428141E+02  5.929122E-10
 4.477889E+02  5.787243E-10
 4.527638E+02  5.643806E-10
 4.577387E+02  5.498856E-10
 4.627136E+02  5.363570E-10
 4.676884E+02  5.235178E-10
 4.726633E+02  5.109489E-10
 4.776382E+02  4.982509E-10
 4.826131E+02  4.860666E-10
 4.875879E+02  4.743611E-10
 4.925628E+02  4.626712E-10
 4.975377E+02  4.514205E-10
 5.025126E+02  4.412863E-10
 5.074874E+02  4.313331E-10
 5.124623E+02  4.208348E-10
 5.174372E+02  4.114510E-10
 5.224121E+02  4.021553E-10
 5.273869E+02  3.922494E-10
 5.323618E+02  3.835422E-10
 5.373367E+02  3.750848E-10
 5.423116E+02  3.668204E-10
 5.472864E+02  3.585327E-10
 5.522613E+02  3.502758E-10
 5.572362E+02  3.429080E-10
 5.622111E+02  3.349149E-10
 5.671859E+02  3.279998E-10
 5.721608E+02  3.200745E-10
 5.771357E+02  3.138961E-10
 5.821106E+02  3.070738E-10
 5.870854E+02  3.002842E-10
 5.920603E+02  2.943045E-10
 5.970352E+02  2.878993E-10
 6.020101E+02  2.813881E-10
 6.069849E+02  2.752528E-10
 6.119598E+02  2.695547E-10
 6.169347E+02  2.643604E-10
 6.219095E+02  2.589458E-10
 6.268844E+02  2.535218E-10
 6.318593E+02  2.484221E-10
 6.368342E+02  2.430354E-10
 6.418090E+02  2.382162E-10
 6.467839E+02  2.334633E-10
 6.517588E+02  2.285661E-10
 6.567337E+02  2.241150E-10
 6.617085E+02  2.194621E-10
 6.666834E+02  2.152807E-10
 6.716583E+02  2.112096E-10
 6.766332E+02  2.067351E-10
 6.816080E+02  2.027204E-10
 6.865829E+02  1.986027E-10
 6.915578E+02  1.946076E-10
 6.965327E+02  1.912574E-10
 7.015075E+02  1.875858E-10
 7.064824E+02  1.835282E-10
 7.114573E+02  1.801767E-10
 7.164322E+02  1.770976E-10
 7.214070E+02  1.734497E-10
 7.263819E+02  1.700182E-10
 7.313568E+02  1.669008E-10
 7.363317E+02  1.637265E-10
 7.413065E+02  1.608103E-10
 7.462814E+02  1.577201E-10
 7.512563E+02  1.547254E-10
 7.562312E+02  1.519596E-10
 7.612060E+02  1.491483E-10
 7.661809E+02  1.463742E-10
 7.711558E+02  1.437315E-10
 7.761307E+02  1.412459E-10
 7.811055E+02  1.388361E-10
 7.860804E+02  1.356892E-10
 7.910553E+02  1.336199E-10
 7.960302E+02  1.309219E-10
 8.010050E+02  1.288052E-10
 8.059799E+02  1.265964E-10
 8.109548E+02  1.241135E-10
 8.159296E+02  1.215780E-10
 8.209045E+02  1.198906E-10
 8.258794E+02  1.176713E-10
 8.308543E+02  1.153606E-10
 8.358291E+02  1.138308E-10
 8.408040E+02  1.117176E-10
 8.457789E+02  1.097846E-10
 8.507538E+02  1.077480E-10
 8.557286E+02  1.059717E-10
 8.607035E+02  1.040847E-10
 8.656784E+02  1.022002E-10
 8.706533E+02  1.006469E-10
 8.756281E+02  9.868807E-11
 8.806030E+02  9.700852E-11
 8.855779E+02  9.526470E-11
 8.905528E+02  9.384354E-11
 8.955276E+02  9.228041E-11
 9.005025E+02  9.070592E-11
 9.054774E+02  8.902682E-11
 9.104523E+02  8.759061E-11
 9.154271E+02  8.624557E-11
 9.204020E+02  8.495798E-11
 9.253769E+02  8.329573E-11
 9.303518E+02  8.201720E-11
 9.353266E+02  8.065482E-11
 9.403015E+02  7.928453E-11
 9.452764E+02  7.807268E-11
 9.502513E+02  7.676249E-11
 9.552261E+02  7.542643E-11
 9.602010E+02  7.421173E-11
 9.651759E+02  7.293680E-11
 9.701508E+02  7.181129E-11
 9.751256E+02  7.081527E-11
 9.801005E+02  6.942812E-11
 9.850754E+02  6.840907E-11
 9.900503E+02  6.718629E-11
 9.950251E+02  6.631970E-11
 1.000000E+03  6.517068E-11
