 1.000000E+01  2.617938E-06
 1.497487E+01  4.708816E-06
 1.994975E+01  6.145192E-06
 2.492462E+01  6.273074E-06
 2.989950E+01  4.903687E-06
 3.487437E+01  2.538271E-06
 3.984925E+01  5.209789E-07
 4.482412E+01  3.510620E-07
 4.979899E+01  4.128875E-07
 5.477387E+01  4.683972E-07
 5.974874E+01  5.249270E-07
 6.472362E+01  5.748894E-07
 6.969849E+01  6.196073E-07
 7.467337E+01  6.551516E-07
 7.964824E+01  6.847950E-07
 8.462312E+01  7.025967E-07
 8.959799E+01  7.104901E-07
 9.457286E+01  7.093269E-07
 9.954774E+01  6.947885E-07
 1.045226E+02  6.689700E-07
 1.094975E+02  6.345938E-07
 1.144724E+02  5.905001E-07
 1.194472E+02  5.354762E-07
 1.244221E+02  4.750401E-07
 1.293970E+02  4.072190E-07
 1.343719E+02  3.360985E-07
 1.393467E+02  2.625900E-07
 1.443216E+02  1.918720E-07
 1.492965E+02  1.265810E-07
 1.542714E+02  7.018351E-08
 1.592462E+02  2.765499E-08
 1.642211E+02  3.837261E-09
 1.691960E+02  5.338171E-10
 1.741709E+02  4.606767E-10
 1.791457E+02  4.128140E-10
 1.841206E+02  3.764455E-10
 1.890955E+02  3.466570E-10
 1.940704E+02  3.225393E-10
 1.990452E+02  3.013576E-10
 2.040201E+02  2.833834E-10
 2.089950E+02  2.677176E-10
 2.139698E+02  2.534226E-10
 2.189447E+02  2.406630E-10
 2.239196E+02  2.287539E-10
 2.288945E+02  2.181577E-10
 2.338693E+02  2.083871E-10
 2.388442E+02  1.993227E-10
 2.438191E+02  1.905934E-10
 2.487940E+02  1.828810E-10
 2.537688E+02  1.759741E-10
 2.587437E+02  1.689864E-10
 2.637186E+02  1.623068E-10
 2.686935E+02  1.564102E-10
 2.736683E+02  1.506565E-10
 2.786432E+02  1.454707E-10
 2.836181E+02  1.401706E-10
 2.885930E+02  1.355738E-10
 2.935678E+02  1.310878E-10
 2.985427E+02  1.266333E-10
 3.035176E+02  1.224457E-10
 3.084925E+02  1.185771E-10
 3.134673E+02  1.149330E-10
 3.184422E+02  1.114195E-10
 3.234171E+02  1.078899E-10
 3.283920E+02  1.047995E-10
 3.333668E+02  1.015926E-10
 3.383417E+02  9.844262E-11
 3.433166E+02  9.587672E-11
 3.482915E+02  9.312760E-11
 3.532663E+02  9.051403E-11
 3.582412E+02  8.791216E-11
 3.632161E+02  8.536868E-11
 3.681910E+02  8.317223E-11
 3.731658E+02  8.086585E-11
 3.781407E+02  7.881259E-11
 3.831156E+02  7.668684E-11
 3.880905E+02  7.465127E-11
 3.930653E+02  7.273435E-11
 3.980402E+02  7.083027E-11
 4.030151E+02  6.909714E-11
 4.079899E+02  6.733960E-11
 4.129648E+02  6.568022E-11
 4.179397E+02  6.403260E-11
 4.229146E+02  6.241190E-11
 4.278894E+02  6.088926E-11
 4.328643E+02  5.937970E-11
 4.378392E+02  5.799866E-11
 4.428141E+02  5.656301E-11
 4.477889E+02  5.524437E-11
 4.527638E+02  5.397357E-11
 4.577387E+02  5.273845E-11
 4.627136E+02  5.152319E-11
 4.676884E+02  5.034474E-11
 4.726633E+02  4.924875E-11
 4.776382E+02  4.814762E-11
 4.826131E+02  4.699224E-11
 4.875879E+02  4.596954E-11
 4.925628E+02  4.494640E-11
 4.975377E+02  4.394093E-11
 5.025126E+02  4.300534E-11
 5.074874E+02  4.205179E-11
 5.124623E+02  4.111522E-11
 5.174372E+02  4.029598E-11
 5.224121E+02  3.943713E-11
 5.273869E+02  3.865277E-11
 5.323618E+02  3.782599E-11
 5.373367E+02  3.702689E-11
 5.423116E+02  3.619956E-11
 5.472864E+02  3.546538E-11
 5.522613E+02  3.480730E-11
 5.572362E+02  3.409377E-11
 5.622111E+02  3.337376E-11
 5.671859E+02  3.270193E-11
 5.721608E+02  3.207514E-11
 5.771357E+02  3.133400E-11
 5.821106E+02  3.081963E-11
 5.870854E+02  3.022723E-11
 5.920603E+02  2.958587E-11
 5.970352E+02  2.900605E-11
 6.020101E+02  2.841570E-11
 6.069849E+02  2.790163E-11
 6.119598E+02  2.737045E-11
 6.169347E+02  2.684735E-11
 6.219095E+02  2.633570E-11
 6.268844E+02  2.581476E-11
 6.318593E+02  2.535180E-11
 6.368342E+02  2.488430E-11
 6.418090E+02  2.439649E-11
 6.467839E+02  2.394697E-11
 6.517588E+02  2.354353E-11
 6.567337E+02  2.308100E-11
 6.617085E+02  2.267569E-11
 6.666834E+02  2.222665E-11
 6.716583E+02  2.189018E-11
 6.766332E+02  2.143219E-11
 6.816080E+02  2.102394E-11
 6.865829E+02  2.069816E-11
 6.915578E+02  2.030521E-11
 6.965327E+02  1.996515E-11
 7.015075E+02  1.959517E-11
 7.064824E+02  1.926397E-11
 7.114573E+02  1.891050E-11
 7.164322E+02  1.861107E-11
 7.214070E+02  1.826019E-11
 7.263819E+02  1.796943E-11
 7.313568E+02  1.762674E-11
 7.363317E+02  1.734612E-11
 7.413065E+02  1.703575E-11
 7.462814E+02  1.673871E-11
 7.512563E+02  1.649455E-11
 7.562312E+02  1.616839E-11
 7.612060E+02  1.592128E-11
 7.661809E+02  1.566652E-11
 7.711558E+02  1.537289E-11
 7.761307E+02  1.515647E-11
 7.811055E+02  1.488653E-11
 7.860804E+02  1.462698E-11
 7.910553E+02  1.438936E-11
 7.960302E+02  1.414682E-11
 8.010050E+02  1.390979E-11
 8.059799E+02  1.370202E-11
 8.109548E+02  1.348538E-11
 8.159296E+02  1.325023E-11
 8.209045E+02  1.303640E-11
 8.258794E+02  1.283073E-11
 8.308543E+02  1.263204E-11
 8.358291E+02  1.242713E-11
 8.408040E+02  1.223170E-11
 8.457789E+02  1.202084E-11
 8.507538E+02  1.185133E-11
 8.557286E+02  1.165925E-11
 8.607035E+02  1.149443E-11
 8.656784E+02  1.128373E-11
 8.706533E+02  1.110725E-11
 8.756281E+02  1.094786E-11
 8.806030E+02  1.076942E-11
 8.855779E+02  1.062439E-11
 8.905528E+02  1.044831E-11
 8.955276E+02  1.028697E-11
 9.005025E+02  1.014429E-11
 9.054774E+02  9.989523E-12
 9.104523E+02  9.824714E-12
 9.154271E+02  9.677661E-12
 9.204020E+02  9.545571E-12
 9.253769E+02  9.389952E-12
 9.303518E+02  9.238329E-12
 9.353266E+02  9.132037E-12
 9.403015E+02  8.974043E-12
 9.452764E+02  8.844591E-12
 9.502513E+02  8.705513E-12
 9.552261E+02  8.584932E-12
 9.602010E+02  8.454949E-12
 9.651759E+02  8.328077E-12
 9.701508E+02  8.206831E-12
 9.751256E+02  8.049450E-12
 9.801005E+02  7.971149E-12
 9.850754E+02  7.856814E-12
 9.900503E+02  7.739445E-12
 9.950251E+02  7.622948E-12
 1.000000E+03  7.516280E-12
