 1.000000E+01  2.614435E-06
 1.497487E+01  4.705620E-06
 1.994975E+01  6.123682E-06
 2.492462E+01  6.267195E-06
 2.989950E+01  4.902714E-06
 3.487437E+01  2.536192E-06
 3.984925E+01  5.220021E-07
 4.482412E+01  3.517491E-07
 4.979899E+01  4.122482E-07
 5.477387E+01  4.700423E-07
 5.974874E+01  5.242757E-07
 6.472362E+01  5.757581E-07
 6.969849E+01  6.182738E-07
 7.467337E+01  6.572886E-07
 7.964824E+01  6.830317E-07
 8.462312E+01  7.013926E-07
 8.959799E+01  7.123458E-07
 9.457286E+01  7.081595E-07
 9.954774E+01  6.947463E-07
 1.045226E+02  6.693762E-07
 1.094975E+02  6.358800E-07
 1.144724E+02  5.901521E-07
 1.194472E+02  5.362058E-07
 1.244221E+02  4.739146E-07
 1.293970E+02  4.076886E-07
 1.343719E+02  3.354798E-07
 1.393467E+02  2.628440E-07
 1.443216E+02  1.917872E-07
 1.492965E+02  1.264046E-07
 1.542714E+02  7.019411E-08
 1.592462E+02  2.766861E-08
 1.642211E+02  3.833551E-09
 1.691960E+02  5.333948E-10
 1.741709E+02  4.599452E-10
 1.791457E+02  4.126564E-10
 1.841206E+02  3.760149E-10
 1.890955E+02  3.471000E-10
 1.940704E+02  3.232095E-10
 1.990452E+02  3.018403E-10
 2.040201E+02  2.839967E-10
 2.089950E+02  2.675401E-10
 2.139698E+02  2.536686E-10
 2.189447E+02  2.402305E-10
 2.239196E+02  2.289394E-10
 2.288945E+02  2.180817E-10
 2.338693E+02  2.081195E-10
 2.388442E+02  1.993657E-10
 2.438191E+02  1.908960E-10
 2.487940E+02  1.827663E-10
 2.537688E+02  1.756453E-10
 2.587437E+02  1.687296E-10
 2.637186E+02  1.625816E-10
 2.686935E+02  1.566330E-10
 2.736683E+02  1.507241E-10
 2.786432E+02  1.453708E-10
 2.836181E+02  1.402790E-10
 2.885930E+02  1.356107E-10
 2.935678E+02  1.308226E-10
 2.985427E+02  1.268586E-10
 3.035176E+02  1.225646E-10
 3.084925E+02  1.189574E-10
 3.134673E+02  1.147866E-10
 3.184422E+02  1.113171E-10
 3.234171E+02  1.078034E-10
 3.283920E+02  1.047190E-10
 3.333668E+02  1.017141E-10
 3.383417E+02  9.858809E-11
 3.433166E+02  9.567999E-11
 3.482915E+02  9.306344E-11
 3.532663E+02  9.042255E-11
 3.582412E+02  8.780437E-11
 3.632161E+02  8.553673E-11
 3.681910E+02  8.309672E-11
 3.731658E+02  8.090036E-11
 3.781407E+02  7.881233E-11
 3.831156E+02  7.658016E-11
 3.880905E+02  7.468888E-11
 3.930653E+02  7.262129E-11
 3.980402E+02  7.087962E-11
 4.030151E+02  6.902181E-11
 4.079899E+02  6.725695E-11
 4.129648E+02  6.562029E-11
 4.179397E+02  6.388382E-11
 4.229146E+02  6.236927E-11
 4.278894E+02  6.087670E-11
 4.328643E+02  5.947299E-11
 4.378392E+02  5.807093E-11
 4.428141E+02  5.661435E-11
 4.477889E+02  5.536473E-11
 4.527638E+02  5.399931E-11
 4.577387E+02  5.276645E-11
 4.627136E+02  5.153793E-11
 4.676884E+02  5.023602E-11
 4.726633E+02  4.918320E-11
 4.776382E+02  4.814217E-11
 4.826131E+02  4.699638E-11
 4.875879E+02  4.604049E-11
 4.925628E+02  4.487854E-11
 4.975377E+02  4.393971E-11
 5.025126E+02  4.300288E-11
 5.074874E+02  4.212330E-11
 5.124623E+02  4.113097E-11
 5.174372E+02  4.032053E-11
 5.224121E+02  3.942862E-11
 5.273869E+02  3.860410E-11
 5.323618E+02  3.785029E-11
 5.373367E+02  3.700714E-11
 5.423116E+02  3.624239E-11
 5.472864E+02  3.551949E-11
 5.522613E+02  3.473208E-11
 5.572362E+02  3.408049E-11
 5.622111E+02  3.336117E-11
 5.671859E+02  3.274800E-11
 5.721608E+02  3.206013E-11
 5.771357E+02  3.140077E-11
 5.821106E+02  3.080924E-11
 5.870854E+02  3.016839E-11
 5.920603E+02  2.957693E-11
 5.970352E+02  2.899981E-11
 6.020101E+02  2.846631E-11
 6.069849E+02  2.791549E-11
 6.119598E+02  2.737911E-11
 6.169347E+02  2.684959E-11
 6.219095E+02  2.631769E-11
 6.268844E+02  2.578239E-11
 6.318593E+02  2.534078E-11
 6.368342E+02  2.487596E-11
 6.418090E+02  2.441754E-11
 6.467839E+02  2.392859E-11
 6.517588E+02  2.351180E-11
 6.567337E+02  2.308125E-11
 6.617085E+02  2.267520E-11
 6.666834E+02  2.225912E-11
 6.716583E+02  2.185311E-11
 6.766332E+02  2.145469E-11
 6.816080E+02  2.103001E-11
 6.865829E+02  2.068101E-11
 6.915578E+02  2.027949E-11
 6.965327E+02  1.996914E-11
 7.015075E+02  1.959035E-11
 7.064824E+02  1.926882E-11
 7.114573E+02  1.895135E-11
 7.164322E+02  1.858294E-11
 7.214070E+02  1.826896E-11
 7.263819E+02  1.792520E-11
 7.313568E+02  1.763652E-11
 7.363317E+02  1.734260E-11
 7.413065E+02  1.703367E-11
 7.462814E+02  1.674691E-11
 7.512563E+02  1.647963E-11
 7.562312E+02  1.619417E-11
 7.612060E+02  1.592362E-11
 7.661809E+02  1.562175E-11
 7.711558E+02  1.537813E-11
 7.761307E+02  1.513526E-11
 7.811055E+02  1.489219E-11
 7.860804E+02  1.463315E-11
 7.910553E+02  1.439409E-11
 7.960302E+02  1.417723E-11
 8.010050E+02  1.390293E-11
 8.059799E+02  1.369145E-11
 8.109548E+02  1.348512E-11
 8.159296E+02  1.325046E-11
 8.209045E+02  1.305998E-11
 8.258794E+02  1.284069E-11
 8.308543E+02  1.260561E-11
 8.358291E+02  1.244357E-11
 8.408040E+02  1.222036E-11
 8.457789E+02  1.205282E-11
 8.507538E+02  1.183898E-11
 8.557286E+02  1.166618E-11
 8.607035E+02  1.146466E-11
 8.656784E+02  1.130912E-11
 8.706533E+02  1.113951E-11
 8.756281E+02  1.093367E-11
 8.806030E+02  1.077848E-11
 8.855779E+02  1.060181E-11
 8.905528E+02  1.045223E-11
 8.955276E+02  1.028682E-11
 9.005025E+02  1.013950E-11
 9.054774E+02  9.965532E-12
 9.104523E+02  9.824854E-12
 9.154271E+02  9.689076E-12
 9.204020E+02  9.529628E-12
 9.253769E+02  9.387753E-12
 9.303518E+02  9.254501E-12
 9.353266E+02  9.101759E-12
 9.403015E+02  8.971596E-12
 9.452764E+02  8.848562E-12
 9.502513E+02  8.713901E-12
 9.552261E+02  8.588822E-12
 9.602010E+02  8.452415E-12
 9.651759E+02  8.321582E-12
 9.701508E+02  8.204576E-12
 9.751256E+02  8.082739E-12
 9.801005E+02  7.971091E-12
 9.850754E+02  7.861689E-12
 9.900503E+02  7.733238E-12
 9.950251E+02  7.621515E-12
 1.000000E+03  7.516459E-12
