 1.000000E+01  1.187191E-05
 1.497487E+01  6.309223E-06
 1.994975E+01  2.723331E-06
 2.492462E+01  1.611850E-06
 2.989950E+01  1.453447E-06
 3.487437E+01  1.293563E-06
 3.984925E+01  1.126575E-06
 4.482412E+01  9.657688E-07
 4.979899E+01  8.044919E-07
 5.477387E+01  6.515289E-07
 5.974874E+01  5.093802E-07
 6.472362E+01  3.835968E-07
 6.969849E+01  2.747166E-07
 7.467337E+01  1.847194E-07
 7.964824E+01  1.137616E-07
 8.462312E+01  6.223960E-08
 8.959799E+01  2.828747E-08
 9.457286E+01  9.328265E-09
 9.954774E+01  1.721909E-09
 1.045226E+02  4.774552E-10
 1.094975E+02  4.228355E-10
 1.144724E+02  3.813205E-10
 1.194472E+02  3.459533E-10
 1.244221E+02  3.162758E-10
 1.293970E+02  2.903823E-10
 1.343719E+02  2.676561E-10
 1.393467E+02  2.477258E-10
 1.443216E+02  2.298286E-10
 1.492965E+02  2.137214E-10
 1.542714E+02  1.990962E-10
 1.592462E+02  1.858663E-10
 1.642211E+02  1.739931E-10
 1.691960E+02  1.633470E-10
 1.741709E+02  1.532540E-10
 1.791457E+02  1.444284E-10
 1.841206E+02  1.357585E-10
 1.890955E+02  1.279397E-10
 1.940704E+02  1.209994E-10
 1.990452E+02  1.143845E-10
 2.040201E+02  1.079079E-10
 2.089950E+02  1.022530E-10
 2.139698E+02  9.702041E-11
 2.189447E+02  9.201805E-11
 2.239196E+02  8.729289E-11
 2.288945E+02  8.300221E-11
 2.338693E+02  7.902711E-11
 2.388442E+02  7.511514E-11
 2.438191E+02  7.154183E-11
 2.487940E+02  6.818398E-11
 2.537688E+02  6.515681E-11
 2.587437E+02  6.211390E-11
 2.637186E+02  5.939273E-11
 2.686935E+02  5.667643E-11
 2.736683E+02  5.422151E-11
 2.786432E+02  5.178323E-11
 2.836181E+02  4.971086E-11
 2.885930E+02  4.753422E-11
 2.935678E+02  4.552382E-11
 2.985427E+02  4.370391E-11
 3.035176E+02  4.185072E-11
 3.084925E+02  4.014323E-11
 3.134673E+02  3.856204E-11
 3.184422E+02  3.702022E-11
 3.234171E+02  3.559974E-11
 3.283920E+02  3.420585E-11
 3.333668E+02  3.290197E-11
 3.383417E+02  3.165894E-11
 3.433166E+02  3.042930E-11
 3.482915E+02  2.927752E-11
 3.532663E+02  2.823466E-11
 3.582412E+02  2.717124E-11
 3.632161E+02  2.618730E-11
 3.681910E+02  2.526504E-11
 3.731658E+02  2.428172E-11
 3.781407E+02  2.347758E-11
 3.831156E+02  2.265170E-11
 3.880905E+02  2.186702E-11
 3.930653E+02  2.110482E-11
 3.980402E+02  2.036816E-11
 4.030151E+02  1.967606E-11
 4.079899E+02  1.899004E-11
 4.129648E+02  1.838198E-11
 4.179397E+02  1.773784E-11
 4.229146E+02  1.717178E-11
 4.278894E+02  1.662533E-11
 4.328643E+02  1.606733E-11
 4.378392E+02  1.552396E-11
 4.428141E+02  1.503092E-11
 4.477889E+02  1.455326E-11
 4.527638E+02  1.408922E-11
 4.577387E+02  1.362709E-11
 4.627136E+02  1.323244E-11
 4.676884E+02  1.281036E-11
 4.726633E+02  1.238668E-11
 4.776382E+02  1.202417E-11
 4.826131E+02  1.162881E-11
 4.875879E+02  1.131093E-11
 4.925628E+02  1.095979E-11
 4.975377E+02  1.061739E-11
 5.025126E+02  1.029852E-11
 5.074874E+02  9.989810E-12
 5.124623E+02  9.710643E-12
 5.174372E+02  9.438250E-12
 5.224121E+02  9.153616E-12
 5.273869E+02  8.903779E-12
 5.323618E+02  8.631974E-12
 5.373367E+02  8.379303E-12
 5.423116E+02  8.148910E-12
 5.472864E+02  7.920890E-12
 5.522613E+02  7.681495E-12
 5.572362E+02  7.477068E-12
 5.622111E+02  7.278672E-12
 5.671859E+02  7.078169E-12
 5.721608E+02  6.855128E-12
 5.771357E+02  6.672899E-12
 5.821106E+02  6.484964E-12
 5.870854E+02  6.311924E-12
 5.920603E+02  6.144012E-12
 5.970352E+02  5.972303E-12
 6.020101E+02  5.810506E-12
 6.069849E+02  5.660980E-12
 6.119598E+02  5.499882E-12
 6.169347E+02  5.366077E-12
 6.219095E+02  5.224957E-12
 6.268844E+02  5.074417E-12
 6.318593E+02  4.955417E-12
 6.368342E+02  4.825083E-12
 6.418090E+02  4.701561E-12
 6.467839E+02  4.577190E-12
 6.517588E+02  4.466013E-12
 6.567337E+02  4.347266E-12
 6.617085E+02  4.240883E-12
 6.666834E+02  4.130430E-12
 6.716583E+02  4.025664E-12
 6.766332E+02  3.925290E-12
 6.816080E+02  3.820015E-12
 6.865829E+02  3.737645E-12
 6.915578E+02  3.638971E-12
 6.965327E+02  3.551753E-12
 7.015075E+02  3.461759E-12
 7.064824E+02  3.367896E-12
 7.114573E+02  3.287558E-12
 7.164322E+02  3.213508E-12
 7.214070E+02  3.138263E-12
 7.263819E+02  3.057439E-12
 7.313568E+02  2.987358E-12
 7.363317E+02  2.915208E-12
 7.413065E+02  2.841144E-12
 7.462814E+02  2.781338E-12
 7.512563E+02  2.705472E-12
 7.562312E+02  2.653414E-12
 7.612060E+02  2.586426E-12
 7.661809E+02  2.523518E-12
 7.711558E+02  2.463088E-12
 7.761307E+02  2.410755E-12
 7.811055E+02  2.350612E-12
 7.860804E+02  2.294009E-12
 7.910553E+02  2.242829E-12
 7.960302E+02  2.196406E-12
 8.010050E+02  2.146792E-12
 8.059799E+02  2.095335E-12
 8.109548E+02  2.044543E-12
 8.159296E+02  1.998615E-12
 8.209045E+02  1.959749E-12
 8.258794E+02  1.914675E-12
 8.308543E+02  1.869242E-12
 8.358291E+02  1.830103E-12
 8.408040E+02  1.789247E-12
 8.457789E+02  1.747395E-12
 8.507538E+02  1.706105E-12
 8.557286E+02  1.668897E-12
 8.607035E+02  1.633638E-12
 8.656784E+02  1.598274E-12
 8.706533E+02  1.559593E-12
 8.756281E+02  1.526501E-12
 8.806030E+02  1.498273E-12
 8.855779E+02  1.464369E-12
 8.905528E+02  1.432337E-12
 8.955276E+02  1.402814E-12
 9.005025E+02  1.372982E-12
 9.054774E+02  1.343771E-12
 9.104523E+02  1.310650E-12
 9.154271E+02  1.286698E-12
 9.204020E+02  1.258748E-12
 9.253769E+02  1.231717E-12
 9.303518E+02  1.206480E-12
 9.353266E+02  1.178267E-12
 9.403015E+02  1.158462E-12
 9.452764E+02  1.132170E-12
 9.502513E+02  1.108806E-12
 9.552261E+02  1.086964E-12
 9.602010E+02  1.062719E-12
 9.651759E+02  1.041423E-12
 9.701508E+02  1.016918E-12
 9.751256E+02  9.989862E-13
 9.801005E+02  9.791136E-13
 9.850754E+02  9.562588E-13
 9.900503E+02  9.366839E-13
 9.950251E+02  9.188039E-13
 1.000000E+03  8.996607E-13
