 1.000000E+01  1.189357E-05
 1.497487E+01  6.322276E-06
 1.994975E+01  2.724849E-06
 2.492462E+01  1.615880E-06
 2.989950E+01  1.455907E-06
 3.487437E+01  1.296181E-06
 3.984925E+01  1.132157E-06
 4.482412E+01  9.635821E-07
 4.979899E+01  8.007158E-07
 5.477387E+01  6.496993E-07
 5.974874E+01  5.090825E-07
 6.472362E+01  3.827155E-07
 6.969849E+01  2.749689E-07
 7.467337E+01  1.843360E-07
 7.964824E+01  1.138889E-07
 8.462312E+01  6.234943E-08
 8.959799E+01  2.834448E-08
 9.457286E+01  9.330933E-09
 9.954774E+01  1.729182E-09
 1.045226E+02  4.775681E-10
 1.094975E+02  4.231006E-10
 1.144724E+02  3.807284E-10
 1.194472E+02  3.453833E-10
 1.244221E+02  3.164342E-10
 1.293970E+02  2.904027E-10
 1.343719E+02  2.678945E-10
 1.393467E+02  2.478005E-10
 1.443216E+02  2.299598E-10
 1.492965E+02  2.136257E-10
 1.542714E+02  1.990781E-10
 1.592462E+02  1.862479E-10
 1.642211E+02  1.738733E-10
 1.691960E+02  1.630185E-10
 1.741709E+02  1.531986E-10
 1.791457E+02  1.440465E-10
 1.841206E+02  1.357500E-10
 1.890955E+02  1.278434E-10
 1.940704E+02  1.208913E-10
 1.990452E+02  1.140086E-10
 2.040201E+02  1.078422E-10
 2.089950E+02  1.022940E-10
 2.139698E+02  9.686437E-11
 2.189447E+02  9.178990E-11
 2.239196E+02  8.741011E-11
 2.288945E+02  8.298960E-11
 2.338693E+02  7.889032E-11
 2.388442E+02  7.521168E-11
 2.438191E+02  7.162922E-11
 2.487940E+02  6.822591E-11
 2.537688E+02  6.517913E-11
 2.587437E+02  6.200566E-11
 2.637186E+02  5.936370E-11
 2.686935E+02  5.665221E-11
 2.736683E+02  5.421571E-11
 2.786432E+02  5.189853E-11
 2.836181E+02  4.956772E-11
 2.885930E+02  4.755268E-11
 2.935678E+02  4.558265E-11
 2.985427E+02  4.377836E-11
 3.035176E+02  4.184621E-11
 3.084925E+02  4.018774E-11
 3.134673E+02  3.856124E-11
 3.184422E+02  3.703130E-11
 3.234171E+02  3.563319E-11
 3.283920E+02  3.422280E-11
 3.333668E+02  3.284322E-11
 3.383417E+02  3.168751E-11
 3.433166E+02  3.041057E-11
 3.482915E+02  2.932519E-11
 3.532663E+02  2.820144E-11
 3.582412E+02  2.719450E-11
 3.632161E+02  2.620649E-11
 3.681910E+02  2.523172E-11
 3.731658E+02  2.428985E-11
 3.781407E+02  2.343364E-11
 3.831156E+02  2.261923E-11
 3.880905E+02  2.184004E-11
 3.930653E+02  2.106744E-11
 3.980402E+02  2.036717E-11
 4.030151E+02  1.969068E-11
 4.079899E+02  1.903650E-11
 4.129648E+02  1.836277E-11
 4.179397E+02  1.774945E-11
 4.229146E+02  1.711956E-11
 4.278894E+02  1.661573E-11
 4.328643E+02  1.605237E-11
 4.378392E+02  1.553857E-11
 4.428141E+02  1.504322E-11
 4.477889E+02  1.455429E-11
 4.527638E+02  1.409275E-11
 4.577387E+02  1.360982E-11
 4.627136E+02  1.320148E-11
 4.676884E+02  1.278404E-11
 4.726633E+02  1.238209E-11
 4.776382E+02  1.199649E-11
 4.826131E+02  1.166427E-11
 4.875879E+02  1.131052E-11
 4.925628E+02  1.094473E-11
 4.975377E+02  1.065230E-11
 5.025126E+02  1.033165E-11
 5.074874E+02  9.989838E-12
 5.124623E+02  9.716568E-12
 5.174372E+02  9.432930E-12
 5.224121E+02  9.149224E-12
 5.273869E+02  8.887578E-12
 5.323618E+02  8.622437E-12
 5.373367E+02  8.393968E-12
 5.423116E+02  8.138665E-12
 5.472864E+02  7.912250E-12
 5.522613E+02  7.685250E-12
 5.572362E+02  7.460540E-12
 5.622111E+02  7.252385E-12
 5.671859E+02  7.058102E-12
 5.721608E+02  6.872786E-12
 5.771357E+02  6.679595E-12
 5.821106E+02  6.497573E-12
 5.870854E+02  6.305851E-12
 5.920603E+02  6.144826E-12
 5.970352E+02  5.986319E-12
 6.020101E+02  5.824514E-12
 6.069849E+02  5.646083E-12
 6.119598E+02  5.510427E-12
 6.169347E+02  5.366184E-12
 6.219095E+02  5.223133E-12
 6.268844E+02  5.086864E-12
 6.318593E+02  4.970401E-12
 6.368342E+02  4.827140E-12
 6.418090E+02  4.701902E-12
 6.467839E+02  4.572778E-12
 6.517588E+02  4.458488E-12
 6.567337E+02  4.345703E-12
 6.617085E+02  4.229599E-12
 6.666834E+02  4.132660E-12
 6.716583E+02  4.021933E-12
 6.766332E+02  3.927609E-12
 6.816080E+02  3.823044E-12
 6.865829E+02  3.721001E-12
 6.915578E+02  3.638177E-12
 6.965327E+02  3.546494E-12
 7.015075E+02  3.462134E-12
 7.064824E+02  3.379376E-12
 7.114573E+02  3.287780E-12
 7.164322E+02  3.213720E-12
 7.214070E+02  3.135394E-12
 7.263819E+02  3.061492E-12
 7.313568E+02  2.987397E-12
 7.363317E+02  2.913529E-12
 7.413065E+02  2.840123E-12
 7.462814E+02  2.774801E-12
 7.512563E+02  2.717431E-12
 7.562312E+02  2.648827E-12
 7.612060E+02  2.585786E-12
 7.661809E+02  2.521057E-12
 7.711558E+02  2.460499E-12
 7.761307E+02  2.408377E-12
 7.811055E+02  2.358810E-12
 7.860804E+02  2.299392E-12
 7.910553E+02  2.246189E-12
 7.960302E+02  2.196695E-12
 8.010050E+02  2.141162E-12
 8.059799E+02  2.093803E-12
 8.109548E+02  2.042128E-12
 8.159296E+02  1.999966E-12
 8.209045E+02  1.952260E-12
 8.258794E+02  1.910655E-12
 8.308543E+02  1.868179E-12
 8.358291E+02  1.827402E-12
 8.408040E+02  1.787349E-12
 8.457789E+02  1.749935E-12
 8.507538E+02  1.707786E-12
 8.557286E+02  1.671065E-12
 8.607035E+02  1.637647E-12
 8.656784E+02  1.599480E-12
 8.706533E+02  1.562683E-12
 8.756281E+02  1.528287E-12
 8.806030E+02  1.494830E-12
 8.855779E+02  1.465573E-12
 8.905528E+02  1.430239E-12
 8.955276E+02  1.401439E-12
 9.005025E+02  1.373674E-12
 9.054774E+02  1.341210E-12
 9.104523E+02  1.310929E-12
 9.154271E+02  1.285917E-12
 9.204020E+02  1.257835E-12
 9.253769E+02  1.231791E-12
 9.303518E+02  1.207108E-12
 9.353266E+02  1.178193E-12
 9.403015E+02  1.156073E-12
 9.452764E+02  1.130805E-12
 9.502513E+02  1.107525E-12
 9.552261E+02  1.083832E-12
 9.602010E+02  1.064285E-12
 9.651759E+02  1.041729E-12
 9.701508E+02  1.017850E-12
 9.751256E+02  9.980308E-13
 9.801005E+02  9.766756E-13
 9.850754E+02  9.578960E-13
 9.900503E+02  9.381588E-13
 9.950251E+02  9.191736E-13
 1.000000E+03  8.993338E-13
