 1.000000E+01  8.801055E-04
 1.497487E+01  3.503756E-04
 1.994975E+01  1.602653E-04
 2.492462E+01  1.377743E-04
 2.989950E+01  1.180217E-04
 3.487437E+01  9.797632E-05
 3.984925E+01  7.899177E-05
 4.482412E+01  6.131881E-05
 4.979899E+01  4.528110E-05
 5.477387E+01  3.159364E-05
 5.974874E+01  2.038544E-05
 6.472362E+01  1.181042E-05
 6.969849E+01  5.829546E-06
 7.467337E+01  2.197924E-06
 7.964824E+01  4.977725E-07
 8.462312E+01  5.735249E-08
 8.959799E+01  4.058698E-08
 9.457286E+01  3.578969E-08
 9.954774E+01  3.175728E-08
 1.045226E+02  2.862069E-08
 1.094975E+02  2.582399E-08
 1.144724E+02  2.344194E-08
 1.194472E+02  2.145918E-08
 1.244221E+02  1.963699E-08
 1.293970E+02  1.809255E-08
 1.343719E+02  1.668488E-08
 1.393467E+02  1.538793E-08
 1.443216E+02  1.424857E-08
 1.492965E+02  1.322968E-08
 1.542714E+02  1.230788E-08
 1.592462E+02  1.147613E-08
 1.642211E+02  1.070215E-08
 1.691960E+02  1.001320E-08
 1.741709E+02  9.377207E-09
 1.791457E+02  8.786792E-09
 1.841206E+02  8.259379E-09
 1.890955E+02  7.752275E-09
 1.940704E+02  7.312615E-09
 1.990452E+02  6.877083E-09
 2.040201E+02  6.470998E-09
 2.089950E+02  6.119960E-09
 2.139698E+02  5.781427E-09
 2.189447E+02  5.463692E-09
 2.239196E+02  5.173926E-09
 2.288945E+02  4.901366E-09
 2.338693E+02  4.654780E-09
 2.388442E+02  4.398764E-09
 2.438191E+02  4.189522E-09
 2.487940E+02  3.978633E-09
 2.537688E+02  3.783429E-09
 2.587437E+02  3.604966E-09
 2.637186E+02  3.420287E-09
 2.686935E+02  3.262184E-09
 2.736683E+02  3.114638E-09
 2.786432E+02  2.966708E-09
 2.836181E+02  2.830359E-09
 2.885930E+02  2.703335E-09
 2.935678E+02  2.582312E-09
 2.985427E+02  2.469613E-09
 3.035176E+02  2.356255E-09
 3.084925E+02  2.261391E-09
 3.134673E+02  2.164308E-09
 3.184422E+02  2.068776E-09
 3.234171E+02  1.981802E-09
 3.283920E+02  1.897237E-09
 3.333668E+02  1.822517E-09
 3.383417E+02  1.747435E-09
 3.433166E+02  1.677339E-09
 3.482915E+02  1.605956E-09
 3.532663E+02  1.544558E-09
 3.582412E+02  1.481598E-09
 3.632161E+02  1.423281E-09
 3.681910E+02  1.370112E-09
 3.731658E+02  1.315706E-09
 3.781407E+02  1.266126E-09
 3.831156E+02  1.217124E-09
 3.880905E+02  1.171837E-09
 3.930653E+02  1.127142E-09
 3.980402E+02  1.082241E-09
 4.030151E+02  1.047734E-09
 4.079899E+02  1.008173E-09
 4.129648E+02  9.712158E-10
 4.179397E+02  9.361777E-10
 4.229146E+02  9.016211E-10
 4.278894E+02  8.714471E-10
 4.328643E+02  8.414593E-10
 4.378392E+02  8.088486E-10
 4.428141E+02  7.817387E-10
 4.477889E+02  7.547474E-10
 4.527638E+02  7.276775E-10
 4.577387E+02  7.030088E-10
 4.627136E+02  6.797812E-10
 4.676884E+02  6.563538E-10
 4.726633E+02  6.361734E-10
 4.776382E+02  6.136690E-10
 4.826131E+02  5.935787E-10
 4.875879E+02  5.727600E-10
 4.925628E+02  5.547615E-10
 4.975377E+02  5.370240E-10
 5.025126E+02  5.192956E-10
 5.074874E+02  5.028362E-10
 5.124623E+02  4.862390E-10
 5.174372E+02  4.711855E-10
 5.224121E+02  4.566034E-10
 5.273869E+02  4.417232E-10
 5.323618E+02  4.286181E-10
 5.373367E+02  4.154939E-10
 5.423116E+02  4.014836E-10
 5.472864E+02  3.885053E-10
 5.522613E+02  3.778538E-10
 5.572362E+02  3.658912E-10
 5.622111E+02  3.549200E-10
 5.671859E+02  3.444594E-10
 5.721608E+02  3.340943E-10
 5.771357E+02  3.240934E-10
 5.821106E+02  3.145591E-10
 5.870854E+02  3.053675E-10
 5.920603E+02  2.962901E-10
 5.970352E+02  2.875723E-10
 6.020101E+02  2.788127E-10
 6.069849E+02  2.705663E-10
 6.119598E+02  2.629503E-10
 6.169347E+02  2.555322E-10
 6.219095E+02  2.481702E-10
 6.268844E+02  2.410718E-10
 6.318593E+02  2.345248E-10
 6.368342E+02  2.274589E-10
 6.418090E+02  2.212633E-10
 6.467839E+02  2.148519E-10
 6.517588E+02  2.092885E-10
 6.567337E+02  2.033400E-10
 6.617085E+02  1.976740E-10
 6.666834E+02  1.920016E-10
 6.716583E+02  1.869650E-10
 6.766332E+02  1.817093E-10
 6.816080E+02  1.767169E-10
 6.865829E+02  1.719791E-10
 6.915578E+02  1.670479E-10
 6.965327E+02  1.629947E-10
 7.015075E+02  1.588598E-10
 7.064824E+02  1.540083E-10
 7.114573E+02  1.502155E-10
 7.164322E+02  1.464239E-10
 7.214070E+02  1.424445E-10
 7.263819E+02  1.386065E-10
 7.313568E+02  1.348626E-10
 7.363317E+02  1.313757E-10
 7.413065E+02  1.281775E-10
 7.462814E+02  1.245549E-10
 7.512563E+02  1.215232E-10
 7.562312E+02  1.186220E-10
 7.612060E+02  1.154189E-10
 7.661809E+02  1.123718E-10
 7.711558E+02  1.094809E-10
 7.761307E+02  1.066844E-10
 7.811055E+02  1.040418E-10
 7.860804E+02  1.012961E-10
 7.910553E+02  9.884757E-11
 7.960302E+02  9.644591E-11
 8.010050E+02  9.401770E-11
 8.059799E+02  9.161340E-11
 8.109548E+02  8.926019E-11
 8.159296E+02  8.708042E-11
 8.209045E+02  8.493308E-11
 8.258794E+02  8.287487E-11
 8.308543E+02  8.085043E-11
 8.358291E+02  7.874945E-11
 8.408040E+02  7.693165E-11
 8.457789E+02  7.508675E-11
 8.507538E+02  7.319486E-11
 8.557286E+02  7.157324E-11
 8.607035E+02  6.981640E-11
 8.656784E+02  6.823472E-11
 8.706533E+02  6.650787E-11
 8.756281E+02  6.493302E-11
 8.806030E+02  6.343863E-11
 8.855779E+02  6.195828E-11
 8.905528E+02  6.031690E-11
 8.955276E+02  5.893726E-11
 9.005025E+02  5.752785E-11
 9.054774E+02  5.615746E-11
 9.104523E+02  5.485891E-11
 9.154271E+02  5.371364E-11
 9.204020E+02  5.245303E-11
 9.253769E+02  5.118779E-11
 9.303518E+02  5.000071E-11
 9.353266E+02  4.890565E-11
 9.403015E+02  4.774307E-11
 9.452764E+02  4.661509E-11
 9.502513E+02  4.566357E-11
 9.552261E+02  4.456418E-11
 9.602010E+02  4.349741E-11
 9.651759E+02  4.242270E-11
 9.701508E+02  4.152071E-11
 9.751256E+02  4.064864E-11
 9.801005E+02  3.971124E-11
 9.850754E+02  3.884362E-11
 9.900503E+02  3.787457E-11
 9.950251E+02  3.710786E-11
 1.000000E+03  3.626232E-11
