 1.000000E+01  9.643399E-06
 1.497487E+01  4.143670E-06
 1.994975E+01  1.750057E-06
 2.492462E+01  1.442882E-06
 2.989950E+01  1.258667E-06
 3.487437E+01  1.067345E-06
 3.984925E+01  8.809369E-07
 4.482412E+01  7.027120E-07
 4.979899E+01  5.387625E-07
 5.477387E+01  3.946931E-07
 5.974874E+01  2.722902E-07
 6.472362E+01  1.721570E-07
 6.969849E+01  9.763391E-08
 7.467337E+01  4.678228E-08
 7.964824E+01  1.672312E-08
 8.462312E+01  3.396493E-09
 8.959799E+01  4.899214E-10
 9.457286E+01  4.077298E-10
 9.954774E+01  3.617814E-10
 1.045226E+02  3.245225E-10
 1.094975E+02  2.931193E-10
 1.144724E+02  2.658444E-10
 1.194472E+02  2.425765E-10
 1.244221E+02  2.221774E-10
 1.293970E+02  2.040886E-10
 1.343719E+02  1.883246E-10
 1.393467E+02  1.736985E-10
 1.443216E+02  1.611889E-10
 1.492965E+02  1.500017E-10
 1.542714E+02  1.399493E-10
 1.592462E+02  1.303332E-10
 1.642211E+02  1.216741E-10
 1.691960E+02  1.137314E-10
 1.741709E+02  1.065664E-10
 1.791457E+02  1.002687E-10
 1.841206E+02  9.409510E-11
 1.890955E+02  8.842684E-11
 1.940704E+02  8.335275E-11
 1.990452E+02  7.868640E-11
 2.040201E+02  7.427396E-11
 2.089950E+02  7.004400E-11
 2.139698E+02  6.619347E-11
 2.189447E+02  6.274090E-11
 2.239196E+02  5.956665E-11
 2.288945E+02  5.639494E-11
 2.338693E+02  5.346227E-11
 2.388442E+02  5.084728E-11
 2.438191E+02  4.824426E-11
 2.487940E+02  4.593055E-11
 2.537688E+02  4.369757E-11
 2.587437E+02  4.158286E-11
 2.637186E+02  3.965386E-11
 2.686935E+02  3.770980E-11
 2.736683E+02  3.611068E-11
 2.786432E+02  3.440023E-11
 2.836181E+02  3.280945E-11
 2.885930E+02  3.140291E-11
 2.935678E+02  2.998294E-11
 2.985427E+02  2.873152E-11
 3.035176E+02  2.750758E-11
 3.084925E+02  2.635318E-11
 3.134673E+02  2.522779E-11
 3.184422E+02  2.414242E-11
 3.234171E+02  2.312905E-11
 3.283920E+02  2.218037E-11
 3.333668E+02  2.128311E-11
 3.383417E+02  2.040235E-11
 3.433166E+02  1.959271E-11
 3.482915E+02  1.884649E-11
 3.532663E+02  1.810649E-11
 3.582412E+02  1.737904E-11
 3.632161E+02  1.675621E-11
 3.681910E+02  1.611681E-11
 3.731658E+02  1.552371E-11
 3.781407E+02  1.489874E-11
 3.831156E+02  1.434927E-11
 3.880905E+02  1.382422E-11
 3.930653E+02  1.329921E-11
 3.980402E+02  1.282954E-11
 4.030151E+02  1.236725E-11
 4.079899E+02  1.192192E-11
 4.129648E+02  1.148785E-11
 4.179397E+02  1.108275E-11
 4.229146E+02  1.067667E-11
 4.278894E+02  1.032391E-11
 4.328643E+02  9.960633E-12
 4.378392E+02  9.624521E-12
 4.428141E+02  9.309020E-12
 4.477889E+02  8.992160E-12
 4.527638E+02  8.682523E-12
 4.577387E+02  8.395571E-12
 4.627136E+02  8.118786E-12
 4.676884E+02  7.833277E-12
 4.726633E+02  7.571606E-12
 4.776382E+02  7.332171E-12
 4.826131E+02  7.105392E-12
 4.875879E+02  6.861084E-12
 4.925628E+02  6.653635E-12
 4.975377E+02  6.440829E-12
 5.025126E+02  6.230686E-12
 5.074874E+02  6.045491E-12
 5.124623E+02  5.847703E-12
 5.174372E+02  5.671753E-12
 5.224121E+02  5.482884E-12
 5.273869E+02  5.316022E-12
 5.323618E+02  5.151813E-12
 5.373367E+02  4.997344E-12
 5.423116E+02  4.843143E-12
 5.472864E+02  4.705232E-12
 5.522613E+02  4.559469E-12
 5.572362E+02  4.415071E-12
 5.622111E+02  4.293023E-12
 5.671859E+02  4.171739E-12
 5.721608E+02  4.047328E-12
 5.771357E+02  3.919829E-12
 5.821106E+02  3.813088E-12
 5.870854E+02  3.697600E-12
 5.920603E+02  3.602924E-12
 5.970352E+02  3.484521E-12
 6.020101E+02  3.387699E-12
 6.069849E+02  3.287006E-12
 6.119598E+02  3.197920E-12
 6.169347E+02  3.117280E-12
 6.219095E+02  3.031184E-12
 6.268844E+02  2.937037E-12
 6.318593E+02  2.857536E-12
 6.368342E+02  2.785469E-12
 6.418090E+02  2.702224E-12
 6.467839E+02  2.627135E-12
 6.517588E+02  2.554890E-12
 6.567337E+02  2.490788E-12
 6.617085E+02  2.415622E-12
 6.666834E+02  2.356622E-12
 6.716583E+02  2.288740E-12
 6.766332E+02  2.226335E-12
 6.816080E+02  2.167941E-12
 6.865829E+02  2.111142E-12
 6.915578E+02  2.056959E-12
 6.965327E+02  1.999728E-12
 7.015075E+02  1.948426E-12
 7.064824E+02  1.898679E-12
 7.114573E+02  1.848929E-12
 7.164322E+02  1.799148E-12
 7.214070E+02  1.757450E-12
 7.263819E+02  1.709028E-12
 7.313568E+02  1.664778E-12
 7.363317E+02  1.621721E-12
 7.413065E+02  1.585675E-12
 7.462814E+02  1.542880E-12
 7.512563E+02  1.503107E-12
 7.562312E+02  1.462211E-12
 7.612060E+02  1.429112E-12
 7.661809E+02  1.391337E-12
 7.711558E+02  1.359023E-12
 7.761307E+02  1.322351E-12
 7.811055E+02  1.294346E-12
 7.860804E+02  1.258023E-12
 7.910553E+02  1.228350E-12
 7.960302E+02  1.195614E-12
 8.010050E+02  1.167905E-12
 8.059799E+02  1.142095E-12
 8.109548E+02  1.114321E-12
 8.159296E+02  1.086600E-12
 8.209045E+02  1.059483E-12
 8.258794E+02  1.036573E-12
 8.308543E+02  1.010929E-12
 8.358291E+02  9.860546E-13
 8.408040E+02  9.613678E-13
 8.457789E+02  9.409153E-13
 8.507538E+02  9.161255E-13
 8.557286E+02  8.955477E-13
 8.607035E+02  8.775555E-13
 8.656784E+02  8.531829E-13
 8.706533E+02  8.327171E-13
 8.756281E+02  8.137487E-13
 8.806030E+02  7.962635E-13
 8.855779E+02  7.780611E-13
 8.905528E+02  7.599384E-13
 8.955276E+02  7.421597E-13
 9.005025E+02  7.254091E-13
 9.054774E+02  7.079524E-13
 9.104523E+02  6.915258E-13
 9.154271E+02  6.771752E-13
 9.204020E+02  6.611593E-13
 9.253769E+02  6.457999E-13
 9.303518E+02  6.321593E-13
 9.353266E+02  6.164387E-13
 9.403015E+02  6.033537E-13
 9.452764E+02  5.885255E-13
 9.502513E+02  5.771190E-13
 9.552261E+02  5.635433E-13
 9.602010E+02  5.506619E-13
 9.651759E+02  5.388631E-13
 9.701508E+02  5.271967E-13
 9.751256E+02  5.155248E-13
 9.801005E+02  5.045240E-13
 9.850754E+02  4.932773E-13
 9.900503E+02  4.827535E-13
 9.950251E+02  4.718937E-13
 1.000000E+03  4.611664E-13
