 1.000000E+01  9.612258E-06
 1.497487E+01  4.124247E-06
 1.994975E+01  1.755958E-06
 2.492462E+01  1.445786E-06
 2.989950E+01  1.256625E-06
 3.487437E+01  1.066343E-06
 3.984925E+01  8.818664E-07
 4.482412E+01  7.024454E-07
 4.979899E+01  5.391535E-07
 5.477387E+01  3.948283E-07
 5.974874E+01  2.716637E-07
 6.472362E+01  1.730091E-07
 6.969849E+01  9.780626E-08
 7.467337E+01  4.668765E-08
 7.964824E+01  1.667696E-08
 8.462312E+01  3.396420E-09
 8.959799E+01  4.919356E-10
 9.457286E+01  4.085031E-10
 9.954774E+01  3.623051E-10
 1.045226E+02  3.240724E-10
 1.094975E+02  2.923443E-10
 1.144724E+02  2.654463E-10
 1.194472E+02  2.426805E-10
 1.244221E+02  2.220043E-10
 1.293970E+02  2.044495E-10
 1.343719E+02  1.882569E-10
 1.393467E+02  1.744512E-10
 1.443216E+02  1.617794E-10
 1.492965E+02  1.497717E-10
 1.542714E+02  1.394713E-10
 1.592462E+02  1.301455E-10
 1.642211E+02  1.217130E-10
 1.691960E+02  1.137763E-10
 1.741709E+02  1.065154E-10
 1.791457E+02  1.000892E-10
 1.841206E+02  9.414576E-11
 1.890955E+02  8.846317E-11
 1.940704E+02  8.336092E-11
 1.990452E+02  7.870090E-11
 2.040201E+02  7.425343E-11
 2.089950E+02  7.018901E-11
 2.139698E+02  6.617675E-11
 2.189447E+02  6.278625E-11
 2.239196E+02  5.949793E-11
 2.288945E+02  5.628121E-11
 2.338693E+02  5.365987E-11
 2.388442E+02  5.081595E-11
 2.438191E+02  4.830552E-11
 2.487940E+02  4.594942E-11
 2.537688E+02  4.376109E-11
 2.587437E+02  4.154635E-11
 2.637186E+02  3.965422E-11
 2.686935E+02  3.775222E-11
 2.736683E+02  3.600751E-11
 2.786432E+02  3.439433E-11
 2.836181E+02  3.286715E-11
 2.885930E+02  3.137189E-11
 2.935678E+02  2.997010E-11
 2.985427E+02  2.866231E-11
 3.035176E+02  2.745704E-11
 3.084925E+02  2.624799E-11
 3.134673E+02  2.516081E-11
 3.184422E+02  2.411522E-11
 3.234171E+02  2.312038E-11
 3.283920E+02  2.220287E-11
 3.333668E+02  2.128151E-11
 3.383417E+02  2.042672E-11
 3.433166E+02  1.957862E-11
 3.482915E+02  1.888658E-11
 3.532663E+02  1.805994E-11
 3.582412E+02  1.738175E-11
 3.632161E+02  1.677187E-11
 3.681910E+02  1.609051E-11
 3.731658E+02  1.546931E-11
 3.781407E+02  1.489142E-11
 3.831156E+02  1.435072E-11
 3.880905E+02  1.383154E-11
 3.930653E+02  1.332728E-11
 3.980402E+02  1.282711E-11
 4.030151E+02  1.236510E-11
 4.079899E+02  1.191437E-11
 4.129648E+02  1.149105E-11
 4.179397E+02  1.103783E-11
 4.229146E+02  1.072108E-11
 4.278894E+02  1.034527E-11
 4.328643E+02  9.954168E-12
 4.378392E+02  9.639974E-12
 4.428141E+02  9.296639E-12
 4.477889E+02  8.982561E-12
 4.527638E+02  8.664476E-12
 4.577387E+02  8.385331E-12
 4.627136E+02  8.099403E-12
 4.676884E+02  7.856783E-12
 4.726633E+02  7.594064E-12
 4.776382E+02  7.333239E-12
 4.826131E+02  7.097554E-12
 4.875879E+02  6.867538E-12
 4.925628E+02  6.650758E-12
 4.975377E+02  6.423536E-12
 5.025126E+02  6.245154E-12
 5.074874E+02  6.044364E-12
 5.124623E+02  5.853361E-12
 5.174372E+02  5.667213E-12
 5.224121E+02  5.484550E-12
 5.273869E+02  5.325462E-12
 5.323618E+02  5.148379E-12
 5.373367E+02  4.996721E-12
 5.423116E+02  4.854091E-12
 5.472864E+02  4.695638E-12
 5.522613E+02  4.567300E-12
 5.572362E+02  4.423634E-12
 5.622111E+02  4.292820E-12
 5.671859E+02  4.163903E-12
 5.721608E+02  4.045453E-12
 5.771357E+02  3.924244E-12
 5.821106E+02  3.812183E-12
 5.870854E+02  3.701266E-12
 5.920603E+02  3.589905E-12
 5.970352E+02  3.491311E-12
 6.020101E+02  3.397573E-12
 6.069849E+02  3.300626E-12
 6.119598E+02  3.206815E-12
 6.169347E+02  3.108438E-12
 6.219095E+02  3.023034E-12
 6.268844E+02  2.935521E-12
 6.318593E+02  2.860186E-12
 6.368342E+02  2.783072E-12
 6.418090E+02  2.701843E-12
 6.467839E+02  2.634859E-12
 6.517588E+02  2.555711E-12
 6.567337E+02  2.484283E-12
 6.617085E+02  2.424750E-12
 6.666834E+02  2.351671E-12
 6.716583E+02  2.293749E-12
 6.766332E+02  2.229056E-12
 6.816080E+02  2.170725E-12
 6.865829E+02  2.111771E-12
 6.915578E+02  2.055151E-12
 6.965327E+02  2.002658E-12
 7.015075E+02  1.951575E-12
 7.064824E+02  1.896775E-12
 7.114573E+02  1.850518E-12
 7.164322E+02  1.799560E-12
 7.214070E+02  1.753728E-12
 7.263819E+02  1.711541E-12
 7.313568E+02  1.668818E-12
 7.363317E+02  1.624328E-12
 7.413065E+02  1.578366E-12
 7.462814E+02  1.541091E-12
 7.512563E+02  1.500960E-12
 7.562312E+02  1.464833E-12
 7.612060E+02  1.426770E-12
 7.661809E+02  1.388605E-12
 7.711558E+02  1.354162E-12
 7.761307E+02  1.320644E-12
 7.811055E+02  1.291944E-12
 7.860804E+02  1.257675E-12
 7.910553E+02  1.226365E-12
 7.960302E+02  1.198368E-12
 8.010050E+02  1.170048E-12
 8.059799E+02  1.145438E-12
 8.109548E+02  1.112611E-12
 8.159296E+02  1.086123E-12
 8.209045E+02  1.060507E-12
 8.258794E+02  1.034475E-12
 8.308543E+02  1.010611E-12
 8.358291E+02  9.850503E-13
 8.408040E+02  9.640948E-13
 8.457789E+02  9.401972E-13
 8.507538E+02  9.165484E-13
 8.557286E+02  8.957674E-13
 8.607035E+02  8.734483E-13
 8.656784E+02  8.542082E-13
 8.706533E+02  8.335088E-13
 8.756281E+02  8.165192E-13
 8.806030E+02  7.965790E-13
 8.855779E+02  7.776710E-13
 8.905528E+02  7.579929E-13
 8.955276E+02  7.414930E-13
 9.005025E+02  7.248830E-13
 9.054774E+02  7.092892E-13
 9.104523E+02  6.927348E-13
 9.154271E+02  6.767291E-13
 9.204020E+02  6.590772E-13
 9.253769E+02  6.470441E-13
 9.303518E+02  6.314631E-13
 9.353266E+02  6.178235E-13
 9.403015E+02  6.029601E-13
 9.452764E+02  5.905450E-13
 9.502513E+02  5.764896E-13
 9.552261E+02  5.642101E-13
 9.602010E+02  5.524453E-13
 9.651759E+02  5.398781E-13
 9.701508E+02  5.262106E-13
 9.751256E+02  5.164905E-13
 9.801005E+02  5.040811E-13
 9.850754E+02  4.940163E-13
 9.900503E+02  4.823046E-13
 9.950251E+02  4.725106E-13
 1.000000E+03  4.613926E-13
