 1.000000E+01  8.832104E-04
 1.497487E+01  3.498451E-04
 1.994975E+01  1.601646E-04
 2.492462E+01  1.382955E-04
 2.989950E+01  1.179360E-04
 3.487437E+01  9.812940E-05
 3.984925E+01  7.915248E-05
 4.482412E+01  6.124445E-05
 4.979899E+01  4.518114E-05
 5.477387E+01  3.158115E-05
 5.974874E+01  2.032763E-05
 6.472362E+01  1.180254E-05
 6.969849E+01  5.822182E-06
 7.467337E+01  2.199644E-06
 7.964824E+01  4.972060E-07
 8.462312E+01  5.728887E-08
 8.959799E+01  4.073294E-08
 9.457286E+01  3.577261E-08
 9.954774E+01  3.180236E-08
 1.045226E+02  2.859653E-08
 1.094975E+02  2.583730E-08
 1.144724E+02  2.346550E-08
 1.194472E+02  2.144109E-08
 1.244221E+02  1.966281E-08
 1.293970E+02  1.804755E-08
 1.343719E+02  1.664350E-08
 1.393467E+02  1.539645E-08
 1.443216E+02  1.425614E-08
 1.492965E+02  1.323847E-08
 1.542714E+02  1.230550E-08
 1.592462E+02  1.143835E-08
 1.642211E+02  1.071378E-08
 1.691960E+02  1.000852E-08
 1.741709E+02  9.364519E-09
 1.791457E+02  8.792633E-09
 1.841206E+02  8.242478E-09
 1.890955E+02  7.759275E-09
 1.940704E+02  7.295212E-09
 1.990452E+02  6.862258E-09
 2.040201E+02  6.484258E-09
 2.089950E+02  6.120763E-09
 2.139698E+02  5.774324E-09
 2.189447E+02  5.465749E-09
 2.239196E+02  5.170674E-09
 2.288945E+02  4.901110E-09
 2.338693E+02  4.654154E-09
 2.388442E+02  4.411990E-09
 2.438191E+02  4.190336E-09
 2.487940E+02  3.979269E-09
 2.537688E+02  3.783624E-09
 2.587437E+02  3.604540E-09
 2.637186E+02  3.420978E-09
 2.686935E+02  3.275014E-09
 2.736683E+02  3.114346E-09
 2.786432E+02  2.970904E-09
 2.836181E+02  2.830799E-09
 2.885930E+02  2.703225E-09
 2.935678E+02  2.581042E-09
 2.985427E+02  2.462058E-09
 3.035176E+02  2.363304E-09
 3.084925E+02  2.255259E-09
 3.134673E+02  2.156213E-09
 3.184422E+02  2.069923E-09
 3.234171E+02  1.978455E-09
 3.283920E+02  1.895801E-09
 3.333668E+02  1.820228E-09
 3.383417E+02  1.743020E-09
 3.433166E+02  1.673156E-09
 3.482915E+02  1.607149E-09
 3.532663E+02  1.543700E-09
 3.582412E+02  1.484236E-09
 3.632161E+02  1.422295E-09
 3.681910E+02  1.372119E-09
 3.731658E+02  1.314918E-09
 3.781407E+02  1.265021E-09
 3.831156E+02  1.215355E-09
 3.880905E+02  1.170751E-09
 3.930653E+02  1.127985E-09
 3.980402E+02  1.085723E-09
 4.030151E+02  1.048130E-09
 4.079899E+02  1.007452E-09
 4.129648E+02  9.710786E-10
 4.179397E+02  9.347428E-10
 4.229146E+02  9.029299E-10
 4.278894E+02  8.708330E-10
 4.328643E+02  8.390136E-10
 4.378392E+02  8.106719E-10
 4.428141E+02  7.816508E-10
 4.477889E+02  7.542738E-10
 4.527638E+02  7.283822E-10
 4.577387E+02  7.045462E-10
 4.627136E+02  6.809284E-10
 4.676884E+02  6.575600E-10
 4.726633E+02  6.347548E-10
 4.776382E+02  6.119666E-10
 4.826131E+02  5.937741E-10
 4.875879E+02  5.749038E-10
 4.925628E+02  5.537018E-10
 4.975377E+02  5.380202E-10
 5.025126E+02  5.207159E-10
 5.074874E+02  5.038147E-10
 5.124623E+02  4.862188E-10
 5.174372E+02  4.714927E-10
 5.224121E+02  4.574993E-10
 5.273869E+02  4.422143E-10
 5.323618E+02  4.285408E-10
 5.373367E+02  4.143531E-10
 5.423116E+02  4.021726E-10
 5.472864E+02  3.899347E-10
 5.522613E+02  3.772778E-10
 5.572362E+02  3.654733E-10
 5.622111E+02  3.551895E-10
 5.671859E+02  3.444806E-10
 5.721608E+02  3.338937E-10
 5.771357E+02  3.245024E-10
 5.821106E+02  3.148376E-10
 5.870854E+02  3.046460E-10
 5.920603E+02  2.958793E-10
 5.970352E+02  2.877543E-10
 6.020101E+02  2.789818E-10
 6.069849E+02  2.710227E-10
 6.119598E+02  2.626586E-10
 6.169347E+02  2.548515E-10
 6.219095E+02  2.479401E-10
 6.268844E+02  2.410172E-10
 6.318593E+02  2.342261E-10
 6.368342E+02  2.276479E-10
 6.418090E+02  2.210933E-10
 6.467839E+02  2.149638E-10
 6.517588E+02  2.088085E-10
 6.567337E+02  2.034439E-10
 6.617085E+02  1.974619E-10
 6.666834E+02  1.920876E-10
 6.716583E+02  1.870913E-10
 6.766332E+02  1.814285E-10
 6.816080E+02  1.770969E-10
 6.865829E+02  1.717589E-10
 6.915578E+02  1.675842E-10
 6.965327E+02  1.628582E-10
 7.015075E+02  1.584160E-10
 7.064824E+02  1.541520E-10
 7.114573E+02  1.501694E-10
 7.164322E+02  1.461312E-10
 7.214070E+02  1.423708E-10
 7.263819E+02  1.385524E-10
 7.313568E+02  1.350225E-10
 7.363317E+02  1.316695E-10
 7.413065E+02  1.278438E-10
 7.462814E+02  1.245143E-10
 7.512563E+02  1.213782E-10
 7.562312E+02  1.183891E-10
 7.612060E+02  1.154383E-10
 7.661809E+02  1.121944E-10
 7.711558E+02  1.093046E-10
 7.761307E+02  1.067237E-10
 7.811055E+02  1.040371E-10
 7.860804E+02  1.014186E-10
 7.910553E+02  9.886025E-11
 7.960302E+02  9.613788E-11
 8.010050E+02  9.398575E-11
 8.059799E+02  9.157685E-11
 8.109548E+02  8.927816E-11
 8.159296E+02  8.704874E-11
 8.209045E+02  8.496616E-11
 8.258794E+02  8.293097E-11
 8.308543E+02  8.084328E-11
 8.358291E+02  7.882600E-11
 8.408040E+02  7.703575E-11
 8.457789E+02  7.511549E-11
 8.507538E+02  7.316742E-11
 8.557286E+02  7.149858E-11
 8.607035E+02  6.977032E-11
 8.656784E+02  6.814905E-11
 8.706533E+02  6.645548E-11
 8.756281E+02  6.486261E-11
 8.806030E+02  6.328816E-11
 8.855779E+02  6.191195E-11
 8.905528E+02  6.058243E-11
 8.955276E+02  5.902534E-11
 9.005025E+02  5.750452E-11
 9.054774E+02  5.628293E-11
 9.104523E+02  5.488262E-11
 9.154271E+02  5.364506E-11
 9.204020E+02  5.244501E-11
 9.253769E+02  5.112919E-11
 9.303518E+02  5.005974E-11
 9.353266E+02  4.883336E-11
 9.403015E+02  4.757141E-11
 9.452764E+02  4.665660E-11
 9.502513E+02  4.563262E-11
 9.552261E+02  4.455397E-11
 9.602010E+02  4.357460E-11
 9.651759E+02  4.247085E-11
 9.701508E+02  4.159708E-11
 9.751256E+02  4.063262E-11
 9.801005E+02  3.970338E-11
 9.850754E+02  3.883097E-11
 9.900503E+02  3.803120E-11
 9.950251E+02  3.713234E-11
 1.000000E+03  3.629976E-11
