 1.000000E+01  1.007397E-04
 1.081633E+01  1.077236E-04
 1.163265E+01  1.135554E-04
 1.244898E+01  1.171200E-04
 1.326531E+01  1.188737E-04
 1.408163E+01  1.186048E-04
 1.489796E+01  1.159305E-04
 1.571429E+01  1.111537E-04
 1.653061E+01  1.041438E-04
 1.734694E+01  9.541419E-05
 1.816327E+01  8.500180E-05
 1.897959E+01  7.328312E-05
 1.979592E+01  6.046555E-05
 2.061224E+01  4.721073E-05
 2.142857E+01  3.440482E-05
 2.224490E+01  2.236813E-05
 2.306122E+01  1.205384E-05
 2.387755E+01  4.387564E-06
 2.469388E+01  3.543933E-07
 2.551020E+01  6.552327E-10
 2.632653E+01  5.293479E-10
 2.714286E+01  4.112458E-10
 2.795918E+01  3.044118E-10
 2.877551E+01  2.125115E-10
 2.959184E+01  1.379186E-10
 3.040816E+01  8.708199E-11
 3.122449E+01  6.554529E-11
 3.204082E+01  6.206876E-11
 3.285714E+01  5.910425E-11
 3.367347E+01  5.626651E-11
 3.448980E+01  5.383373E-11
 3.530612E+01  5.153837E-11
 3.612245E+01  4.956513E-11
 3.693878E+01  4.757564E-11
 3.775510E+01  4.589675E-11
 3.857143E+01  4.420813E-11
 3.938776E+01  4.265699E-11
 4.020408E+01  4.120856E-11
 4.102041E+01  3.986242E-11
 4.183673E+01  3.853889E-11
 4.265306E+01  3.728277E-11
 4.346939E+01  3.615204E-11
 4.428571E+01  3.505135E-11
 4.510204E+01  3.405315E-11
 4.591837E+01  3.298467E-11
 4.673469E+01  3.209531E-11
 4.755102E+01  3.114231E-11
 4.836735E+01  3.029716E-11
 4.918367E+01  2.940528E-11
 5.000000E+01  2.864893E-11
