 1.000000E+01  3.965595E-06
 1.081633E+01  3.692714E-06
 1.163265E+01  3.265540E-06
 1.244898E+01  2.706346E-06
 1.326531E+01  2.057786E-06
 1.408163E+01  1.377835E-06
 1.489796E+01  7.418744E-07
 1.571429E+01  2.456135E-07
 1.653061E+01  5.721420E-09
 1.734694E+01  2.012978E-11
 1.816327E+01  1.396462E-11
 1.897959E+01  8.586341E-12
 1.979592E+01  4.552774E-12
 2.061224E+01  2.400488E-12
 2.142857E+01  2.112587E-12
 2.224490E+01  1.962507E-12
 2.306122E+01  1.837078E-12
 2.387755E+01  1.723811E-12
 2.469388E+01  1.626443E-12
 2.551020E+01  1.535926E-12
 2.632653E+01  1.456029E-12
 2.714286E+01  1.383154E-12
 2.795918E+01  1.314961E-12
 2.877551E+01  1.253097E-12
 2.959184E+01  1.196656E-12
 3.040816E+01  1.144388E-12
 3.122449E+01  1.095707E-12
 3.204082E+01  1.049927E-12
 3.285714E+01  1.006661E-12
 3.367347E+01  9.647845E-13
 3.448980E+01  9.252121E-13
 3.530612E+01  8.907313E-13
 3.612245E+01  8.544333E-13
 3.693878E+01  8.224187E-13
 3.775510E+01  7.918719E-13
 3.857143E+01  7.624782E-13
 3.938776E+01  7.334953E-13
 4.020408E+01  7.087242E-13
 4.102041E+01  6.827969E-13
 4.183673E+01  6.582542E-13
 4.265306E+01  6.348569E-13
 4.346939E+01  6.114686E-13
 4.428571E+01  5.916599E-13
 4.510204E+01  5.715591E-13
 4.591837E+01  5.511626E-13
 4.673469E+01  5.330360E-13
 4.755102E+01  5.154913E-13
 4.836735E+01  4.982344E-13
 4.918367E+01  4.819505E-13
 5.000000E+01  4.663509E-13
