 1.000000E+01  1.835778E-04
 1.081633E+01  1.807169E-04
 1.163265E+01  1.707570E-04
 1.244898E+01  1.549835E-04
 1.326531E+01  1.338989E-04
 1.408163E+01  1.091225E-04
 1.489796E+01  8.149205E-05
 1.571429E+01  5.372609E-05
 1.653061E+01  2.853939E-05
 1.734694E+01  9.347147E-06
 1.816327E+01  2.203599E-07
 1.897959E+01  9.307092E-10
 1.979592E+01  6.737721E-10
 2.061224E+01  4.448454E-10
 2.142857E+01  2.596770E-10
 2.224490E+01  1.374332E-10
 2.306122E+01  9.960340E-11
 2.387755E+01  9.255024E-11
 2.469388E+01  8.691669E-11
 2.551020E+01  8.166418E-11
 2.632653E+01  7.719806E-11
 2.714286E+01  7.316549E-11
 2.795918E+01  6.950615E-11
 2.877551E+01  6.623449E-11
 2.959184E+01  6.315277E-11
 3.040816E+01  6.029896E-11
 3.122449E+01  5.785007E-11
 3.204082E+01  5.529995E-11
 3.285714E+01  5.308663E-11
 3.367347E+01  5.098699E-11
 3.448980E+01  4.894316E-11
 3.530612E+01  4.707178E-11
 3.612245E+01  4.525332E-11
 3.693878E+01  4.362486E-11
 3.775510E+01  4.204903E-11
 3.857143E+01  4.048595E-11
 3.938776E+01  3.902461E-11
 4.020408E+01  3.774245E-11
 4.102041E+01  3.643308E-11
 4.183673E+01  3.516085E-11
 4.265306E+01  3.399599E-11
 4.346939E+01  3.285280E-11
 4.428571E+01  3.173494E-11
 4.510204E+01  3.072745E-11
 4.591837E+01  2.971029E-11
 4.673469E+01  2.878154E-11
 4.755102E+01  2.787531E-11
 4.836735E+01  2.693207E-11
 4.918367E+01  2.612841E-11
 5.000000E+01  2.531897E-11
