 1.000000E+01  1.995558E-05
 1.081633E+01  2.100255E-05
 1.163265E+01  2.152442E-05
 1.244898E+01  2.156458E-05
 1.326531E+01  2.115484E-05
 1.408163E+01  2.029938E-05
 1.489796E+01  1.885924E-05
 1.571429E+01  1.705118E-05
 1.653061E+01  1.481788E-05
 1.734694E+01  1.235432E-05
 1.816327E+01  9.697774E-06
 1.897959E+01  7.024103E-06
 1.979592E+01  4.515057E-06
 2.061224E+01  2.344957E-06
 2.142857E+01  7.627811E-07
 2.224490E+01  2.164033E-08
 2.306122E+01  1.135377E-10
 2.387755E+01  8.838270E-11
 2.469388E+01  6.531068E-11
 2.551020E+01  4.495915E-11
 2.632653E+01  2.843130E-11
 2.714286E+01  1.693585E-11
 2.795918E+01  1.197420E-11
 2.877551E+01  1.124688E-11
 2.959184E+01  1.063362E-11
 3.040816E+01  1.009408E-11
 3.122449E+01  9.612485E-12
 3.204082E+01  9.158929E-12
 3.285714E+01  8.772835E-12
 3.367347E+01  8.406643E-12
 3.448980E+01  8.086812E-12
 3.530612E+01  7.763755E-12
 3.612245E+01  7.456860E-12
 3.693878E+01  7.186640E-12
 3.775510E+01  6.933006E-12
 3.857143E+01  6.683622E-12
 3.938776E+01  6.461259E-12
 4.020408E+01  6.243745E-12
 4.102041E+01  6.027153E-12
 4.183673E+01  5.840755E-12
 4.265306E+01  5.656304E-12
 4.346939E+01  5.475406E-12
 4.428571E+01  5.314495E-12
 4.510204E+01  5.150459E-12
 4.591837E+01  4.997804E-12
 4.673469E+01  4.843635E-12
 4.755102E+01  4.706649E-12
 4.836735E+01  4.567449E-12
 4.918367E+01  4.441387E-12
 5.000000E+01  4.313230E-12
