 1.000000E+01  4.846432E-05
 1.081633E+01  4.869954E-05
 1.163265E+01  4.738035E-05
 1.244898E+01  4.449961E-05
 1.326531E+01  4.024096E-05
 1.408163E+01  3.468895E-05
 1.489796E+01  2.828415E-05
 1.571429E+01  2.122948E-05
 1.653061E+01  1.424138E-05
 1.734694E+01  7.852705E-06
 1.816327E+01  2.857108E-06
 1.897959E+01  1.922356E-07
 1.979592E+01  2.617100E-10
 2.061224E+01  1.945455E-10
 2.142857E+01  1.347796E-10
 2.224490E+01  8.409976E-11
 2.306122E+01  4.676970E-11
 2.387755E+01  2.797404E-11
 2.469388E+01  2.541147E-11
 2.551020E+01  2.386803E-11
 2.632653E+01  2.246741E-11
 2.714286E+01  2.126607E-11
 2.795918E+01  2.015571E-11
 2.877551E+01  1.916387E-11
 2.959184E+01  1.824772E-11
 3.040816E+01  1.744566E-11
 3.122449E+01  1.668106E-11
 3.204082E+01  1.599189E-11
 3.285714E+01  1.533419E-11
 3.367347E+01  1.473086E-11
 3.448980E+01  1.414958E-11
 3.530612E+01  1.361049E-11
 3.612245E+01  1.310386E-11
 3.693878E+01  1.261935E-11
 3.775510E+01  1.216043E-11
 3.857143E+01  1.173772E-11
 3.938776E+01  1.132099E-11
 4.020408E+01  1.092561E-11
 4.102041E+01  1.056743E-11
 4.183673E+01  1.020394E-11
 4.265306E+01  9.868715E-12
 4.346939E+01  9.561589E-12
 4.428571E+01  9.233066E-12
 4.510204E+01  8.936824E-12
 4.591837E+01  8.657296E-12
 4.673469E+01  8.393905E-12
 4.755102E+01  8.123699E-12
 4.836735E+01  7.872146E-12
 4.918367E+01  7.631064E-12
 5.000000E+01  7.389965E-12
