 1.000000E+01  2.170997E-04
 1.081633E+01  2.350912E-04
 1.163265E+01  2.512210E-04
 1.244898E+01  2.634649E-04
 1.326531E+01  2.726367E-04
 1.408163E+01  2.768224E-04
 1.489796E+01  2.766884E-04
 1.571429E+01  2.726130E-04
 1.653061E+01  2.645119E-04
 1.734694E+01  2.517215E-04
 1.816327E+01  2.340978E-04
 1.897959E+01  2.129701E-04
 1.979592E+01  1.889732E-04
 2.061224E+01  1.626554E-04
 2.142857E+01  1.347314E-04
 2.224490E+01  1.059610E-04
 2.306122E+01  7.801567E-05
 2.387755E+01  5.172108E-05
 2.469388E+01  2.906677E-05
 2.551020E+01  1.177925E-05
 2.632653E+01  1.689767E-06
 2.714286E+01  1.611656E-09
 2.795918E+01  1.330147E-09
 2.877551E+01  1.063033E-09
 2.959184E+01  8.217683E-10
 3.040816E+01  6.028210E-10
 3.122449E+01  4.164304E-10
 3.204082E+01  2.724341E-10
 3.285714E+01  1.803990E-10
 3.367347E+01  1.506857E-10
 3.448980E+01  1.438207E-10
 3.530612E+01  1.367794E-10
 3.612245E+01  1.310503E-10
 3.693878E+01  1.257784E-10
 3.775510E+01  1.208990E-10
 3.857143E+01  1.163859E-10
 3.938776E+01  1.120477E-10
 4.020408E+01  1.082210E-10
 4.102041E+01  1.044452E-10
 4.183673E+01  1.012285E-10
 4.265306E+01  9.795287E-11
 4.346939E+01  9.478798E-11
 4.428571E+01  9.174759E-11
 4.510204E+01  8.912403E-11
 4.591837E+01  8.641324E-11
 4.673469E+01  8.402817E-11
 4.755102E+01  8.166545E-11
 4.836735E+01  7.933486E-11
 4.918367E+01  7.709682E-11
 5.000000E+01  7.506663E-11
