 1.000000E+01  4.844388E-05
 1.081633E+01  4.867130E-05
 1.163265E+01  4.724105E-05
 1.244898E+01  4.451214E-05
 1.326531E+01  4.020665E-05
 1.408163E+01  3.468904E-05
 1.489796E+01  2.823513E-05
 1.571429E+01  2.126283E-05
 1.653061E+01  1.422330E-05
 1.734694E+01  7.845527E-06
 1.816327E+01  2.858499E-06
 1.897959E+01  1.923619E-07
 1.979592E+01  2.611652E-10
 2.061224E+01  1.946578E-10
 2.142857E+01  1.346333E-10
 2.224490E+01  8.405379E-11
 2.306122E+01  4.680719E-11
 2.387755E+01  2.796658E-11
 2.469388E+01  2.547594E-11
 2.551020E+01  2.393504E-11
 2.632653E+01  2.252904E-11
 2.714286E+01  2.124755E-11
 2.795918E+01  2.018854E-11
 2.877551E+01  1.917087E-11
 2.959184E+01  1.828053E-11
 3.040816E+01  1.745977E-11
 3.122449E+01  1.670347E-11
 3.204082E+01  1.598417E-11
 3.285714E+01  1.533979E-11
 3.367347E+01  1.472520E-11
 3.448980E+01  1.414075E-11
 3.530612E+01  1.357114E-11
 3.612245E+01  1.310108E-11
 3.693878E+01  1.261396E-11
 3.775510E+01  1.216402E-11
 3.857143E+01  1.173917E-11
 3.938776E+01  1.132481E-11
 4.020408E+01  1.092323E-11
 4.102041E+01  1.055395E-11
 4.183673E+01  1.021124E-11
 4.265306E+01  9.884428E-12
 4.346939E+01  9.545341E-12
 4.428571E+01  9.223699E-12
 4.510204E+01  8.936527E-12
 4.591837E+01  8.661655E-12
 4.673469E+01  8.386596E-12
 4.755102E+01  8.134907E-12
 4.836735E+01  7.889037E-12
 4.918367E+01  7.635455E-12
 5.000000E+01  7.396147E-12
