 1.000000E+01  1.995963E-05
 1.081633E+01  2.098886E-05
 1.163265E+01  2.154510E-05
 1.244898E+01  2.160373E-05
 1.326531E+01  2.120172E-05
 1.408163E+01  2.025969E-05
 1.489796E+01  1.884263E-05
 1.571429E+01  1.701145E-05
 1.653061E+01  1.481947E-05
 1.734694E+01  1.233873E-05
 1.816327E+01  9.701779E-06
 1.897959E+01  7.040777E-06
 1.979592E+01  4.519640E-06
 2.061224E+01  2.348301E-06
 2.142857E+01  7.624445E-07
 2.224490E+01  2.161728E-08
 2.306122E+01  1.135194E-10
 2.387755E+01  8.852595E-11
 2.469388E+01  6.541586E-11
 2.551020E+01  4.503253E-11
 2.632653E+01  2.844044E-11
 2.714286E+01  1.695136E-11
 2.795918E+01  1.197470E-11
 2.877551E+01  1.124310E-11
 2.959184E+01  1.063775E-11
 3.040816E+01  1.007811E-11
 3.122449E+01  9.611508E-12
 3.204082E+01  9.181313E-12
 3.285714E+01  8.778531E-12
 3.367347E+01  8.407289E-12
 3.448980E+01  8.067706E-12
 3.530612E+01  7.755299E-12
 3.612245E+01  7.461998E-12
 3.693878E+01  7.187685E-12
 3.775510E+01  6.932113E-12
 3.857143E+01  6.685784E-12
 3.938776E+01  6.455256E-12
 4.020408E+01  6.242975E-12
 4.102041E+01  6.050829E-12
 4.183673E+01  5.847051E-12
 4.265306E+01  5.656312E-12
 4.346939E+01  5.483953E-12
 4.428571E+01  5.305607E-12
 4.510204E+01  5.150393E-12
 4.591837E+01  4.993027E-12
 4.673469E+01  4.840925E-12
 4.755102E+01  4.703280E-12
 4.836735E+01  4.568337E-12
 4.918367E+01  4.436294E-12
 5.000000E+01  4.316181E-12
