 1.000000E+01  2.167884E-04
 1.081633E+01  2.354085E-04
 1.163265E+01  2.512523E-04
 1.244898E+01  2.632234E-04
 1.326531E+01  2.721607E-04
 1.408163E+01  2.764567E-04
 1.489796E+01  2.769582E-04
 1.571429E+01  2.714241E-04
 1.653061E+01  2.635431E-04
 1.734694E+01  2.511752E-04
 1.816327E+01  2.338103E-04
 1.897959E+01  2.130936E-04
 1.979592E+01  1.891850E-04
 2.061224E+01  1.628297E-04
 2.142857E+01  1.348107E-04
 2.224490E+01  1.059922E-04
 2.306122E+01  7.780590E-05
 2.387755E+01  5.164407E-05
 2.469388E+01  2.908206E-05
 2.551020E+01  1.177113E-05
 2.632653E+01  1.690724E-06
 2.714286E+01  1.612400E-09
 2.795918E+01  1.329178E-09
 2.877551E+01  1.064270E-09
 2.959184E+01  8.204138E-10
 3.040816E+01  6.031008E-10
 3.122449E+01  4.170626E-10
 3.204082E+01  2.726954E-10
 3.285714E+01  1.805839E-10
 3.367347E+01  1.508449E-10
 3.448980E+01  1.436363E-10
 3.530612E+01  1.371314E-10
 3.612245E+01  1.311056E-10
 3.693878E+01  1.257183E-10
 3.775510E+01  1.207564E-10
 3.857143E+01  1.162625E-10
 3.938776E+01  1.119148E-10
 4.020408E+01  1.079945E-10
 4.102041E+01  1.044269E-10
 4.183673E+01  1.010098E-10
 4.265306E+01  9.775763E-11
 4.346939E+01  9.467614E-11
 4.428571E+01  9.183619E-11
 4.510204E+01  8.903469E-11
 4.591837E+01  8.636910E-11
 4.673469E+01  8.395990E-11
 4.755102E+01  8.154856E-11
 4.836735E+01  7.931078E-11
 4.918367E+01  7.710008E-11
 5.000000E+01  7.512508E-11
