 1.000000E+01  9.463213E-06
 1.081633E+01  1.057584E-05
 1.163265E+01  1.162206E-05
 1.244898E+01  1.259297E-05
 1.326531E+01  1.347996E-05
 1.408163E+01  1.427011E-05
 1.489796E+01  1.495383E-05
 1.571429E+01  1.552339E-05
 1.653061E+01  1.595405E-05
 1.734694E+01  1.616917E-05
 1.816327E+01  1.625318E-05
 1.897959E+01  1.618524E-05
 1.979592E+01  1.598180E-05
 2.061224E+01  1.552327E-05
 2.142857E+01  1.494306E-05
 2.224490E+01  1.418505E-05
 2.306122E+01  1.333160E-05
 2.387755E+01  1.226110E-05
 2.469388E+01  1.113307E-05
 2.551020E+01  9.877036E-06
 2.632653E+01  8.565451E-06
 2.714286E+01  7.223974E-06
 2.795918E+01  5.848914E-06
 2.877551E+01  4.515143E-06
 2.959184E+01  3.262449E-06
 3.040816E+01  2.134804E-06
 3.122449E+01  1.186621E-06
 3.204082E+01  4.749931E-07
 3.285714E+01  6.871555E-08
 3.367347E+01  9.759340E-11
 3.448980E+01  8.386403E-11
 3.530612E+01  7.096362E-11
 3.612245E+01  5.873529E-11
 3.693878E+01  4.728430E-11
 3.775510E+01  3.685678E-11
 3.857143E+01  2.762584E-11
 3.938776E+01  1.982311E-11
 4.020408E+01  1.393201E-11
 4.102041E+01  1.016080E-11
 4.183673E+01  8.904717E-12
 4.265306E+01  8.533751E-12
 4.346939E+01  8.226478E-12
 4.428571E+01  7.927496E-12
 4.510204E+01  7.657117E-12
 4.591837E+01  7.398164E-12
 4.673469E+01  7.155979E-12
 4.755102E+01  6.945063E-12
 4.836735E+01  6.737430E-12
 4.918367E+01  6.552164E-12
 5.000000E+01  6.361135E-12
