 1.000000E+01  9.479403E-06
 1.081633E+01  1.057158E-05
 1.163265E+01  1.159455E-05
 1.244898E+01  1.260220E-05
 1.326531E+01  1.349097E-05
 1.408163E+01  1.427561E-05
 1.489796E+01  1.498493E-05
 1.571429E+01  1.549935E-05
 1.653061E+01  1.590034E-05
 1.734694E+01  1.616947E-05
 1.816327E+01  1.625495E-05
 1.897959E+01  1.616089E-05
 1.979592E+01  1.592781E-05
 2.061224E+01  1.554067E-05
 2.142857E+01  1.494256E-05
 2.224490E+01  1.420159E-05
 2.306122E+01  1.330039E-05
 2.387755E+01  1.226455E-05
 2.469388E+01  1.113111E-05
 2.551020E+01  9.880407E-06
 2.632653E+01  8.579728E-06
 2.714286E+01  7.215791E-06
 2.795918E+01  5.851347E-06
 2.877551E+01  4.521285E-06
 2.959184E+01  3.263305E-06
 3.040816E+01  2.136816E-06
 3.122449E+01  1.184172E-06
 3.204082E+01  4.746739E-07
 3.285714E+01  6.874465E-08
 3.367347E+01  9.758597E-11
 3.448980E+01  8.379559E-11
 3.530612E+01  7.093543E-11
 3.612245E+01  5.887923E-11
 3.693878E+01  4.734255E-11
 3.775510E+01  3.683166E-11
 3.857143E+01  2.756993E-11
 3.938776E+01  1.982467E-11
 4.020408E+01  1.391675E-11
 4.102041E+01  1.015340E-11
 4.183673E+01  8.896688E-12
 4.265306E+01  8.548097E-12
 4.346939E+01  8.227908E-12
 4.428571E+01  7.926146E-12
 4.510204E+01  7.647824E-12
 4.591837E+01  7.392778E-12
 4.673469E+01  7.170686E-12
 4.755102E+01  6.950903E-12
 4.836735E+01  6.731124E-12
 4.918367E+01  6.545604E-12
 5.000000E+01  6.360639E-12
