 1.000000E+01  1.220092E-05
 1.081633E+01  9.454544E-06
 1.163265E+01  7.046725E-06
 1.244898E+01  4.979260E-06
 1.326531E+01  3.313114E-06
 1.408163E+01  2.019204E-06
 1.489796E+01  1.085719E-06
 1.571429E+01  4.787423E-07
 1.653061E+01  1.473096E-07
 1.734694E+01  1.862412E-08
 1.816327E+01  3.170470E-11
 1.897959E+01  2.358272E-11
 1.979592E+01  1.780106E-11
 2.061224E+01  1.402910E-11
 2.142857E+01  1.181971E-11
 2.224490E+01  1.065796E-11
 2.306122E+01  9.944710E-12
 2.387755E+01  9.299226E-12
 2.469388E+01  8.713224E-12
 2.551020E+01  8.194883E-12
 2.632653E+01  7.714583E-12
 2.714286E+01  7.279152E-12
 2.795918E+01  6.863236E-12
 2.877551E+01  6.502710E-12
 2.959184E+01  6.148364E-12
 3.040816E+01  5.827787E-12
 3.122449E+01  5.533676E-12
 3.204082E+01  5.248282E-12
 3.285714E+01  4.992811E-12
 3.367347E+01  4.765478E-12
 3.448980E+01  4.515336E-12
 3.530612E+01  4.308820E-12
 3.612245E+01  4.098046E-12
 3.693878E+01  3.903236E-12
 3.775510E+01  3.727461E-12
 3.857143E+01  3.566539E-12
 3.938776E+01  3.404574E-12
 4.020408E+01  3.258816E-12
 4.102041E+01  3.112956E-12
 4.183673E+01  2.980057E-12
 4.265306E+01  2.852588E-12
 4.346939E+01  2.728737E-12
 4.428571E+01  2.617689E-12
 4.510204E+01  2.515576E-12
 4.591837E+01  2.406924E-12
 4.673469E+01  2.310193E-12
 4.755102E+01  2.214918E-12
 4.836735E+01  2.129168E-12
 4.918367E+01  2.045571E-12
 5.000000E+01  1.965304E-12
