 1.000000E+01  1.019428E-03
 1.081633E+01  7.591482E-04
 1.163265E+01  5.383592E-04
 1.244898E+01  3.579250E-04
 1.326531E+01  2.177960E-04
 1.408163E+01  1.163623E-04
 1.489796E+01  5.117174E-05
 1.571429E+01  1.544745E-05
 1.653061E+01  1.867935E-06
 1.734694E+01  3.051422E-09
 1.816327E+01  2.238347E-09
 1.897959E+01  1.672481E-09
 1.979592E+01  1.324780E-09
 2.061224E+01  1.126636E-09
 2.142857E+01  1.025394E-09
 2.224490E+01  9.548400E-10
 2.306122E+01  8.902411E-10
 2.387755E+01  8.329553E-10
 2.469388E+01  7.806978E-10
 2.551020E+01  7.342203E-10
 2.632653E+01  6.903500E-10
 2.714286E+01  6.517281E-10
 2.795918E+01  6.136369E-10
 2.877551E+01  5.799423E-10
 2.959184E+01  5.478659E-10
 3.040816E+01  5.199473E-10
 3.122449E+01  4.920671E-10
 3.204082E+01  4.669364E-10
 3.285714E+01  4.432732E-10
 3.367347E+01  4.214431E-10
 3.448980E+01  4.001045E-10
 3.530612E+01  3.817251E-10
 3.612245E+01  3.631283E-10
 3.693878E+01  3.453969E-10
 3.775510E+01  3.302321E-10
 3.857143E+01  3.146157E-10
 3.938776E+01  2.997489E-10
 4.020408E+01  2.862699E-10
 4.102041E+01  2.738995E-10
 4.183673E+01  2.619061E-10
 4.265306E+01  2.503240E-10
 4.346939E+01  2.397560E-10
 4.428571E+01  2.295660E-10
 4.510204E+01  2.195339E-10
 4.591837E+01  2.100289E-10
 4.673469E+01  2.016542E-10
 4.755102E+01  1.932355E-10
 4.836735E+01  1.854029E-10
 4.918367E+01  1.778873E-10
 5.000000E+01  1.709367E-10
