 1.000000E+01  1.818565E-05
 1.081633E+01  1.531106E-05
 1.163265E+01  1.263604E-05
 1.244898E+01  1.014099E-05
 1.326531E+01  7.900585E-06
 1.408163E+01  5.949363E-06
 1.489796E+01  4.265498E-06
 1.571429E+01  2.902398E-06
 1.653061E+01  1.828405E-06
 1.734694E+01  1.030992E-06
 1.816327E+01  4.958101E-07
 1.897959E+01  1.809221E-07
 1.979592E+01  3.690107E-08
 2.061224E+01  8.353957E-10
 2.142857E+01  2.871347E-11
 2.224490E+01  2.224853E-11
 2.306122E+01  1.754576E-11
 2.387755E+01  1.437144E-11
 2.469388E+01  1.239848E-11
 2.551020E+01  1.126892E-11
 2.632653E+01  1.057044E-11
 2.714286E+01  9.978206E-12
 2.795918E+01  9.440282E-12
 2.877551E+01  8.925089E-12
 2.959184E+01  8.453636E-12
 3.040816E+01  8.035096E-12
 3.122449E+01  7.646744E-12
 3.204082E+01  7.272280E-12
 3.285714E+01  6.917661E-12
 3.367347E+01  6.597388E-12
 3.448980E+01  6.293437E-12
 3.530612E+01  6.011697E-12
 3.612245E+01  5.740042E-12
 3.693878E+01  5.495551E-12
 3.775510E+01  5.266229E-12
 3.857143E+01  5.048916E-12
 3.938776E+01  4.818809E-12
 4.020408E+01  4.636030E-12
 4.102041E+01  4.445433E-12
 4.183673E+01  4.255971E-12
 4.265306E+01  4.091394E-12
 4.346939E+01  3.929410E-12
 4.428571E+01  3.779877E-12
 4.510204E+01  3.627117E-12
 4.591837E+01  3.484306E-12
 4.673469E+01  3.359897E-12
 4.755102E+01  3.230407E-12
 4.836735E+01  3.110795E-12
 4.918367E+01  2.993496E-12
 5.000000E+01  2.880818E-12
