 1.000000E+01  1.218330E-05
 1.081633E+01  9.447855E-06
 1.163265E+01  7.026065E-06
 1.244898E+01  4.979946E-06
 1.326531E+01  3.311693E-06
 1.408163E+01  2.023702E-06
 1.489796E+01  1.083797E-06
 1.571429E+01  4.792660E-07
 1.653061E+01  1.472200E-07
 1.734694E+01  1.863236E-08
 1.816327E+01  3.174321E-11
 1.897959E+01  2.353457E-11
 1.979592E+01  1.780880E-11
 2.061224E+01  1.402347E-11
 2.142857E+01  1.183466E-11
 2.224490E+01  1.066339E-11
 2.306122E+01  9.942359E-12
 2.387755E+01  9.309051E-12
 2.469388E+01  8.732890E-12
 2.551020E+01  8.200661E-12
 2.632653E+01  7.734389E-12
 2.714286E+01  7.278769E-12
 2.795918E+01  6.874769E-12
 2.877551E+01  6.489594E-12
 2.959184E+01  6.145712E-12
 3.040816E+01  5.828136E-12
 3.122449E+01  5.530831E-12
 3.204082E+01  5.250657E-12
 3.285714E+01  4.995784E-12
 3.367347E+01  4.743473E-12
 3.448980E+01  4.516242E-12
 3.530612E+01  4.298283E-12
 3.612245E+01  4.096179E-12
 3.693878E+01  3.904416E-12
 3.775510E+01  3.735683E-12
 3.857143E+01  3.567923E-12
 3.938776E+01  3.402739E-12
 4.020408E+01  3.256352E-12
 4.102041E+01  3.115521E-12
 4.183673E+01  2.980846E-12
 4.265306E+01  2.849994E-12
 4.346939E+01  2.733913E-12
 4.428571E+01  2.621692E-12
 4.510204E+01  2.511405E-12
 4.591837E+01  2.407908E-12
 4.673469E+01  2.308281E-12
 4.755102E+01  2.214963E-12
 4.836735E+01  2.127224E-12
 4.918367E+01  2.045348E-12
 5.000000E+01  1.965711E-12
