 1.000000E+01  1.818953E-05
 1.081633E+01  1.531728E-05
 1.163265E+01  1.258087E-05
 1.244898E+01  1.015915E-05
 1.326531E+01  7.890342E-06
 1.408163E+01  5.927421E-06
 1.489796E+01  4.258766E-06
 1.571429E+01  2.896303E-06
 1.653061E+01  1.824585E-06
 1.734694E+01  1.031840E-06
 1.816327E+01  4.952565E-07
 1.897959E+01  1.809137E-07
 1.979592E+01  3.680268E-08
 2.061224E+01  8.343824E-10
 2.142857E+01  2.875502E-11
 2.224490E+01  2.228114E-11
 2.306122E+01  1.754094E-11
 2.387755E+01  1.435621E-11
 2.469388E+01  1.238096E-11
 2.551020E+01  1.124658E-11
 2.632653E+01  1.058262E-11
 2.714286E+01  9.972560E-12
 2.795918E+01  9.419461E-12
 2.877551E+01  8.938933E-12
 2.959184E+01  8.478177E-12
 3.040816E+01  8.055492E-12
 3.122449E+01  7.640708E-12
 3.204082E+01  7.279274E-12
 3.285714E+01  6.927710E-12
 3.367347E+01  6.594966E-12
 3.448980E+01  6.308938E-12
 3.530612E+01  6.018179E-12
 3.612245E+01  5.753389E-12
 3.693878E+01  5.493443E-12
 3.775510E+01  5.264174E-12
 3.857143E+01  5.034064E-12
 3.938776E+01  4.830201E-12
 4.020408E+01  4.623170E-12
 4.102041E+01  4.437111E-12
 4.183673E+01  4.257735E-12
 4.265306E+01  4.084216E-12
 4.346939E+01  3.922857E-12
 4.428571E+01  3.772909E-12
 4.510204E+01  3.633972E-12
 4.591837E+01  3.487601E-12
 4.673469E+01  3.357718E-12
 4.755102E+01  3.227991E-12
 4.836735E+01  3.116855E-12
 4.918367E+01  2.998265E-12
 5.000000E+01  2.887288E-12
