 1.000000E+01  1.018444E-03
 1.081633E+01  7.613919E-04
 1.163265E+01  5.388089E-04
 1.244898E+01  3.572719E-04
 1.326531E+01  2.174004E-04
 1.408163E+01  1.165297E-04
 1.489796E+01  5.101430E-05
 1.571429E+01  1.546874E-05
 1.653061E+01  1.865636E-06
 1.734694E+01  3.056397E-09
 1.816327E+01  2.235885E-09
 1.897959E+01  1.677189E-09
 1.979592E+01  1.325408E-09
 2.061224E+01  1.126261E-09
 2.142857E+01  1.023675E-09
 2.224490E+01  9.531550E-10
 2.306122E+01  8.908610E-10
 2.387755E+01  8.331075E-10
 2.469388E+01  7.799613E-10
 2.551020E+01  7.339122E-10
 2.632653E+01  6.889127E-10
 2.714286E+01  6.505493E-10
 2.795918E+01  6.130897E-10
 2.877551E+01  5.806378E-10
 2.959184E+01  5.483649E-10
 3.040816E+01  5.196290E-10
 3.122449E+01  4.915782E-10
 3.204082E+01  4.667965E-10
 3.285714E+01  4.441572E-10
 3.367347E+01  4.209223E-10
 3.448980E+01  4.005439E-10
 3.530612E+01  3.806890E-10
 3.612245E+01  3.636482E-10
 3.693878E+01  3.457007E-10
 3.775510E+01  3.296165E-10
 3.857143E+01  3.147454E-10
 3.938776E+01  2.995874E-10
 4.020408E+01  2.859230E-10
 4.102041E+01  2.739277E-10
 4.183673E+01  2.619905E-10
 4.265306E+01  2.501522E-10
 4.346939E+01  2.395704E-10
 4.428571E+01  2.294975E-10
 4.510204E+01  2.200204E-10
 4.591837E+01  2.103777E-10
 4.673469E+01  2.015041E-10
 4.755102E+01  1.932902E-10
 4.836735E+01  1.856788E-10
 4.918367E+01  1.782174E-10
 5.000000E+01  1.705429E-10
