 1.000000E+01  2.262325E-06
 1.100000E+01  1.651087E-06
 1.200000E+01  1.147979E-06
 1.300000E+01  7.547727E-07
 1.400000E+01  4.602878E-07
 1.500000E+01  2.534104E-07
 1.600000E+01  1.209101E-07
 1.700000E+01  4.593906E-08
 1.800000E+01  1.158247E-08
 1.900000E+01  1.114291E-09
 2.000000E+01  3.711040E-11
 2.100000E+01  2.020498E-11
 2.200000E+01  1.063484E-11
 2.300000E+01  6.080980E-12
 2.400000E+01  4.457875E-12
 2.500000E+01  3.999177E-12
 2.600000E+01  3.705723E-12
 2.700000E+01  3.437554E-12
 2.800000E+01  3.197790E-12
 2.900000E+01  2.984968E-12
 3.000000E+01  2.789623E-12
