 1.000000E+01  3.939912E-07
 1.100000E+01  1.489549E-07
 1.200000E+01  3.613313E-08
 1.300000E+01  2.847838E-09
 1.400000E+01  3.634033E-11
 1.500000E+01  1.470469E-11
 1.600000E+01  6.255513E-12
 1.700000E+01  4.309048E-12
 1.800000E+01  3.834830E-12
 1.900000E+01  3.450841E-12
 2.000000E+01  3.116958E-12
 2.100000E+01  2.827511E-12
 2.200000E+01  2.573299E-12
 2.300000E+01  2.350586E-12
 2.400000E+01  2.151256E-12
 2.500000E+01  1.974095E-12
 2.600000E+01  1.814011E-12
 2.700000E+01  1.671480E-12
 2.800000E+01  1.543394E-12
 2.900000E+01  1.426196E-12
 3.000000E+01  1.321260E-12
