 1.000000E+01  4.697282E-07
 1.100000E+01  2.996415E-07
 1.200000E+01  1.750015E-07
 1.300000E+01  9.036721E-08
 1.400000E+01  3.876724E-08
 1.500000E+01  1.220458E-08
 1.600000E+01  2.040260E-09
 1.700000E+01  5.043811E-11
 1.800000E+01  8.495190E-12
 1.900000E+01  4.086353E-12
 2.000000E+01  2.100346E-12
 2.100000E+01  1.472559E-12
 2.200000E+01  1.313413E-12
 2.300000E+01  1.202974E-12
 2.400000E+01  1.106536E-12
 2.500000E+01  1.020921E-12
 2.600000E+01  9.447807E-13
 2.700000E+01  8.739152E-13
 2.800000E+01  8.120044E-13
 2.900000E+01  7.561240E-13
 3.000000E+01  7.038290E-13
