 1.000000E+01  1.064280E-06
 1.100000E+01  5.577814E-07
 1.200000E+01  2.431667E-07
 1.300000E+01  7.805241E-08
 1.400000E+01  1.341549E-08
 1.500000E+01  3.277669E-10
 1.600000E+01  3.374073E-11
 1.700000E+01  1.469449E-11
 1.800000E+01  7.366027E-12
 1.900000E+01  5.598262E-12
 2.000000E+01  5.056293E-12
 2.100000E+01  4.593811E-12
 2.200000E+01  4.195396E-12
 2.300000E+01  3.835055E-12
 2.400000E+01  3.520301E-12
 2.500000E+01  3.237546E-12
 2.600000E+01  2.989280E-12
 2.700000E+01  2.760255E-12
 2.800000E+01  2.555623E-12
 2.900000E+01  2.368641E-12
 3.000000E+01  2.201617E-12
