 1.000000E+01  1.064263E-06
 1.100000E+01  5.571726E-07
 1.200000E+01  2.432209E-07
 1.300000E+01  7.805468E-08
 1.400000E+01  1.341723E-08
 1.500000E+01  3.277394E-10
 1.600000E+01  3.376017E-11
 1.700000E+01  1.468800E-11
 1.800000E+01  7.356991E-12
 1.900000E+01  5.603591E-12
 2.000000E+01  5.058221E-12
 2.100000E+01  4.595891E-12
 2.200000E+01  4.190953E-12
 2.300000E+01  3.832120E-12
 2.400000E+01  3.519450E-12
 2.500000E+01  3.238582E-12
 2.600000E+01  2.988649E-12
 2.700000E+01  2.759146E-12
 2.800000E+01  2.553321E-12
 2.900000E+01  2.368952E-12
 3.000000E+01  2.199717E-12
