 1.000000E+01  4.698791E-07
 1.100000E+01  2.998888E-07
 1.200000E+01  1.749937E-07
 1.300000E+01  9.037408E-08
 1.400000E+01  3.878436E-08
 1.500000E+01  1.220494E-08
 1.600000E+01  2.040860E-09
 1.700000E+01  5.047245E-11
 1.800000E+01  8.493054E-12
 1.900000E+01  4.083532E-12
 2.000000E+01  2.100041E-12
 2.100000E+01  1.471204E-12
 2.200000E+01  1.313349E-12
 2.300000E+01  1.202717E-12
 2.400000E+01  1.106929E-12
 2.500000E+01  1.021583E-12
 2.600000E+01  9.439947E-13
 2.700000E+01  8.747587E-13
 2.800000E+01  8.120661E-13
 2.900000E+01  7.554452E-13
 3.000000E+01  7.042686E-13
