 1.000000E+01  3.940081E-07
 1.100000E+01  1.490958E-07
 1.200000E+01  3.618261E-08
 1.300000E+01  2.847219E-09
 1.400000E+01  3.632795E-11
 1.500000E+01  1.470979E-11
 1.600000E+01  6.251101E-12
 1.700000E+01  4.304005E-12
 1.800000E+01  3.838624E-12
 1.900000E+01  3.451283E-12
 2.000000E+01  3.116482E-12
 2.100000E+01  2.825346E-12
 2.200000E+01  2.575175E-12
 2.300000E+01  2.351307E-12
 2.400000E+01  2.148809E-12
 2.500000E+01  1.970378E-12
 2.600000E+01  1.814038E-12
 2.700000E+01  1.671011E-12
 2.800000E+01  1.541517E-12
 2.900000E+01  1.425087E-12
 3.000000E+01  1.319660E-12
