 1.000000E+01  2.262763E-06
 1.100000E+01  1.650652E-06
 1.200000E+01  1.149051E-06
 1.300000E+01  7.549694E-07
 1.400000E+01  4.602493E-07
 1.500000E+01  2.535092E-07
 1.600000E+01  1.209376E-07
 1.700000E+01  4.592335E-08
 1.800000E+01  1.158206E-08
 1.900000E+01  1.112209E-09
 2.000000E+01  3.713237E-11
 2.100000E+01  2.022949E-11
 2.200000E+01  1.062736E-11
 2.300000E+01  6.071170E-12
 2.400000E+01  4.459231E-12
 2.500000E+01  4.000091E-12
 2.600000E+01  3.701507E-12
 2.700000E+01  3.436361E-12
 2.800000E+01  3.200706E-12
 2.900000E+01  2.982647E-12
 3.000000E+01  2.790107E-12
