 1.000000E+01  9.520266E-08
 1.100000E+01  5.691843E-08
 1.200000E+01  3.039041E-08
 1.300000E+01  1.369953E-08
 1.400000E+01  4.706730E-09
 1.500000E+01  9.522072E-10
 1.600000E+01  4.443812E-11
 1.700000E+01  2.422649E-12
 1.800000E+01  1.134379E-12
 1.900000E+01  5.543828E-13
 2.000000E+01  3.701967E-13
 2.100000E+01  3.272440E-13
 2.200000E+01  2.987082E-13
 2.300000E+01  2.736488E-13
 2.400000E+01  2.514770E-13
 2.500000E+01  2.319413E-13
 2.600000E+01  2.141815E-13
 2.700000E+01  1.982757E-13
 2.800000E+01  1.837692E-13
 2.900000E+01  1.706594E-13
 3.000000E+01  1.590779E-13
