 1.000000E+01  5.097570E-10
 1.100000E+01  9.178446E-11
 1.200000E+01  2.318147E-12
 1.300000E+01  9.582217E-14
 1.400000E+01  3.429521E-14
 1.500000E+01  1.798468E-14
 1.600000E+01  1.534620E-14
 1.700000E+01  1.363725E-14
 1.800000E+01  1.217392E-14
 1.900000E+01  1.092859E-14
 2.000000E+01  9.856481E-15
 2.100000E+01  8.906171E-15
 2.200000E+01  8.084038E-15
 2.300000E+01  7.359462E-15
 2.400000E+01  6.709274E-15
 2.500000E+01  6.131329E-15
 2.600000E+01  5.615938E-15
 2.700000E+01  5.159153E-15
 2.800000E+01  4.743780E-15
 2.900000E+01  4.367091E-15
 3.000000E+01  4.027783E-15
