 1.000000E+01  2.368342E-08
 1.100000E+01  7.475856E-09
 1.200000E+01  1.210419E-09
 1.300000E+01  2.020913E-11
 1.400000E+01  1.915367E-12
 1.500000E+01  7.332342E-13
 1.600000E+01  3.912945E-13
 1.700000E+01  3.326878E-13
 1.800000E+01  2.974495E-13
 1.900000E+01  2.673927E-13
 2.000000E+01  2.414484E-13
 2.100000E+01  2.186386E-13
 2.200000E+01  1.989652E-13
 2.300000E+01  1.813200E-13
 2.400000E+01  1.658762E-13
 2.500000E+01  1.521680E-13
 2.600000E+01  1.395836E-13
 2.700000E+01  1.283835E-13
 2.800000E+01  1.184171E-13
 2.900000E+01  1.093253E-13
 3.000000E+01  1.010287E-13
