 1.000000E+01  2.860163E-07
 1.100000E+01  1.931342E-07
 1.200000E+01  1.215144E-07
 1.300000E+01  6.965093E-08
 1.400000E+01  3.518110E-08
 1.500000E+01  1.457172E-08
 1.600000E+01  4.306226E-09
 1.700000E+01  6.193376E-10
 1.800000E+01  1.133583E-11
 1.900000E+01  3.980337E-12
 2.000000E+01  1.973444E-12
 2.100000E+01  1.049069E-12
 2.200000E+01  7.443737E-13
 2.300000E+01  6.664550E-13
 2.400000E+01  6.122638E-13
 2.500000E+01  5.645599E-13
 2.600000E+01  5.230689E-13
 2.700000E+01  4.848171E-13
 2.800000E+01  4.507390E-13
 2.900000E+01  4.198522E-13
 3.000000E+01  3.914825E-13
