 1.000000E+01  3.528733E-07
 1.100000E+01  1.542325E-07
 1.200000E+01  4.917903E-08
 1.300000E+01  8.239316E-09
 1.400000E+01  1.683912E-10
 1.500000E+01  1.653001E-11
 1.600000E+01  6.741579E-12
 1.700000E+01  3.411161E-12
 1.800000E+01  2.756315E-12
 1.900000E+01  2.482019E-12
 2.000000E+01  2.240737E-12
 2.100000E+01  2.036598E-12
 2.200000E+01  1.855365E-12
 2.300000E+01  1.694562E-12
 2.400000E+01  1.555180E-12
 2.500000E+01  1.426757E-12
 2.600000E+01  1.313826E-12
 2.700000E+01  1.210911E-12
 2.800000E+01  1.118859E-12
 2.900000E+01  1.035857E-12
 3.000000E+01  9.605356E-13
