 1.000000E+01  1.143100E-06
 1.100000E+01  7.720222E-07
 1.200000E+01  4.860786E-07
 1.300000E+01  2.793792E-07
 1.400000E+01  1.406288E-07
 1.500000E+01  5.826225E-08
 1.600000E+01  1.721759E-08
 1.700000E+01  2.476781E-09
 1.800000E+01  4.539455E-11
 1.900000E+01  1.593399E-11
 2.000000E+01  7.889652E-12
 2.100000E+01  4.195638E-12
 2.200000E+01  2.977404E-12
 2.300000E+01  2.662792E-12
 2.400000E+01  2.450984E-12
 2.500000E+01  2.259468E-12
 2.600000E+01  2.092571E-12
 2.700000E+01  1.939457E-12
 2.800000E+01  1.801850E-12
 2.900000E+01  1.678926E-12
 3.000000E+01  1.565313E-12
