 1.000000E+01  2.859556E-07
 1.100000E+01  1.930384E-07
 1.200000E+01  1.215350E-07
 1.300000E+01  6.979792E-08
 1.400000E+01  3.516319E-08
 1.500000E+01  1.455294E-08
 1.600000E+01  4.304768E-09
 1.700000E+01  6.188364E-10
 1.800000E+01  1.133639E-11
 1.900000E+01  3.982313E-12
 2.000000E+01  1.972768E-12
 2.100000E+01  1.048820E-12
 2.200000E+01  7.443536E-13
 2.300000E+01  6.661650E-13
 2.400000E+01  6.120410E-13
 2.500000E+01  5.656431E-13
 2.600000E+01  5.227975E-13
 2.700000E+01  4.849983E-13
 2.800000E+01  4.505126E-13
 2.900000E+01  4.194879E-13
 3.000000E+01  3.913850E-13
