 1.000000E+01  2.623507E-06
 1.100000E+01  2.174511E-06
 1.200000E+01  1.764912E-06
 1.300000E+01  1.398384E-06
 1.400000E+01  1.079023E-06
 1.500000E+01  8.092159E-07
 1.600000E+01  5.825973E-07
 1.700000E+01  4.022473E-07
 1.800000E+01  2.621406E-07
 1.900000E+01  1.586094E-07
 2.000000E+01  8.703182E-08
 2.100000E+01  4.127542E-08
 2.200000E+01  1.564532E-08
 2.300000E+01  3.951255E-09
 2.400000E+01  3.954983E-10
 2.500000E+01  2.651083E-11
 2.600000E+01  1.637113E-11
 2.700000E+01  9.749255E-12
 2.800000E+01  5.857698E-12
 2.900000E+01  3.873906E-12
 3.000000E+01  3.066638E-12
