 1.000000E+01  6.103741E-06
 1.100000E+01  3.646736E-06
 1.200000E+01  1.950153E-06
 1.300000E+01  8.771686E-07
 1.400000E+01  3.021028E-07
 1.500000E+01  6.111574E-08
 1.600000E+01  2.885886E-09
 1.700000E+01  2.093213E-10
 1.800000E+01  1.195951E-10
 1.900000E+01  7.826273E-11
 2.000000E+01  6.440839E-11
 2.100000E+01  6.026504E-11
 2.200000E+01  5.712448E-11
 2.300000E+01  5.432363E-11
 2.400000E+01  5.163373E-11
 2.500000E+01  4.934906E-11
 2.600000E+01  4.707866E-11
 2.700000E+01  4.495226E-11
 2.800000E+01  4.306490E-11
 2.900000E+01  4.128230E-11
 3.000000E+01  3.963213E-11
