 1.000000E+01  1.450453E-04
 1.100000E+01  1.058644E-04
 1.200000E+01  7.340246E-05
 1.300000E+01  4.855898E-05
 1.400000E+01  2.950927E-05
 1.500000E+01  1.625083E-05
 1.600000E+01  7.758757E-06
 1.700000E+01  2.894664E-06
 1.800000E+01  7.438773E-07
 1.900000E+01  7.223293E-08
 2.000000E+01  3.069409E-09
 2.100000E+01  1.900233E-09
 2.200000E+01  1.225748E-09
 2.300000E+01  8.979409E-10
 2.400000E+01  7.748983E-10
 2.500000E+01  7.311997E-10
 2.600000E+01  6.985670E-10
 2.700000E+01  6.682029E-10
 2.800000E+01  6.413779E-10
 2.900000E+01  6.156769E-10
 3.000000E+01  5.919967E-10
