 1.000000E+01  2.989787E-05
 1.100000E+01  1.922065E-05
 1.200000E+01  1.122782E-05
 1.300000E+01  5.798342E-06
 1.400000E+01  2.490354E-06
 1.500000E+01  7.833598E-07
 1.600000E+01  1.301764E-07
 1.700000E+01  3.486820E-09
 1.800000E+01  7.547282E-10
 1.900000E+01  4.461289E-10
 2.000000E+01  3.052229E-10
 2.100000E+01  2.569434E-10
 2.200000E+01  2.417164E-10
 2.300000E+01  2.295375E-10
 2.400000E+01  2.183837E-10
 2.500000E+01  2.086240E-10
 2.600000E+01  1.990643E-10
 2.700000E+01  1.905399E-10
 2.800000E+01  1.827664E-10
 2.900000E+01  1.750315E-10
 3.000000E+01  1.681540E-10
