 1.000000E+01  2.526471E-05
 1.100000E+01  9.576626E-06
 1.200000E+01  2.319549E-06
 1.300000E+01  1.835936E-07
 1.400000E+01  3.027238E-09
 1.500000E+01  1.514503E-09
 1.600000E+01  9.175015E-10
 1.700000E+01  7.662032E-10
 1.800000E+01  7.151782E-10
 1.900000E+01  6.717513E-10
 2.000000E+01  6.332393E-10
 2.100000E+01  5.981605E-10
 2.200000E+01  5.658518E-10
 2.300000E+01  5.377064E-10
 2.400000E+01  5.106085E-10
 2.500000E+01  4.864712E-10
 2.600000E+01  4.631267E-10
 2.700000E+01  4.429797E-10
 2.800000E+01  4.227493E-10
 2.900000E+01  4.046861E-10
 3.000000E+01  3.869985E-10
