 1.000000E+01  1.450149E-04
 1.100000E+01  1.050935E-04
 1.200000E+01  7.366831E-05
 1.300000E+01  4.844584E-05
 1.400000E+01  2.947992E-05
 1.500000E+01  1.611565E-05
 1.600000E+01  7.762449E-06
 1.700000E+01  2.949659E-06
 1.800000E+01  7.425080E-07
 1.900000E+01  7.200576E-08
 2.000000E+01  3.062743E-09
 2.100000E+01  1.898031E-09
 2.200000E+01  1.225308E-09
 2.300000E+01  8.994163E-10
 2.400000E+01  7.745116E-10
 2.500000E+01  7.312194E-10
 2.600000E+01  6.980160E-10
 2.700000E+01  6.688286E-10
 2.800000E+01  6.412852E-10
 2.900000E+01  6.149270E-10
 3.000000E+01  5.904282E-10
