 1.000000E+01  6.838566E-05
 1.100000E+01  3.577451E-05
 1.200000E+01  1.515093E-05
 1.300000E+01  5.024523E-06
 1.400000E+01  8.629569E-07
 1.500000E+01  2.204855E-08
 1.600000E+01  3.000925E-09
 1.700000E+01  1.668367E-09
 1.800000E+01  1.147336E-09
 1.900000E+01  1.005242E-09
 2.000000E+01  9.449241E-10
 2.100000E+01  8.951736E-10
 2.200000E+01  8.473955E-10
 2.300000E+01  8.045265E-10
 2.400000E+01  7.659101E-10
 2.500000E+01  7.296568E-10
 2.600000E+01  6.965403E-10
 2.700000E+01  6.652304E-10
 2.800000E+01  6.363965E-10
 2.900000E+01  6.096678E-10
 3.000000E+01  5.852496E-10
