 1.000000E+01  6.828293E-05
 1.100000E+01  3.581227E-05
 1.200000E+01  1.557925E-05
 1.300000E+01  4.998468E-06
 1.400000E+01  8.616203E-07
 1.500000E+01  2.205099E-08
 1.600000E+01  3.007821E-09
 1.700000E+01  1.671179E-09
 1.800000E+01  1.146748E-09
 1.900000E+01  1.004299E-09
 2.000000E+01  9.468278E-10
 2.100000E+01  8.951033E-10
 2.200000E+01  8.473539E-10
 2.300000E+01  8.050889E-10
 2.400000E+01  7.653148E-10
 2.500000E+01  7.295508E-10
 2.600000E+01  6.969196E-10
 2.700000E+01  6.643739E-10
 2.800000E+01  6.359914E-10
 2.900000E+01  6.094147E-10
 3.000000E+01  5.844769E-10
