 1.000000E+01  1.518655E-06
 1.100000E+01  4.801170E-07
 1.200000E+01  7.767902E-08
 1.300000E+01  1.359320E-09
 1.400000E+01  1.747759E-10
 1.500000E+01  9.162104E-11
 1.600000E+01  6.659975E-11
 1.700000E+01  6.097627E-11
 1.800000E+01  5.713227E-11
 1.900000E+01  5.358926E-11
 2.000000E+01  5.053426E-11
 2.100000E+01  4.776120E-11
 2.200000E+01  4.519656E-11
 2.300000E+01  4.281875E-11
 2.400000E+01  4.062692E-11
 2.500000E+01  3.879050E-11
 2.600000E+01  3.690736E-11
 2.700000E+01  3.518688E-11
 2.800000E+01  3.359129E-11
 2.900000E+01  3.217404E-11
 3.000000E+01  3.075465E-11
