 1.000000E+01  3.264088E-08
 1.100000E+01  5.894408E-09
 1.200000E+01  1.517173E-10
 1.300000E+01  8.607009E-12
 1.400000E+01  4.293542E-12
 1.500000E+01  3.089169E-12
 1.600000E+01  2.837803E-12
 1.700000E+01  2.648755E-12
 1.800000E+01  2.472667E-12
 1.900000E+01  2.324494E-12
 2.000000E+01  2.187867E-12
 2.100000E+01  2.065642E-12
 2.200000E+01  1.952023E-12
 2.300000E+01  1.850365E-12
 2.400000E+01  1.754626E-12
 2.500000E+01  1.666932E-12
 2.600000E+01  1.586489E-12
 2.700000E+01  1.513411E-12
 2.800000E+01  1.441782E-12
 2.900000E+01  1.376240E-12
 3.000000E+01  1.317180E-12
