 1.000000E+01  2.520998E-05
 1.100000E+01  9.558913E-06
 1.200000E+01  2.324893E-06
 1.300000E+01  1.834467E-07
 1.400000E+01  3.025639E-09
 1.500000E+01  1.518374E-09
 1.600000E+01  9.183295E-10
 1.700000E+01  7.643652E-10
 1.800000E+01  7.153316E-10
 1.900000E+01  6.726917E-10
 2.000000E+01  6.333056E-10
 2.100000E+01  5.987120E-10
 2.200000E+01  5.666638E-10
 2.300000E+01  5.379416E-10
 2.400000E+01  5.099700E-10
 2.500000E+01  4.857337E-10
 2.600000E+01  4.630794E-10
 2.700000E+01  4.423195E-10
 2.800000E+01  4.222673E-10
 2.900000E+01  4.043706E-10
 3.000000E+01  3.870542E-10
