 1.000000E+01  3.013402E-05
 1.100000E+01  1.929269E-05
 1.200000E+01  1.121403E-05
 1.300000E+01  5.785277E-06
 1.400000E+01  2.480390E-06
 1.500000E+01  7.827806E-07
 1.600000E+01  1.308291E-07
 1.700000E+01  3.480037E-09
 1.800000E+01  7.553088E-10
 1.900000E+01  4.456161E-10
 2.000000E+01  3.055423E-10
 2.100000E+01  2.576104E-10
 2.200000E+01  2.410920E-10
 2.300000E+01  2.292721E-10
 2.400000E+01  2.186046E-10
 2.500000E+01  2.083409E-10
 2.600000E+01  1.992373E-10
 2.700000E+01  1.903597E-10
 2.800000E+01  1.824678E-10
 2.900000E+01  1.751867E-10
 3.000000E+01  1.680381E-10
