 1.000000E+01  1.830464E-05
 1.100000E+01  1.243184E-05
 1.200000E+01  7.790520E-06
 1.300000E+01  4.476443E-06
 1.400000E+01  2.255392E-06
 1.500000E+01  9.330115E-07
 1.600000E+01  2.752149E-07
 1.700000E+01  3.968455E-08
 1.800000E+01  8.507446E-10
 1.900000E+01  3.593723E-10
 2.000000E+01  2.188739E-10
 2.100000E+01  1.525865E-10
 2.200000E+01  1.295893E-10
 2.300000E+01  1.219507E-10
 2.400000E+01  1.159633E-10
 2.500000E+01  1.107293E-10
 2.600000E+01  1.056565E-10
 2.700000E+01  1.011844E-10
 2.800000E+01  9.691514E-11
 2.900000E+01  9.307187E-11
 3.000000E+01  8.940995E-11
