 1.000000E+01  7.339588E-05
 1.100000E+01  4.929542E-05
 1.200000E+01  3.109742E-05
 1.300000E+01  1.787569E-05
 1.400000E+01  9.011562E-06
 1.500000E+01  3.738411E-06
 1.600000E+01  1.105794E-06
 1.700000E+01  1.587252E-07
 1.800000E+01  3.399190E-09
 1.900000E+01  1.436976E-09
 2.000000E+01  8.738591E-10
 2.100000E+01  6.113027E-10
 2.200000E+01  5.183150E-10
 2.300000E+01  4.878868E-10
 2.400000E+01  4.644965E-10
 2.500000E+01  4.429086E-10
 2.600000E+01  4.231943E-10
 2.700000E+01  4.047806E-10
 2.800000E+01  3.876693E-10
 2.900000E+01  3.729200E-10
 3.000000E+01  3.576692E-10
