 1.000000E+01  1.834353E-05
 1.100000E+01  1.236314E-05
 1.200000E+01  7.823666E-06
 1.300000E+01  4.468981E-06
 1.400000E+01  2.261507E-06
 1.500000E+01  9.304470E-07
 1.600000E+01  2.763614E-07
 1.700000E+01  3.982161E-08
 1.800000E+01  8.480790E-10
 1.900000E+01  3.588018E-10
 2.000000E+01  2.190293E-10
 2.100000E+01  1.524944E-10
 2.200000E+01  1.294381E-10
 2.300000E+01  1.219738E-10
 2.400000E+01  1.160608E-10
 2.500000E+01  1.106492E-10
 2.600000E+01  1.059138E-10
 2.700000E+01  1.012840E-10
 2.800000E+01  9.700143E-11
 2.900000E+01  9.311620E-11
 3.000000E+01  8.950388E-11
