 1.000000E+01  2.261266E-05
 1.100000E+01  9.905124E-06
 1.200000E+01  3.160098E-06
 1.300000E+01  5.279005E-07
 1.400000E+01  1.130565E-08
 1.500000E+01  1.478914E-09
 1.600000E+01  7.971824E-10
 1.700000E+01  5.548355E-10
 1.800000E+01  4.980821E-10
 1.900000E+01  4.692820E-10
 2.000000E+01  4.413469E-10
 2.100000E+01  4.180009E-10
 2.200000E+01  3.951868E-10
 2.300000E+01  3.752330E-10
 2.400000E+01  3.570036E-10
 2.500000E+01  3.394260E-10
 2.600000E+01  3.241542E-10
 2.700000E+01  3.092428E-10
 2.800000E+01  2.949956E-10
 2.900000E+01  2.831537E-10
 3.000000E+01  2.709806E-10
