 1.000000E+01  1.681213E-04
 1.100000E+01  1.394225E-04
 1.200000E+01  1.130412E-04
 1.300000E+01  8.929481E-05
 1.400000E+01  6.915135E-05
 1.500000E+01  5.189073E-05
 1.600000E+01  3.760924E-05
 1.700000E+01  2.578299E-05
 1.800000E+01  1.675030E-05
 1.900000E+01  1.017251E-05
 2.000000E+01  5.597270E-06
 2.100000E+01  2.644678E-06
 2.200000E+01  1.004435E-06
 2.300000E+01  2.539840E-07
 2.400000E+01  2.586563E-08
 2.500000E+01  2.174441E-09
 2.600000E+01  1.468113E-09
 2.700000E+01  1.007684E-09
 2.800000E+01  7.336025E-10
 2.900000E+01  5.899971E-10
 3.000000E+01  5.275141E-10
