 1.000000E+01  6.502068E-05
 1.070707E+01  8.493273E-05
 1.141414E+01  1.087575E-04
 1.212121E+01  1.371388E-04
 1.282828E+01  1.709021E-04
 1.353535E+01  2.095198E-04
 1.424242E+01  2.545413E-04
 1.494949E+01  3.056736E-04
 1.565657E+01  3.634914E-04
 1.636364E+01  4.284470E-04
 1.707071E+01  4.994687E-04
 1.777778E+01  5.787387E-04
 1.848485E+01  6.679722E-04
 1.919192E+01  7.637954E-04
 1.989899E+01  8.663174E-04
 2.060606E+01  9.782738E-04
 2.131313E+01  1.096123E-03
 2.202020E+01  1.219794E-03
 2.272727E+01  1.353696E-03
 2.343434E+01  1.488923E-03
 2.414141E+01  1.628627E-03
 2.484848E+01  1.768185E-03
 2.555556E+01  1.915259E-03
 2.626263E+01  2.053506E-03
 2.696970E+01  2.185542E-03
 2.767677E+01  2.302336E-03
 2.838384E+01  2.401148E-03
 2.909091E+01  2.471639E-03
 2.979798E+01  2.491192E-03
 3.050505E+01  2.423710E-03
 3.121212E+01  2.058478E-03
 3.191919E+01  1.978758E-03
 3.262626E+01  2.032037E-03
 3.333333E+01  2.052924E-03
 3.404040E+01  2.043769E-03
 3.474747E+01  1.991768E-03
 3.545455E+01  1.869246E-03
 3.616162E+01  1.645512E-03
 3.686869E+01  1.225341E-03
 3.757576E+01  3.398402E-08
 3.828283E+01  4.733697E-09
 3.898990E+01  4.061871E-09
 3.969697E+01  4.137090E-09
 4.040404E+01  4.234481E-09
 4.111111E+01  4.299154E-09
 4.181818E+01  4.308603E-09
 4.252525E+01  4.297999E-09
 4.323232E+01  4.256582E-09
 4.393939E+01  4.199517E-09
 4.464646E+01  4.133458E-09
 4.535354E+01  4.063777E-09
 4.606061E+01  3.984928E-09
 4.676768E+01  3.906585E-09
 4.747475E+01  3.831255E-09
 4.818182E+01  3.753452E-09
 4.888889E+01  3.670334E-09
 4.959596E+01  3.593798E-09
 5.030303E+01  3.521660E-09
 5.101010E+01  3.446098E-09
 5.171717E+01  3.375911E-09
 5.242424E+01  3.308233E-09
 5.313131E+01  3.236474E-09
 5.383838E+01  3.177747E-09
 5.454545E+01  3.107926E-09
 5.525253E+01  3.043880E-09
 5.595960E+01  2.984190E-09
 5.666667E+01  2.926990E-09
 5.737374E+01  2.872444E-09
 5.808081E+01  2.815965E-09
 5.878788E+01  2.764661E-09
 5.949495E+01  2.710606E-09
 6.020202E+01  2.660465E-09
 6.090909E+01  2.610688E-09
 6.161616E+01  2.563725E-09
 6.232323E+01  2.519456E-09
 6.303030E+01  2.474714E-09
 6.373737E+01  2.428465E-09
 6.444444E+01  2.387472E-09
 6.515152E+01  2.343712E-09
 6.585859E+01  2.300390E-09
 6.656566E+01  2.260839E-09
 6.727273E+01  2.220643E-09
 6.797980E+01  2.183146E-09
 6.868687E+01  2.148462E-09
 6.939394E+01  2.110020E-09
 7.010101E+01  2.074769E-09
 7.080808E+01  2.041494E-09
 7.151515E+01  2.007196E-09
 7.222222E+01  1.973158E-09
 7.292929E+01  1.943341E-09
 7.363636E+01  1.910285E-09
 7.434343E+01  1.881244E-09
 7.505051E+01  1.849588E-09
 7.575758E+01  1.820085E-09
 7.646465E+01  1.791100E-09
 7.717172E+01  1.762726E-09
 7.787879E+01  1.734749E-09
 7.858586E+01  1.708156E-09
 7.929293E+01  1.681594E-09
 8.000000E+01  1.655014E-09
