 1.000000E+01  2.962694E-04
 1.070707E+01  3.879547E-04
 1.141414E+01  4.978235E-04
 1.212121E+01  6.289618E-04
 1.282828E+01  7.841003E-04
 1.353535E+01  9.668037E-04
 1.424242E+01  1.175056E-03
 1.494949E+01  1.413752E-03
 1.565657E+01  1.690326E-03
 1.636364E+01  1.997003E-03
 1.707071E+01  2.347916E-03
 1.777778E+01  2.732662E-03
 1.848485E+01  3.155758E-03
 1.919192E+01  3.626848E-03
 1.989899E+01  4.139888E-03
 2.060606E+01  4.699258E-03
 2.131313E+01  5.308509E-03
 2.202020E+01  5.972210E-03
 2.272727E+01  6.677018E-03
 2.343434E+01  7.419489E-03
 2.414141E+01  8.219911E-03
 2.484848E+01  9.042680E-03
 2.555556E+01  9.920589E-03
 2.626263E+01  1.083514E-02
 2.696970E+01  1.179407E-02
 2.767677E+01  1.277515E-02
 2.838384E+01  1.373281E-02
 2.909091E+01  1.471771E-02
 2.979798E+01  1.571993E-02
 3.050505E+01  1.665781E-02
 3.121212E+01  1.757124E-02
 3.191919E+01  1.839057E-02
 3.262626E+01  1.908791E-02
 3.333333E+01  1.962942E-02
 3.404040E+01  1.990435E-02
 3.474747E+01  1.983311E-02
 3.545455E+01  1.904720E-02
 3.616162E+01  1.538578E-02
 3.686869E+01  1.584183E-02
 3.757576E+01  1.617933E-02
 3.828283E+01  1.639915E-02
 3.898990E+01  1.639988E-02
 3.969697E+01  1.621511E-02
 4.040404E+01  1.567272E-02
 4.111111E+01  1.467133E-02
 4.181818E+01  1.296665E-02
 4.252525E+01  1.006648E-02
 4.323232E+01  3.220321E-03
 4.393939E+01  4.701925E-08
 4.464646E+01  3.318629E-08
 4.535354E+01  3.251958E-08
 4.606061E+01  3.329303E-08
 4.676768E+01  3.397320E-08
 4.747475E+01  3.435258E-08
 4.818182E+01  3.454327E-08
 4.888889E+01  3.442991E-08
 4.959596E+01  3.418357E-08
 5.030303E+01  3.384662E-08
 5.101010E+01  3.344349E-08
 5.171717E+01  3.293947E-08
 5.242424E+01  3.248145E-08
 5.313131E+01  3.193896E-08
 5.383838E+01  3.138188E-08
 5.454545E+01  3.083962E-08
 5.525253E+01  3.029156E-08
 5.595960E+01  2.974093E-08
 5.666667E+01  2.919571E-08
 5.737374E+01  2.869150E-08
 5.808081E+01  2.819397E-08
 5.878788E+01  2.766683E-08
 5.949495E+01  2.714116E-08
 6.020202E+01  2.667835E-08
 6.090909E+01  2.619379E-08
 6.161616E+01  2.573589E-08
 6.232323E+01  2.527998E-08
 6.303030E+01  2.484709E-08
 6.373737E+01  2.439799E-08
 6.444444E+01  2.399140E-08
 6.515152E+01  2.358397E-08
 6.585859E+01  2.319448E-08
 6.656566E+01  2.279978E-08
 6.727273E+01  2.244443E-08
 6.797980E+01  2.206369E-08
 6.868687E+01  2.171134E-08
 6.939394E+01  2.135891E-08
 7.010101E+01  2.098251E-08
 7.080808E+01  2.066397E-08
 7.151515E+01  2.035694E-08
 7.222222E+01  2.003501E-08
 7.292929E+01  1.970451E-08
 7.363636E+01  1.940149E-08
 7.434343E+01  1.912753E-08
 7.505051E+01  1.881128E-08
 7.575758E+01  1.851669E-08
 7.646465E+01  1.825124E-08
 7.717172E+01  1.799678E-08
 7.787879E+01  1.771495E-08
 7.858586E+01  1.744825E-08
 7.929293E+01  1.717323E-08
 8.000000E+01  1.690128E-08
