 1.000000E+01  3.369360E-05
 1.070707E+01  4.416830E-05
 1.141414E+01  5.700622E-05
 1.212121E+01  7.226172E-05
 1.282828E+01  9.047742E-05
 1.353535E+01  1.119920E-04
 1.424242E+01  1.369156E-04
 1.494949E+01  1.658145E-04
 1.565657E+01  1.987965E-04
 1.636364E+01  2.366691E-04
 1.707071E+01  2.791401E-04
 1.777778E+01  3.282793E-04
 1.848485E+01  3.825122E-04
 1.919192E+01  4.434799E-04
 1.989899E+01  5.102486E-04
 2.060606E+01  5.847342E-04
 2.131313E+01  6.677001E-04
 2.202020E+01  7.574574E-04
 2.272727E+01  8.576881E-04
 2.343434E+01  9.637093E-04
 2.414141E+01  1.082508E-03
 2.484848E+01  1.207729E-03
 2.555556E+01  1.345650E-03
 2.626263E+01  1.495795E-03
 2.696970E+01  1.655388E-03
 2.767677E+01  1.824882E-03
 2.838384E+01  2.008853E-03
 2.909091E+01  2.196936E-03
 2.979798E+01  2.413519E-03
 3.050505E+01  2.632032E-03
 3.121212E+01  2.874774E-03
 3.191919E+01  3.127827E-03
 3.262626E+01  3.386642E-03
 3.333333E+01  3.665836E-03
 3.404040E+01  3.952529E-03
 3.474747E+01  4.273954E-03
 3.545455E+01  4.587120E-03
 3.616162E+01  4.936324E-03
 3.686869E+01  5.286253E-03
 3.757576E+01  5.653505E-03
 3.828283E+01  6.053670E-03
 3.898990E+01  6.460117E-03
 3.969697E+01  6.864234E-03
 4.040404E+01  7.313141E-03
 4.111111E+01  7.737417E-03
 4.181818E+01  8.215902E-03
 4.252525E+01  8.694957E-03
 4.323232E+01  9.179324E-03
 4.393939E+01  9.700769E-03
 4.464646E+01  1.020610E-02
 4.535354E+01  1.074164E-02
 4.606061E+01  1.129238E-02
 4.676768E+01  1.183023E-02
 4.747475E+01  1.237297E-02
 4.818182E+01  1.296046E-02
 4.888889E+01  1.352846E-02
 4.959596E+01  1.407838E-02
 5.030303E+01  1.465087E-02
 5.101010E+01  1.519524E-02
 5.171717E+01  1.580062E-02
 5.242424E+01  1.632245E-02
 5.313131E+01  1.686936E-02
 5.383838E+01  1.742152E-02
 5.454545E+01  1.786865E-02
 5.525253E+01  1.835614E-02
 5.595960E+01  1.881521E-02
 5.666667E+01  1.915278E-02
 5.737374E+01  1.948919E-02
 5.808081E+01  1.976942E-02
 5.878788E+01  1.989568E-02
 5.949495E+01  1.994409E-02
 6.020202E+01  1.983161E-02
 6.090909E+01  1.946650E-02
 6.161616E+01  1.873442E-02
 6.232323E+01  1.705270E-02
 6.303030E+01  1.550541E-02
 6.373737E+01  1.581980E-02
 6.444444E+01  1.601269E-02
 6.515152E+01  1.618788E-02
 6.585859E+01  1.637323E-02
 6.656566E+01  1.644669E-02
 6.727273E+01  1.644190E-02
 6.797980E+01  1.639644E-02
 6.868687E+01  1.623969E-02
 6.939394E+01  1.599883E-02
 7.010101E+01  1.559445E-02
 7.080808E+01  1.505809E-02
 7.151515E+01  1.431269E-02
 7.222222E+01  1.332917E-02
 7.292929E+01  1.199164E-02
 7.363636E+01  1.013962E-02
 7.434343E+01  7.326281E-03
 7.505051E+01  6.171456E-07
 7.575758E+01  6.425465E-08
 7.646465E+01  3.916065E-08
 7.717172E+01  3.375759E-08
 7.787879E+01  3.248938E-08
 7.858586E+01  3.261979E-08
 7.929293E+01  3.299200E-08
 8.000000E+01  3.346320E-08
