 1.000000E+01  1.046523E-02
 1.070707E+01  1.178701E-02
 1.141414E+01  1.310392E-02
 1.212121E+01  1.448322E-02
 1.282828E+01  1.589907E-02
 1.353535E+01  1.725856E-02
 1.424242E+01  1.863558E-02
 1.494949E+01  1.999947E-02
 1.565657E+01  2.131005E-02
 1.636364E+01  2.256449E-02
 1.707071E+01  2.372461E-02
 1.777778E+01  2.485294E-02
 1.848485E+01  2.592027E-02
 1.919192E+01  2.682136E-02
 1.989899E+01  2.765470E-02
 2.060606E+01  2.830365E-02
 2.131313E+01  2.892713E-02
 2.202020E+01  2.930795E-02
 2.272727E+01  2.952718E-02
 2.343434E+01  2.958404E-02
 2.414141E+01  2.949580E-02
 2.484848E+01  2.922658E-02
 2.555556E+01  2.874818E-02
 2.626263E+01  2.807494E-02
 2.696970E+01  2.724419E-02
 2.767677E+01  2.618001E-02
 2.838384E+01  2.491593E-02
 2.909091E+01  2.344407E-02
 2.979798E+01  2.187111E-02
 3.050505E+01  2.014525E-02
 3.121212E+01  1.832735E-02
 3.191919E+01  1.640326E-02
 3.262626E+01  1.454537E-02
 3.333333E+01  1.294840E-02
 3.404040E+01  1.148229E-02
 3.474747E+01  9.920895E-03
 3.545455E+01  8.322191E-03
 3.616162E+01  6.681894E-03
 3.686869E+01  5.030370E-03
 3.757576E+01  3.430667E-03
 3.828283E+01  1.958138E-03
 3.898990E+01  7.198700E-04
 3.969697E+01  7.914313E-08
 4.040404E+01  6.829564E-08
 4.111111E+01  6.689040E-08
 4.181818E+01  6.583816E-08
 4.252525E+01  6.468193E-08
 4.323232E+01  6.352647E-08
 4.393939E+01  6.217406E-08
 4.464646E+01  6.076385E-08
 4.535354E+01  5.940883E-08
 4.606061E+01  5.811044E-08
 4.676768E+01  5.673335E-08
 4.747475E+01  5.540447E-08
 4.818182E+01  5.428350E-08
 4.888889E+01  5.292274E-08
 4.959596E+01  5.180141E-08
 5.030303E+01  5.057940E-08
 5.101010E+01  4.945134E-08
 5.171717E+01  4.828661E-08
 5.242424E+01  4.729472E-08
 5.313131E+01  4.619441E-08
 5.383838E+01  4.522163E-08
 5.454545E+01  4.425508E-08
 5.525253E+01  4.324249E-08
 5.595960E+01  4.228185E-08
 5.666667E+01  4.147387E-08
 5.737374E+01  4.054234E-08
 5.808081E+01  3.970115E-08
 5.878788E+01  3.892306E-08
 5.949495E+01  3.812608E-08
 6.020202E+01  3.729948E-08
 6.090909E+01  3.660134E-08
 6.161616E+01  3.586629E-08
 6.232323E+01  3.514316E-08
 6.303030E+01  3.445246E-08
 6.373737E+01  3.378633E-08
 6.444444E+01  3.309311E-08
 6.515152E+01  3.247074E-08
 6.585859E+01  3.184736E-08
 6.656566E+01  3.122593E-08
 6.727273E+01  3.062610E-08
 6.797980E+01  3.009140E-08
 6.868687E+01  2.953443E-08
 6.939394E+01  2.894723E-08
 7.010101E+01  2.844425E-08
 7.080808E+01  2.787133E-08
 7.151515E+01  2.739156E-08
 7.222222E+01  2.692341E-08
 7.292929E+01  2.640195E-08
 7.363636E+01  2.589054E-08
 7.434343E+01  2.546521E-08
 7.505051E+01  2.500269E-08
 7.575758E+01  2.453567E-08
 7.646465E+01  2.411695E-08
 7.717172E+01  2.369566E-08
 7.787879E+01  2.330638E-08
 7.858586E+01  2.286782E-08
 7.929293E+01  2.249358E-08
 8.000000E+01  2.208252E-08
