 1.000000E+01  1.045449E-02
 1.070707E+01  1.177319E-02
 1.141414E+01  1.314629E-02
 1.212121E+01  1.449440E-02
 1.282828E+01  1.584640E-02
 1.353535E+01  1.729019E-02
 1.424242E+01  1.863285E-02
 1.494949E+01  2.000157E-02
 1.565657E+01  2.128250E-02
 1.636364E+01  2.256064E-02
 1.707071E+01  2.375926E-02
 1.777778E+01  2.485680E-02
 1.848485E+01  2.588302E-02
 1.919192E+01  2.683806E-02
 1.989899E+01  2.765478E-02
 2.060606E+01  2.834815E-02
 2.131313E+01  2.887098E-02
 2.202020E+01  2.926223E-02
 2.272727E+01  2.951738E-02
 2.343434E+01  2.959439E-02
 2.414141E+01  2.949624E-02
 2.484848E+01  2.920984E-02
 2.555556E+01  2.874291E-02
 2.626263E+01  2.809580E-02
 2.696970E+01  2.719582E-02
 2.767677E+01  2.616577E-02
 2.838384E+01  2.491947E-02
 2.909091E+01  2.348822E-02
 2.979798E+01  2.190108E-02
 3.050505E+01  2.015940E-02
 3.121212E+01  1.830618E-02
 3.191919E+01  1.639335E-02
 3.262626E+01  1.454645E-02
 3.333333E+01  1.295651E-02
 3.404040E+01  1.148813E-02
 3.474747E+01  9.934923E-03
 3.545455E+01  8.316944E-03
 3.616162E+01  6.672477E-03
 3.686869E+01  5.023633E-03
 3.757576E+01  3.431277E-03
 3.828283E+01  1.961040E-03
 3.898990E+01  7.211879E-04
 3.969697E+01  7.911769E-08
 4.040404E+01  6.818626E-08
 4.111111E+01  6.677249E-08
 4.181818E+01  6.579534E-08
 4.252525E+01  6.468059E-08
 4.323232E+01  6.344047E-08
 4.393939E+01  6.210019E-08
 4.464646E+01  6.083693E-08
 4.535354E+01  5.944553E-08
 4.606061E+01  5.809922E-08
 4.676768E+01  5.677291E-08
 4.747475E+01  5.553088E-08
 4.818182E+01  5.421546E-08
 4.888889E+01  5.291207E-08
 4.959596E+01  5.174917E-08
 5.030303E+01  5.059793E-08
 5.101010E+01  4.936599E-08
 5.171717E+01  4.835135E-08
 5.242424E+01  4.723750E-08
 5.313131E+01  4.623756E-08
 5.383838E+01  4.520365E-08
 5.454545E+01  4.425568E-08
 5.525253E+01  4.319449E-08
 5.595960E+01  4.225441E-08
 5.666667E+01  4.138635E-08
 5.737374E+01  4.057764E-08
 5.808081E+01  3.977639E-08
 5.878788E+01  3.887691E-08
 5.949495E+01  3.807377E-08
 6.020202E+01  3.733360E-08
 6.090909E+01  3.656184E-08
 6.161616E+01  3.592587E-08
 6.232323E+01  3.514586E-08
 6.303030E+01  3.447485E-08
 6.373737E+01  3.378801E-08
 6.444444E+01  3.313756E-08
 6.515152E+01  3.247585E-08
 6.585859E+01  3.184217E-08
 6.656566E+01  3.125156E-08
 6.727273E+01  3.064600E-08
 6.797980E+01  3.005669E-08
 6.868687E+01  2.949899E-08
 6.939394E+01  2.894043E-08
 7.010101E+01  2.839767E-08
 7.080808E+01  2.787119E-08
 7.151515E+01  2.737050E-08
 7.222222E+01  2.690634E-08
 7.292929E+01  2.641936E-08
 7.363636E+01  2.591022E-08
 7.434343E+01  2.546175E-08
 7.505051E+01  2.499929E-08
 7.575758E+01  2.454697E-08
 7.646465E+01  2.411330E-08
 7.717172E+01  2.369022E-08
 7.787879E+01  2.329267E-08
 7.858586E+01  2.286872E-08
 7.929293E+01  2.247587E-08
 8.000000E+01  2.208331E-08
