 1.000000E+01  1.653860E-03
 1.191919E+01  3.264769E-03
 1.383838E+01  5.765056E-03
 1.575758E+01  9.312088E-03
 1.767677E+01  1.411349E-02
 1.959596E+01  2.007442E-02
 2.151515E+01  2.718851E-02
 2.343434E+01  3.494017E-02
 2.535354E+01  4.244658E-02
 2.727273E+01  4.730309E-02
 2.919192E+01  4.538478E-02
 3.111111E+01  1.542331E-02
 3.303030E+01  3.624351E-06
 3.494949E+01  2.129940E-06
 3.686869E+01  1.570054E-06
 3.878788E+01  1.285268E-06
 4.070707E+01  1.102386E-06
 4.262626E+01  9.798446E-07
 4.454545E+01  8.876375E-07
 4.646465E+01  8.193504E-07
 4.838384E+01  7.665787E-07
 5.030303E+01  7.219833E-07
 5.222222E+01  6.843488E-07
 5.414141E+01  6.530422E-07
 5.606061E+01  6.264253E-07
 5.797980E+01  6.051003E-07
 5.989899E+01  5.840955E-07
 6.181818E+01  5.677822E-07
 6.373737E+01  5.534229E-07
 6.565657E+01  5.386628E-07
 6.757576E+01  5.277175E-07
 6.949495E+01  5.164535E-07
 7.141414E+01  5.059025E-07
 7.333333E+01  4.975000E-07
 7.525253E+01  4.902104E-07
 7.717172E+01  4.827959E-07
 7.909091E+01  4.779799E-07
 8.101010E+01  4.709736E-07
 8.292929E+01  4.662257E-07
 8.484848E+01  4.614626E-07
 8.676768E+01  4.572950E-07
 8.868687E+01  4.534297E-07
 9.060606E+01  4.501537E-07
 9.252525E+01  4.462767E-07
 9.444444E+01  4.435804E-07
 9.636364E+01  4.406412E-07
 9.828283E+01  4.380899E-07
 1.002020E+02  4.348586E-07
 1.021212E+02  4.318067E-07
 1.040404E+02  4.286412E-07
 1.059596E+02  4.247780E-07
 1.078788E+02  4.196228E-07
 1.097980E+02  4.151980E-07
 1.117172E+02  4.077778E-07
 1.136364E+02  4.005090E-07
 1.155556E+02  3.893997E-07
 1.174747E+02  3.776519E-07
 1.193939E+02  3.628715E-07
 1.213131E+02  3.410785E-07
 1.232323E+02  3.104506E-07
 1.251515E+02  2.433486E-07
 1.270707E+02  2.430111E-07
 1.289899E+02  2.407272E-07
 1.309091E+02  2.377824E-07
 1.328283E+02  2.350024E-07
 1.347475E+02  2.323317E-07
 1.366667E+02  2.295189E-07
 1.385859E+02  2.258284E-07
 1.405051E+02  2.230104E-07
 1.424242E+02  2.197028E-07
 1.443434E+02  2.169380E-07
 1.462626E+02  2.140071E-07
 1.481818E+02  2.109883E-07
 1.501010E+02  2.083288E-07
 1.520202E+02  2.047997E-07
 1.539394E+02  2.020703E-07
 1.558586E+02  1.990353E-07
 1.577778E+02  1.965891E-07
 1.596970E+02  1.939514E-07
 1.616162E+02  1.912972E-07
 1.635354E+02  1.884573E-07
 1.654545E+02  1.856271E-07
 1.673737E+02  1.835661E-07
 1.692929E+02  1.808710E-07
 1.712121E+02  1.785203E-07
 1.731313E+02  1.760094E-07
 1.750505E+02  1.738256E-07
 1.769697E+02  1.713783E-07
 1.788889E+02  1.686581E-07
 1.808081E+02  1.665019E-07
 1.827273E+02  1.646837E-07
 1.846465E+02  1.625120E-07
 1.865657E+02  1.601825E-07
 1.884848E+02  1.580335E-07
 1.904040E+02  1.561984E-07
 1.923232E+02  1.541761E-07
 1.942424E+02  1.522744E-07
 1.961616E+02  1.501692E-07
 1.980808E+02  1.484065E-07
 2.000000E+02  1.463319E-07
