 1.000000E+01  7.582464E-03
 1.191919E+01  1.500061E-02
 1.383838E+01  2.662497E-02
 1.575758E+01  4.363424E-02
 1.767677E+01  6.706614E-02
 1.959596E+01  9.735526E-02
 2.151515E+01  1.354846E-01
 2.343434E+01  1.802349E-01
 2.535354E+01  2.317859E-01
 2.727273E+01  2.854580E-01
 2.919192E+01  3.374256E-01
 3.111111E+01  3.737556E-01
 3.303030E+01  3.772522E-01
 3.494949E+01  2.934263E-01
 3.686869E+01  5.698544E-05
 3.878788E+01  2.378410E-05
 4.070707E+01  1.609677E-05
 4.262626E+01  1.251116E-05
 4.454545E+01  1.049114E-05
 4.646465E+01  9.128743E-06
 4.838384E+01  8.162075E-06
 5.030303E+01  7.465781E-06
 5.222222E+01  6.915875E-06
 5.414141E+01  6.448650E-06
 5.606061E+01  6.088209E-06
 5.797980E+01  5.794885E-06
 5.989899E+01  5.540288E-06
 6.181818E+01  5.301508E-06
 6.373737E+01  5.111862E-06
 6.565657E+01  4.950527E-06
 6.757576E+01  4.786696E-06
 6.949495E+01  4.652371E-06
 7.141414E+01  4.555041E-06
 7.333333E+01  4.440437E-06
 7.525253E+01  4.336393E-06
 7.717172E+01  4.243145E-06
 7.909091E+01  4.174070E-06
 8.101010E+01  4.097697E-06
 8.292929E+01  4.035316E-06
 8.484848E+01  3.971467E-06
 8.676768E+01  3.931074E-06
 8.868687E+01  3.872452E-06
 9.060606E+01  3.824709E-06
 9.252525E+01  3.782752E-06
 9.444444E+01  3.744037E-06
 9.636364E+01  3.719857E-06
 9.828283E+01  3.681097E-06
 1.002020E+02  3.656461E-06
 1.021212E+02  3.635454E-06
 1.040404E+02  3.609057E-06
 1.059596E+02  3.574854E-06
 1.078788E+02  3.558774E-06
 1.097980E+02  3.538800E-06
 1.117172E+02  3.524128E-06
 1.136364E+02  3.501663E-06
 1.155556E+02  3.480959E-06
 1.174747E+02  3.457905E-06
 1.193939E+02  3.439334E-06
 1.213131E+02  3.413112E-06
 1.232323E+02  3.373822E-06
 1.251515E+02  3.341799E-06
 1.270707E+02  3.311594E-06
 1.289899E+02  3.262470E-06
 1.309091E+02  3.206125E-06
 1.328283E+02  3.144018E-06
 1.347475E+02  3.064815E-06
 1.366667E+02  2.972093E-06
 1.385859E+02  2.848553E-06
 1.405051E+02  2.686642E-06
 1.424242E+02  2.461694E-06
 1.443434E+02  1.965847E-06
 1.462626E+02  1.945108E-06
 1.481818E+02  1.933480E-06
 1.501010E+02  1.915443E-06
 1.520202E+02  1.896632E-06
 1.539394E+02  1.876593E-06
 1.558586E+02  1.853854E-06
 1.577778E+02  1.834653E-06
 1.596970E+02  1.811876E-06
 1.616162E+02  1.788343E-06
 1.635354E+02  1.769022E-06
 1.654545E+02  1.748298E-06
 1.673737E+02  1.727359E-06
 1.692929E+02  1.704534E-06
 1.712121E+02  1.687431E-06
 1.731313E+02  1.666739E-06
 1.750505E+02  1.644680E-06
 1.769697E+02  1.624616E-06
 1.788889E+02  1.603835E-06
 1.808081E+02  1.586138E-06
 1.827273E+02  1.567453E-06
 1.846465E+02  1.548059E-06
 1.865657E+02  1.527940E-06
 1.884848E+02  1.509869E-06
 1.904040E+02  1.495662E-06
 1.923232E+02  1.476838E-06
 1.942424E+02  1.456395E-06
 1.961616E+02  1.439624E-06
 1.980808E+02  1.423178E-06
 2.000000E+02  1.405312E-06
