 1.000000E+01  8.649911E-04
 1.191919E+01  1.727932E-03
 1.383838E+01  3.128786E-03
 1.575758E+01  5.226012E-03
 1.767677E+01  8.163755E-03
 1.959596E+01  1.223589E-02
 2.151515E+01  1.764102E-02
 2.343434E+01  2.443932E-02
 2.535354E+01  3.314384E-02
 2.727273E+01  4.344284E-02
 2.919192E+01  5.630233E-02
 3.111111E+01  7.137545E-02
 3.303030E+01  8.857221E-02
 3.494949E+01  1.083685E-01
 3.686869E+01  1.308241E-01
 3.878788E+01  1.550882E-01
 4.070707E+01  1.819538E-01
 4.262626E+01  2.123943E-01
 4.454545E+01  2.422092E-01
 4.646465E+01  2.740865E-01
 4.838384E+01  3.029016E-01
 5.030303E+01  3.327170E-01
 5.222222E+01  3.571050E-01
 5.414141E+01  3.756833E-01
 5.606061E+01  3.820223E-01
 5.797980E+01  3.684576E-01
 5.989899E+01  3.213582E-01
 6.181818E+01  1.887482E-01
 6.373737E+01  6.042623E-05
 6.565657E+01  3.154648E-05
 6.757576E+01  2.240258E-05
 6.949495E+01  1.775671E-05
 7.141414E+01  1.487599E-05
 7.333333E+01  1.293941E-05
 7.525253E+01  1.154012E-05
 7.717172E+01  1.044681E-05
 7.909091E+01  9.637538E-06
 8.101010E+01  8.939209E-06
 8.292929E+01  8.432493E-06
 8.484848E+01  7.917424E-06
 8.676768E+01  7.533557E-06
 8.868687E+01  7.169930E-06
 9.060606E+01  6.887692E-06
 9.252525E+01  6.615979E-06
 9.444444E+01  6.386375E-06
 9.636364E+01  6.158084E-06
 9.828283E+01  5.976073E-06
 1.002020E+02  5.799596E-06
 1.021212E+02  5.641912E-06
 1.040404E+02  5.502872E-06
 1.059596E+02  5.366951E-06
 1.078788E+02  5.252572E-06
 1.097980E+02  5.143770E-06
 1.117172E+02  5.035599E-06
 1.136364E+02  4.951600E-06
 1.155556E+02  4.873497E-06
 1.174747E+02  4.778804E-06
 1.193939E+02  4.698684E-06
 1.213131E+02  4.620873E-06
 1.232323E+02  4.563861E-06
 1.251515E+02  4.503506E-06
 1.270707E+02  4.441924E-06
 1.289899E+02  4.378417E-06
 1.309091E+02  4.315499E-06
 1.328283E+02  4.272597E-06
 1.347475E+02  4.223172E-06
 1.366667E+02  4.175888E-06
 1.385859E+02  4.132300E-06
 1.405051E+02  4.100576E-06
 1.424242E+02  4.060305E-06
 1.443434E+02  4.021438E-06
 1.462626E+02  3.990072E-06
 1.481818E+02  3.954085E-06
 1.501010E+02  3.929249E-06
 1.520202E+02  3.888234E-06
 1.539394E+02  3.867517E-06
 1.558586E+02  3.834007E-06
 1.577778E+02  3.805229E-06
 1.596970E+02  3.798183E-06
 1.616162E+02  3.772582E-06
 1.635354E+02  3.755332E-06
 1.654545E+02  3.728169E-06
 1.673737E+02  3.713597E-06
 1.692929E+02  3.691389E-06
 1.712121E+02  3.676845E-06
 1.731313E+02  3.659376E-06
 1.750505E+02  3.648171E-06
 1.769697E+02  3.628371E-06
 1.788889E+02  3.619036E-06
 1.808081E+02  3.599316E-06
 1.827273E+02  3.591311E-06
 1.846465E+02  3.579516E-06
 1.865657E+02  3.564527E-06
 1.884848E+02  3.556949E-06
 1.904040E+02  3.542750E-06
 1.923232E+02  3.529200E-06
 1.942424E+02  3.525689E-06
 1.961616E+02  3.503513E-06
 1.980808E+02  3.489525E-06
 2.000000E+02  3.480680E-06
