 1.000000E+01  2.115516E-01
 1.191919E+01  2.818645E-01
 1.383838E+01  3.490300E-01
 1.575758E+01  4.102246E-01
 1.767677E+01  4.609412E-01
 1.959596E+01  4.898177E-01
 2.151515E+01  4.944037E-01
 2.343434E+01  4.715506E-01
 2.535354E+01  4.150941E-01
 2.727273E+01  3.292773E-01
 2.919192E+01  2.165966E-01
 3.111111E+01  9.234151E-02
 3.303030E+01  3.839970E-04
 3.494949E+01  2.538001E-05
 3.686869E+01  2.073202E-05
 3.878788E+01  1.812310E-05
 4.070707E+01  1.649197E-05
 4.262626E+01  1.521120E-05
 4.454545E+01  1.425484E-05
 4.646465E+01  1.344370E-05
 4.838384E+01  1.280840E-05
 5.030303E+01  1.222424E-05
 5.222222E+01  1.176110E-05
 5.414141E+01  1.136423E-05
 5.606061E+01  1.098033E-05
 5.797980E+01  1.064319E-05
 5.989899E+01  1.035219E-05
 6.181818E+01  1.004971E-05
 6.373737E+01  9.806886E-06
 6.565657E+01  9.567632E-06
 6.757576E+01  9.310467E-06
 6.949495E+01  9.115523E-06
 7.141414E+01  8.928605E-06
 7.333333E+01  8.726234E-06
 7.525253E+01  8.532425E-06
 7.717172E+01  8.345761E-06
 7.909091E+01  8.165732E-06
 8.101010E+01  8.001397E-06
 8.292929E+01  7.833066E-06
 8.484848E+01  7.650540E-06
 8.676768E+01  7.478700E-06
 8.868687E+01  7.317166E-06
 9.060606E+01  7.149143E-06
 9.252525E+01  6.978898E-06
 9.444444E+01  6.823086E-06
 9.636364E+01  6.667142E-06
 9.828283E+01  6.486737E-06
 1.002020E+02  6.335744E-06
 1.021212E+02  6.165386E-06
 1.040404E+02  6.005692E-06
 1.059596E+02  5.827452E-06
 1.078788E+02  5.652864E-06
 1.097980E+02  5.494182E-06
 1.117172E+02  5.319689E-06
 1.136364E+02  5.170642E-06
 1.155556E+02  4.990637E-06
 1.174747E+02  4.827714E-06
 1.193939E+02  4.676242E-06
 1.213131E+02  4.493540E-06
 1.232323E+02  4.350786E-06
 1.251515E+02  4.213828E-06
 1.270707E+02  4.064163E-06
 1.289899E+02  3.942056E-06
 1.309091E+02  3.827753E-06
 1.328283E+02  3.748175E-06
 1.347475E+02  3.685144E-06
 1.366667E+02  3.627314E-06
 1.385859E+02  3.564422E-06
 1.405051E+02  3.508912E-06
 1.424242E+02  3.454042E-06
 1.443434E+02  3.403092E-06
 1.462626E+02  3.339420E-06
 1.481818E+02  3.282231E-06
 1.501010E+02  3.231539E-06
 1.520202E+02  3.183185E-06
 1.539394E+02  3.126349E-06
 1.558586E+02  3.076580E-06
 1.577778E+02  3.029857E-06
 1.596970E+02  2.981705E-06
 1.616162E+02  2.939350E-06
 1.635354E+02  2.890732E-06
 1.654545E+02  2.843598E-06
 1.673737E+02  2.799495E-06
 1.692929E+02  2.757554E-06
 1.712121E+02  2.710426E-06
 1.731313E+02  2.665765E-06
 1.750505E+02  2.633491E-06
 1.769697E+02  2.590645E-06
 1.788889E+02  2.554404E-06
 1.808081E+02  2.514049E-06
 1.827273E+02  2.477736E-06
 1.846465E+02  2.443992E-06
 1.865657E+02  2.397158E-06
 1.884848E+02  2.369721E-06
 1.904040E+02  2.330419E-06
 1.923232E+02  2.301114E-06
 1.942424E+02  2.266677E-06
 1.961616E+02  2.234283E-06
 1.980808E+02  2.205866E-06
 2.000000E+02  2.170929E-06
