 1.000000E+01  2.104365E-01
 1.191919E+01  2.807579E-01
 1.383838E+01  3.520038E-01
 1.575758E+01  4.114331E-01
 1.767677E+01  4.608717E-01
 1.959596E+01  4.901769E-01
 2.151515E+01  4.954619E-01
 2.343434E+01  4.709444E-01
 2.535354E+01  4.162181E-01
 2.727273E+01  3.282588E-01
 2.919192E+01  2.166743E-01
 3.111111E+01  9.241544E-02
 3.303030E+01  3.851670E-04
 3.494949E+01  2.544955E-05
 3.686869E+01  2.078513E-05
 3.878788E+01  1.814864E-05
 4.070707E+01  1.645173E-05
 4.262626E+01  1.522012E-05
 4.454545E+01  1.422187E-05
 4.646465E+01  1.345766E-05
 4.838384E+01  1.280750E-05
 5.030303E+01  1.222888E-05
 5.222222E+01  1.180891E-05
 5.414141E+01  1.135535E-05
 5.606061E+01  1.099734E-05
 5.797980E+01  1.065377E-05
 5.989899E+01  1.035270E-05
 6.181818E+01  1.008079E-05
 6.373737E+01  9.800199E-06
 6.565657E+01  9.560667E-06
 6.757576E+01  9.345626E-06
 6.949495E+01  9.127793E-06
 7.141414E+01  8.934759E-06
 7.333333E+01  8.707835E-06
 7.525253E+01  8.504609E-06
 7.717172E+01  8.335859E-06
 7.909091E+01  8.166302E-06
 8.101010E+01  7.982121E-06
 8.292929E+01  7.810815E-06
 8.484848E+01  7.649553E-06
 8.676768E+01  7.491023E-06
 8.868687E+01  7.315434E-06
 9.060606E+01  7.152402E-06
 9.252525E+01  6.988126E-06
 9.444444E+01  6.829040E-06
 9.636364E+01  6.669098E-06
 9.828283E+01  6.502977E-06
 1.002020E+02  6.331172E-06
 1.021212E+02  6.169365E-06
 1.040404E+02  5.998151E-06
 1.059596E+02  5.830478E-06
 1.078788E+02  5.665246E-06
 1.097980E+02  5.494270E-06
 1.117172E+02  5.331373E-06
 1.136364E+02  5.171791E-06
 1.155556E+02  4.993031E-06
 1.174747E+02  4.832956E-06
 1.193939E+02  4.658406E-06
 1.213131E+02  4.511245E-06
 1.232323E+02  4.362671E-06
 1.251515E+02  4.210787E-06
 1.270707E+02  4.075656E-06
 1.289899E+02  3.937274E-06
 1.309091E+02  3.825152E-06
 1.328283E+02  3.746721E-06
 1.347475E+02  3.688685E-06
 1.366667E+02  3.624061E-06
 1.385859E+02  3.570522E-06
 1.405051E+02  3.517502E-06
 1.424242E+02  3.455237E-06
 1.443434E+02  3.395364E-06
 1.462626E+02  3.343961E-06
 1.481818E+02  3.288163E-06
 1.501010E+02  3.227937E-06
 1.520202E+02  3.176370E-06
 1.539394E+02  3.130264E-06
 1.558586E+02  3.075616E-06
 1.577778E+02  3.025635E-06
 1.596970E+02  2.980818E-06
 1.616162E+02  2.931732E-06
 1.635354E+02  2.890215E-06
 1.654545E+02  2.846186E-06
 1.673737E+02  2.794565E-06
 1.692929E+02  2.755285E-06
 1.712121E+02  2.709872E-06
 1.731313E+02  2.673402E-06
 1.750505E+02  2.632349E-06
 1.769697E+02  2.585288E-06
 1.788889E+02  2.552280E-06
 1.808081E+02  2.516343E-06
 1.827273E+02  2.478751E-06
 1.846465E+02  2.438780E-06
 1.865657E+02  2.406884E-06
 1.884848E+02  2.373209E-06
 1.904040E+02  2.335894E-06
 1.923232E+02  2.306004E-06
 1.942424E+02  2.270681E-06
 1.961616E+02  2.233866E-06
 1.980808E+02  2.202248E-06
 2.000000E+02  2.171603E-06
