 1.000000E+01  8.200622E-03
 1.081633E+01  8.405053E-03
 1.163265E+01  9.649111E-03
 1.244898E+01  1.020460E-02
 1.326531E+01  1.062375E-02
 1.408163E+01  1.041128E-02
 1.489796E+01  1.084436E-02
 1.571429E+01  1.085070E-02
 1.653061E+01  1.075173E-02
 1.734694E+01  1.015254E-02
 1.816327E+01  9.714633E-03
 1.897959E+01  7.970469E-03
 1.979592E+01  8.021287E-03
 2.061224E+01  7.144721E-03
 2.142857E+01  5.907924E-03
 2.224490E+01  4.947274E-03
 2.306122E+01  3.809049E-03
 2.387755E+01  2.809943E-03
 2.469388E+01  1.804331E-03
 2.551020E+01  9.718931E-04
 2.632653E+01  3.536392E-04
 2.714286E+01  2.867145E-05
 2.795918E+01  8.146321E-08
 2.877551E+01  7.244887E-08
 2.959184E+01  6.610016E-08
 3.040816E+01  6.163456E-08
 3.122449E+01  5.786374E-08
 3.204082E+01  5.483251E-08
 3.285714E+01  5.213263E-08
 3.367347E+01  4.989496E-08
 3.448980E+01  4.816322E-08
 3.530612E+01  4.627781E-08
 3.612245E+01  4.467117E-08
 3.693878E+01  4.311111E-08
 3.775510E+01  4.177736E-08
 3.857143E+01  4.057235E-08
 3.938776E+01  3.937981E-08
 4.020408E+01  3.831274E-08
 4.102041E+01  3.732299E-08
 4.183673E+01  3.652009E-08
 4.265306E+01  3.557333E-08
 4.346939E+01  3.483946E-08
 4.428571E+01  3.393084E-08
 4.510204E+01  3.322392E-08
 4.591837E+01  3.245232E-08
 4.673469E+01  3.177259E-08
 4.755102E+01  3.100960E-08
 4.836735E+01  3.047704E-08
 4.918367E+01  2.990737E-08
 5.000000E+01  2.932032E-08
