 1.000000E+01  3.465794E-03
 1.081633E+01  4.022113E-03
 1.163265E+01  4.324962E-03
 1.244898E+01  4.894828E-03
 1.326531E+01  5.213274E-03
 1.408163E+01  5.564641E-03
 1.489796E+01  5.946498E-03
 1.571429E+01  6.129758E-03
 1.653061E+01  6.226776E-03
 1.734694E+01  6.678155E-03
 1.816327E+01  6.662761E-03
 1.897959E+01  6.952028E-03
 1.979592E+01  6.955650E-03
 2.061224E+01  7.081796E-03
 2.142857E+01  7.013970E-03
 2.224490E+01  6.998542E-03
 2.306122E+01  6.756422E-03
 2.387755E+01  6.600222E-03
 2.469388E+01  6.245509E-03
 2.551020E+01  5.989010E-03
 2.632653E+01  5.514278E-03
 2.714286E+01  5.199905E-03
 2.795918E+01  4.640400E-03
 2.877551E+01  4.097819E-03
 2.959184E+01  3.644878E-03
 3.040816E+01  2.941709E-03
 3.122449E+01  2.629872E-03
 3.204082E+01  2.098983E-03
 3.285714E+01  1.616811E-03
 3.367347E+01  1.182179E-03
 3.448980E+01  7.429954E-04
 3.530612E+01  4.261448E-04
 3.612245E+01  2.015920E-04
 3.693878E+01  3.184702E-05
 3.775510E+01  5.584932E-08
 3.857143E+01  4.978924E-08
 3.938776E+01  4.625132E-08
 4.020408E+01  4.338094E-08
 4.102041E+01  4.103810E-08
 4.183673E+01  3.911931E-08
 4.265306E+01  3.737619E-08
 4.346939E+01  3.586345E-08
 4.428571E+01  3.485696E-08
 4.510204E+01  3.352626E-08
 4.591837E+01  3.261287E-08
 4.673469E+01  3.149888E-08
 4.755102E+01  3.063714E-08
 4.836735E+01  2.979378E-08
 4.918367E+01  2.904383E-08
 5.000000E+01  2.838362E-08
