10.0 0.0001987288
10.81633 0.0002126633
11.63265 0.0002288902
12.44898 0.0002193446
13.26531 0.0002274204
14.08163 0.0002426642
14.89796 0.0002384974
15.71429 0.0002269908
16.53061 0.000211128
17.34694 0.0001973133
18.16327 0.0001718798
18.97959 0.000154606915589737
19.79592 0.0001239235
20.61224 9.814888e-05
21.42857 7.182498e-05
22.2449 4.695968e-05
23.06122 2.537194e-05
23.87755 9.099874e-06
24.69388 7.626562e-07
25.5102 1.79045e-09
26.32653 1.582243e-09
27.14286 1.435e-09
27.95918 1.333877e-09
28.77551 1.252418e-09
29.59184 1.184013e-09
30.40816 1.122659e-09
31.22449 1.074337e-09
32.04082 1.029013e-09
32.85714 9.92821e-10
33.67347 9.550904e-10
34.4898 9.238007e-10
35.30612 8.95082e-10
36.12245 8.674639e-10
36.93878 8.400118e-10
37.7551 8.17031e-10
38.57143 7.953611e-10
39.38776 7.757413e-10
40.20408 7.551291e-10
41.02041 7.377176e-10
41.83673 7.174013e-10
42.65306 7.039505e-10
43.46939 6.880845e-10
44.28571 6.70088e-10
45.10204 6.553263e-10
45.91837 6.422114e-10
46.73469 6.291163e-10
47.55102 6.165787e-10
48.36735 6.031052e-10
49.18367 5.925897e-10
50.0 5.8142e-10
