 1.000000E+01  2.022374E-03
 1.081633E+01  2.231981E-03
 1.163265E+01  2.444447E-03
 1.244898E+01  2.566840E-03
 1.326531E+01  2.716164E-03
 1.408163E+01  2.534556E-03
 1.489796E+01  2.882510E-03
 1.571429E+01  2.891745E-03
 1.653061E+01  2.860005E-03
 1.734694E+01  2.874041E-03
 1.816327E+01  2.731715E-03
 1.897959E+01  2.287801E-03
 1.979592E+01  2.432935E-03
 2.061224E+01  2.498697E-03
 2.142857E+01  1.974856E-03
 2.224490E+01  1.723610E-03
 2.306122E+01  1.433457E-03
 2.387755E+01  1.151642E-03
 2.469388E+01  8.727636E-04
 2.551020E+01  6.114610E-04
 2.632653E+01  3.787738E-04
 2.714286E+01  1.652301E-04
 2.795918E+01  5.650061E-05
 2.877551E+01  6.493551E-07
 2.959184E+01  2.080007E-08
 3.040816E+01  1.884464E-08
 3.122449E+01  1.746022E-08
 3.204082E+01  1.634286E-08
 3.285714E+01  1.537044E-08
 3.367347E+01  1.460517E-08
 3.448980E+01  1.397211E-08
 3.530612E+01  1.335684E-08
 3.612245E+01  1.287123E-08
 3.693878E+01  1.237882E-08
 3.775510E+01  1.195124E-08
 3.857143E+01  1.157876E-08
 3.938776E+01  1.124371E-08
 4.020408E+01  1.097936E-08
 4.102041E+01  1.066689E-08
 4.183673E+01  1.033385E-08
 4.265306E+01  1.007605E-08
 4.346939E+01  9.856680E-09
 4.428571E+01  9.599577E-09
 4.510204E+01  9.396300E-09
 4.591837E+01  9.137070E-09
 4.673469E+01  8.963653E-09
 4.755102E+01  8.791832E-09
 4.836735E+01  8.592132E-09
 4.918367E+01  8.431277E-09
 5.000000E+01  8.269790E-09
