10.0 0.0006882071
10.81633 0.0008317648
11.63265 0.0008966202
12.44898 0.001005989
13.26531 0.001060808
14.08163 0.001092336963074566
14.89796 0.001186282
15.71429 0.001207321
16.53061 0.001283556
17.34694 0.001271882
18.16327 0.001276386
18.97959 0.001186367
19.79592 0.00129575
20.61224 0.001234192
21.42857 0.001172723
22.2449 0.001097184
23.06122 0.001058814
23.87755 0.0009808157
24.69388 0.0008368291
25.5102 0.0007915155
26.32653 0.0007029998
27.14286 0.0005757165
27.95918 0.0004634419
28.77551 0.0003734587
29.59184 0.0002774109
30.40816 0.00016897623541545857
31.22449 0.0001138368
32.04082 5.169708e-05
32.85714 1.243287e-05
33.67347 1.069692e-08
34.4898 9.183716e-09
35.30612 8.418651e-09
36.12245 7.832909e-09
36.93878 7.375144e-09
37.7551 6.97769e-09
38.57143 6.644074e-09
39.38776 6.421558e-09
40.20408 6.126499e-09
41.02041 5.927812e-09
41.83673 5.740211e-09
42.65306 5.577678e-09
43.46939 5.396951e-09
44.28571 5.223016e-09
45.10204 5.099654e-09
45.91837 4.967333e-09
46.73469 4.860297e-09
47.55102 4.71675e-09
48.36735 4.612245e-09
49.18367 4.511546e-09
50.0 4.42728e-09
