 1.000000E+01  7.295830E-03
 1.081633E+01  7.021039E-03
 1.163265E+01  9.179604E-03
 1.244898E+01  1.040175E-02
 1.326531E+01  1.035991E-02
 1.408163E+01  1.213373E-02
 1.489796E+01  1.287210E-02
 1.571429E+01  1.355847E-02
 1.653061E+01  1.428649E-02
 1.734694E+01  1.491002E-02
 1.816327E+01  1.537301E-02
 1.897959E+01  1.578609E-02
 1.979592E+01  1.619831E-02
 2.061224E+01  1.614950E-02
 2.142857E+01  1.615806E-02
 2.224490E+01  1.656784E-02
 2.306122E+01  1.681748E-02
 2.387755E+01  1.626209E-02
 2.469388E+01  1.573549E-02
 2.551020E+01  1.538989E-02
 2.632653E+01  1.462307E-02
 2.714286E+01  1.351236E-02
 2.795918E+01  1.328641E-02
 2.877551E+01  1.231429E-02
 2.959184E+01  1.125711E-02
 3.040816E+01  1.013290E-02
 3.122449E+01  9.305454E-03
 3.204082E+01  8.100951E-03
 3.285714E+01  7.217862E-03
 3.367347E+01  5.892114E-03
 3.448980E+01  4.619682E-03
 3.530612E+01  3.693101E-03
 3.612245E+01  2.778930E-03
 3.693878E+01  1.810442E-03
 3.775510E+01  1.017175E-03
 3.857143E+01  5.041003E-04
 3.938776E+01  1.290486E-04
 4.020408E+01  1.373048E-07
 4.102041E+01  1.211077E-07
 4.183673E+01  1.110479E-07
 4.265306E+01  1.042469E-07
 4.346939E+01  9.872609E-08
 4.428571E+01  9.439306E-08
 4.510204E+01  8.966521E-08
 4.591837E+01  8.666351E-08
 4.673469E+01  8.327452E-08
 4.755102E+01  8.079742E-08
 4.836735E+01  7.826241E-08
 4.918367E+01  7.616262E-08
 5.000000E+01  7.373693E-08
