 1.000000E+01  7.298630E-04
 1.081633E+01  8.427214E-04
 1.163265E+01  9.289401E-04
 1.244898E+01  9.651181E-04
 1.326531E+01  1.070982E-03
 1.408163E+01  1.127545E-03
 1.489796E+01  1.193787E-03
 1.571429E+01  1.226019E-03
 1.653061E+01  1.231887E-03
 1.734694E+01  1.288009E-03
 1.816327E+01  1.290057E-03
 1.897959E+01  1.292192E-03
 1.979592E+01  1.269990E-03
 2.061224E+01  1.219732E-03
 2.142857E+01  1.185562E-03
 2.224490E+01  1.134635E-03
 2.306122E+01  1.062047E-03
 2.387755E+01  9.866013E-04
 2.469388E+01  8.677250E-04
 2.551020E+01  7.903583E-04
 2.632653E+01  6.988375E-04
 2.714286E+01  5.884477E-04
 2.795918E+01  4.843385E-04
 2.877551E+01  3.680251E-04
 2.959184E+01  2.798336E-04
 3.040816E+01  1.901146E-04
 3.122449E+01  1.128888E-04
 3.204082E+01  5.119389E-05
 3.285714E+01  1.237198E-05
 3.367347E+01  1.056323E-08
 3.448980E+01  9.189980E-09
 3.530612E+01  8.458858E-09
 3.612245E+01  8.009642E-09
 3.693878E+01  7.379662E-09
 3.775510E+01  6.982544E-09
 3.857143E+01  6.650892E-09
 3.938776E+01  6.422904E-09
 4.020408E+01  6.157725E-09
 4.102041E+01  5.946792E-09
 4.183673E+01  5.748590E-09
 4.265306E+01  5.537386E-09
 4.346939E+01  5.388390E-09
 4.428571E+01  5.222163E-09
 4.510204E+01  5.091666E-09
 4.591837E+01  4.957125E-09
 4.673469E+01  4.838054E-09
 4.755102E+01  4.731287E-09
 4.836735E+01  4.620423E-09
 4.918367E+01  4.515115E-09
 5.000000E+01  4.418020E-09
