 1.000000E+01  2.093667E-03
 1.081633E+01  2.211454E-03
 1.163265E+01  2.121347E-03
 1.244898E+01  2.438463E-03
 1.326531E+01  2.749227E-03
 1.408163E+01  2.828554E-03
 1.489796E+01  2.914684E-03
 1.571429E+01  2.553804E-03
 1.653061E+01  2.898145E-03
 1.734694E+01  2.762583E-03
 1.816327E+01  2.739315E-03
 1.897959E+01  2.554444E-03
 1.979592E+01  2.377978E-03
 2.061224E+01  2.196957E-03
 2.142857E+01  1.971163E-03
 2.224490E+01  1.698206E-03
 2.306122E+01  1.418837E-03
 2.387755E+01  1.159107E-03
 2.469388E+01  8.755632E-04
 2.551020E+01  6.176548E-04
 2.632653E+01  3.803267E-04
 2.714286E+01  1.910388E-04
 2.795918E+01  5.686242E-05
 2.877551E+01  6.396433E-07
 2.959184E+01  2.098334E-08
 3.040816E+01  1.885608E-08
 3.122449E+01  1.739893E-08
 3.204082E+01  1.633172E-08
 3.285714E+01  1.544307E-08
 3.367347E+01  1.460161E-08
 3.448980E+01  1.393728E-08
 3.530612E+01  1.336284E-08
 3.612245E+01  1.286879E-08
 3.693878E+01  1.238606E-08
 3.775510E+01  1.196323E-08
 3.857143E+01  1.156596E-08
 3.938776E+01  1.124431E-08
 4.020408E+01  1.093748E-08
 4.102041E+01  1.062836E-08
 4.183673E+01  1.030853E-08
 4.265306E+01  1.006778E-08
 4.346939E+01  9.837054E-09
 4.428571E+01  9.612754E-09
 4.510204E+01  9.373650E-09
 4.591837E+01  9.195511E-09
 4.673469E+01  8.991323E-09
 4.755102E+01  8.788463E-09
 4.836735E+01  8.588710E-09
 4.918367E+01  8.432849E-09
 5.000000E+01  8.263242E-09
