10.0 0.006710702
10.81633 0.00831969
11.63265 0.00915171
12.44898 0.009800551
13.26531 0.01112214
14.08163 0.01197745
14.89796 0.01282898
15.71429 0.01357129
16.53061 0.01409369
17.34694 0.01488948
18.16327 0.0151888
18.97959 0.01588234
19.79592 0.01621843
20.61224 0.01631386
21.42857 0.01695423588513483
22.2449 0.01644018
23.06122 0.01623307
23.87755 0.016299191523920037
24.69388 0.01585676
25.5102 0.0152336
26.32653 0.01469573
27.14286 0.01402987
27.95918 0.01309876
28.77551 0.01212364
29.59184 0.0113396
30.40816 0.01036339
31.22449 0.009240452
32.04082 0.00786379
32.85714 0.006808591
33.67347 0.006068324
34.4898 0.004778332
35.30612 0.003673236
36.12245 0.002720624
36.93878 0.001822925
37.7551 0.001090781
38.57143 0.0005007604
39.38776 0.000131283
40.20408 1.392797e-07
41.02041 1.209947e-07
41.83673 1.11339e-07
42.65306 1.046702e-07
43.46939 9.828741e-08
44.28571 9.286328e-08
45.10204 9.002032e-08
45.91837 8.665816e-08
46.73469 8.346663e-08
47.55102 8.069116e-08
48.36735 7.800971e-08
49.18367 7.568137e-08
50.0 7.369654e-08
