 1.000000E+01  2.842930E-04
 1.081633E+01  3.370227E-04
 1.163265E+01  3.734206E-04
 1.244898E+01  3.926558E-04
 1.326531E+01  4.628994E-04
 1.408163E+01  5.178901E-04
 1.489796E+01  5.515919E-04
 1.571429E+01  6.004068E-04
 1.653061E+01  6.318838E-04
 1.734694E+01  6.825499E-04
 1.816327E+01  7.022696E-04
 1.897959E+01  7.669467E-04
 1.979592E+01  7.982040E-04
 2.061224E+01  8.351485E-04
 2.142857E+01  7.745491E-04
 2.224490E+01  8.830311E-04
 2.306122E+01  9.154104E-04
 2.387755E+01  9.451055E-04
 2.469388E+01  9.324403E-04
 2.551020E+01  9.585634E-04
 2.632653E+01  9.436441E-04
 2.714286E+01  9.778439E-04
 2.795918E+01  9.883230E-04
 2.877551E+01  9.569963E-04
 2.959184E+01  9.563721E-04
 3.040816E+01  9.066570E-04
 3.122449E+01  9.182562E-04
 3.204082E+01  8.955706E-04
 3.285714E+01  8.512760E-04
 3.367347E+01  8.398078E-04
 3.448980E+01  7.995715E-04
 3.530612E+01  7.554946E-04
 3.612245E+01  7.011792E-04
 3.693878E+01  6.506381E-04
 3.775510E+01  6.744473E-04
 3.857143E+01  5.581865E-04
 3.938776E+01  4.919686E-04
 4.020408E+01  4.509232E-04
 4.102041E+01  4.050736E-04
 4.183673E+01  3.550795E-04
 4.265306E+01  2.949255E-04
 4.346939E+01  2.480546E-04
 4.428571E+01  2.093340E-04
 4.510204E+01  1.546041E-04
 4.591837E+01  1.119106E-04
 4.673469E+01  7.419419E-05
 4.755102E+01  4.248042E-05
 4.836735E+01  2.014593E-05
 4.918367E+01  5.306444E-06
 5.000000E+01  8.195696E-09
