 1.000000E+01  2.917417E-04
 1.081633E+01  3.370533E-04
 1.163265E+01  3.844469E-04
 1.244898E+01  4.319215E-04
 1.326531E+01  4.580726E-04
 1.408163E+01  5.117896E-04
 1.489796E+01  5.735230E-04
 1.571429E+01  5.979212E-04
 1.653061E+01  6.158473E-04
 1.734694E+01  6.903599E-04
 1.816327E+01  7.178245E-04
 1.897959E+01  7.648649E-04
 1.979592E+01  7.840867E-04
 2.061224E+01  8.319688E-04
 2.142857E+01  8.667929E-04
 2.224490E+01  8.754667E-04
 2.306122E+01  9.099304E-04
 2.387755E+01  9.398268E-04
 2.469388E+01  9.407151E-04
 2.551020E+01  9.589494E-04
 2.632653E+01  9.611096E-04
 2.714286E+01  9.706788E-04
 2.795918E+01  9.639423E-04
 2.877551E+01  9.663145E-04
 2.959184E+01  9.397482E-04
 3.040816E+01  9.185190E-04
 3.122449E+01  8.835490E-04
 3.204082E+01  8.859967E-04
 3.285714E+01  8.696173E-04
 3.367347E+01  8.300442E-04
 3.448980E+01  7.955600E-04
 3.530612E+01  7.458882E-04
 3.612245E+01  7.107344E-04
 3.693878E+01  6.555528E-04
 3.775510E+01  6.237297E-04
 3.857143E+01  5.694600E-04
 3.938776E+01  5.099136E-04
 4.020408E+01  4.584178E-04
 4.102041E+01  4.018851E-04
 4.183673E+01  3.519756E-04
 4.265306E+01  3.019733E-04
 4.346939E+01  2.497054E-04
 4.428571E+01  1.966971E-04
 4.510204E+01  1.533444E-04
 4.591837E+01  1.121425E-04
 4.673469E+01  7.430890E-05
 4.755102E+01  4.327918E-05
 4.836735E+01  1.905539E-05
 4.918367E+01  5.271089E-06
 5.000000E+01  8.244362E-09
