10.0 0.001839404
10.81633 0.001764249
11.63265 0.001544807
12.44898 0.001462115
13.26531 0.001350803
14.08163 0.001178911
14.89796 0.001052063
15.71429 0.0009857764
16.53061 0.0008663029
17.34694 0.0005982729
18.16327 0.0006236903
18.97959 0.000564946
19.79592 0.0004109535845392017
20.61224 0.0003982958
21.42857 0.0003201346
22.2449 0.0002996125
23.06122 0.0002022112
23.87755 0.0001476776
24.69388 0.0001118395
25.5102 7.884497e-05
26.32653 5.236223e-05
27.14286 3.177054e-05
27.95918 1.661242e-05
28.77551 8.022377e-06
29.59184 2.60184e-06
30.40816 4.458675e-07
31.22449 1.19341e-08
32.04082 9.626019e-09
32.85714 9.216392e-09
33.67347 8.872797e-09
34.4898 8.603135e-09
35.30612 8.242304e-09
36.12245 7.991324e-09
36.93878 7.709414e-09
37.7551 7.541682e-09
38.57143 7.298888e-09
39.38776 7.095166e-09
40.20408 6.911517e-09
41.02041 6.689865e-09
41.83673 6.526516e-09
42.65306 6.305444e-09
43.46939 6.199966e-09
44.28571 6.054473e-09
45.10204 5.891529e-09
45.91837 5.755433e-09
46.73469 5.614954e-09
47.55102 5.503403e-09
48.36735 5.375324e-09
49.18367 5.232703e-09
50.0 5.146734e-09
