10.0 0.001535097
10.81633 0.001426089468128793
11.63265 0.001212562
12.44898 0.001059948
13.26531 0.0009858327
14.08163 0.0008420085
14.89796 0.0006678634
15.71429 0.0006189859
16.53061 0.0005743449
17.34694 0.000426408
18.16327 0.0003167482
18.97959 0.0002671307
19.79592 0.00019595370865696111
20.61224 0.000147786
21.42857 0.0001021309
22.2449 6.782711e-05
23.06122 4.122073e-05
23.87755 2.186845e-05
24.69388 9.739677e-06
25.5102 3.183911e-06
26.32653 4.713919e-07
27.14286 1.000525e-08
27.95918 9.181517e-09
28.77551 8.791734e-09
29.59184 8.375038e-09
30.40816 8.041614e-09
31.22449 7.770551e-09
32.04082 7.461282e-09
32.85714 7.21628e-09
33.67347 6.995885e-09
34.4898 6.74815e-09
35.30612 6.540984e-09
36.12245 6.343077e-09
36.93878 6.154692e-09
37.7551 5.979402e-09
38.57143 5.789218e-09
39.38776 5.640408e-09
40.20408 5.498002e-09
41.02041 5.331962e-09
41.83673 5.182997e-09
42.65306 5.070172e-09
43.46939 4.921062e-09
44.28571 4.804023e-09
45.10204 4.68461e-09
45.91837 4.562858e-09
46.73469 4.453865e-09
47.55102 4.340748e-09
48.36735 4.245781e-09
49.18367 4.149274e-09
50.0 4.049343e-09
