10.0 0.001733744
10.81633 0.001707535
11.63265 0.001529135
12.44898 0.001468968029648793
13.26531 0.001309296
14.08163 0.001172329
14.89796 0.001010094
15.71429 0.0009563537
16.53061 0.0008515875
17.34694 0.0007145881
18.16327 0.0006542006
18.97959 0.0005615912
19.79592 0.000436037575097974
20.61224 0.0003934376
21.42857 0.0003247998
22.2449 0.0002621907
23.06122 0.0002014744
23.87755 0.0001520922
24.69388 0.0001118658
25.5102 8.071935e-05
26.32653 5.246486e-05
27.14286 2.745874e-05
27.95918 1.698388e-05
28.77551 7.79731e-06
29.59184 2.638424e-06
30.40816 4.145433e-07
31.22449 1.197721e-08
32.04082 9.596166e-09
32.85714 9.25279e-09
33.67347 8.946898e-09
34.4898 8.592387e-09
35.30612 8.266765e-09
36.12245 8.014565e-09
36.93878 7.775156e-09
37.7551 7.518701e-09
38.57143 7.356649e-09
39.38776 7.071423e-09
40.20408 6.881133e-09
41.02041 6.734621e-09
41.83673 6.537668e-09
42.65306 6.368985e-09
43.46939 6.205735e-09
44.28571 6.033931e-09
45.10204 5.915558e-09
45.91837 5.757782e-09
46.73469 5.590384e-09
47.55102 5.491317e-09
48.36735 5.364227e-09
49.18367 5.241477e-09
50.0 5.134191e-09
