 1.000000E+01  1.571893E-03
 1.081633E+01  1.382357E-03
 1.163265E+01  1.256734E-03
 1.244898E+01  1.112126E-03
 1.326531E+01  9.809331E-04
 1.408163E+01  8.663998E-04
 1.489796E+01  7.340738E-04
 1.571429E+01  6.199292E-04
 1.653061E+01  5.246619E-04
 1.734694E+01  4.053606E-04
 1.816327E+01  3.416964E-04
 1.897959E+01  2.705887E-04
 1.979592E+01  2.072762E-04
 2.061224E+01  1.511743E-04
 2.142857E+01  1.042227E-04
 2.224490E+01  6.791515E-05
 2.306122E+01  4.115847E-05
 2.387755E+01  2.215819E-05
 2.469388E+01  9.667705E-06
 2.551020E+01  3.124974E-06
 2.632653E+01  4.708163E-07
 2.714286E+01  9.914201E-09
 2.795918E+01  9.125423E-09
 2.877551E+01  8.767874E-09
 2.959184E+01  8.397553E-09
 3.040816E+01  8.053654E-09
 3.122449E+01  7.770110E-09
 3.204082E+01  7.413929E-09
 3.285714E+01  7.246204E-09
 3.367347E+01  6.961055E-09
 3.448980E+01  6.758870E-09
 3.530612E+01  6.534271E-09
 3.612245E+01  6.352989E-09
 3.693878E+01  6.140904E-09
 3.775510E+01  5.972745E-09
 3.857143E+01  5.787414E-09
 3.938776E+01  5.631078E-09
 4.020408E+01  5.461829E-09
 4.102041E+01  5.332346E-09
 4.183673E+01  5.172402E-09
 4.265306E+01  5.060903E-09
 4.346939E+01  4.923377E-09
 4.428571E+01  4.778451E-09
 4.510204E+01  4.671999E-09
 4.591837E+01  4.557740E-09
 4.673469E+01  4.428631E-09
 4.755102E+01  4.350743E-09
 4.836735E+01  4.245180E-09
 4.918367E+01  4.155555E-09
 5.000000E+01  4.044175E-09
