 1.000000E+01  1.423729E-01
 1.081633E+01  1.241120E-01
 1.163265E+01  1.118543E-01
 1.244898E+01  9.686509E-02
 1.326531E+01  8.606235E-02
 1.408163E+01  7.269244E-02
 1.489796E+01  6.232412E-02
 1.571429E+01  5.110538E-02
 1.653061E+01  4.204271E-02
 1.734694E+01  3.101883E-02
 1.816327E+01  2.406705E-02
 1.897959E+01  1.896220E-02
 1.979592E+01  1.361787E-02
 2.061224E+01  9.209065E-03
 2.142857E+01  5.479459E-03
 2.224490E+01  3.184025E-03
 2.306122E+01  1.616744E-03
 2.387755E+01  5.303333E-04
 2.469388E+01  1.431591E-04
 2.551020E+01  7.180593E-06
 2.632653E+01  9.160326E-07
 2.714286E+01  8.781575E-07
 2.795918E+01  8.403310E-07
 2.877551E+01  7.998618E-07
 2.959184E+01  7.678829E-07
 3.040816E+01  7.415346E-07
 3.122449E+01  7.159976E-07
 3.204082E+01  6.914913E-07
 3.285714E+01  6.667051E-07
 3.367347E+01  6.445652E-07
 3.448980E+01  6.206478E-07
 3.530612E+01  6.028281E-07
 3.612245E+01  5.839738E-07
 3.693878E+01  5.664795E-07
 3.775510E+01  5.507772E-07
 3.857143E+01  5.325944E-07
 3.938776E+01  5.179723E-07
 4.020408E+01  5.068022E-07
 4.102041E+01  4.911894E-07
 4.183673E+01  4.769602E-07
 4.265306E+01  4.651010E-07
 4.346939E+01  4.528292E-07
 4.428571E+01  4.421747E-07
 4.510204E+01  4.298617E-07
 4.591837E+01  4.194389E-07
 4.673469E+01  4.091834E-07
 4.755102E+01  3.976873E-07
 4.836735E+01  3.895305E-07
 4.918367E+01  3.811275E-07
 5.000000E+01  3.733595E-07
