10.0 0.1392133
10.81633 0.12241637804071735
11.63265 0.11171732014087564
12.44898 0.09917569
13.26531 0.08617059005349852
14.08163 0.07336887
14.89796 0.06253511
15.71429 0.05145653
16.53061 0.04222143
17.34694 0.03285527
18.16327 0.025033116340117345
18.97959 0.01896591
19.79592 0.01355303
20.61224 0.009195081
21.42857 0.005530649
22.2449 0.003210222
23.06122 0.001596807
23.87755 0.0006148295
24.69388 0.0001430959
25.5102 7.332891e-06
26.32653 9.220633e-07
27.14286 8.791406e-07
27.95918 8.400897e-07
28.77551 8.055055e-07
29.59184 7.729407e-07
30.40816 7.394396e-07
31.22449 7.142161e-07
32.04082 6.906844e-07
32.85714 6.675221e-07
33.67347 6.412927e-07
34.4898 6.201901e-07
35.30612 6.030764e-07
36.12245 5.838982e-07
36.93878 5.65692e-07
37.7551 5.50553e-07
38.57143 5.349832e-07
39.38776 5.196193e-07
40.20408 5.043834e-07
41.02041 4.895366e-07
41.83673 4.77907e-07
42.65306 4.649822e-07
43.46939 4.543149e-07
44.28571 4.414398e-07
45.10204 4.27767e-07
45.91837 4.215083e-07
46.73469 4.092791e-07
47.55102 3.996657e-07
48.36735 3.924465e-07
49.18367 3.826249e-07
50.0 3.69965e-07
