 1.000000E+01  1.519801E-03
 1.191919E+01  3.036375E-03
 1.383838E+01  5.421140E-03
 1.575758E+01  8.889189E-03
 1.767677E+01  1.365718E-02
 1.959596E+01  1.990391E-02
 2.151515E+01  2.768563E-02
 2.343434E+01  3.733096E-02
 2.535354E+01  4.817591E-02
 2.727273E+01  5.998359E-02
 2.919192E+01  7.228489E-02
 3.111111E+01  8.232739E-02
 3.303030E+01  8.815624E-02
 3.494949E+01  8.500817E-02
 3.686869E+01  5.285248E-02
 3.878788E+01  5.579474E-07
 4.070707E+01  3.174088E-07
 4.262626E+01  2.357074E-07
 4.454545E+01  1.926422E-07
 4.646465E+01  1.654850E-07
 4.838384E+01  1.459142E-07
 5.030303E+01  1.321242E-07
 5.222222E+01  1.212146E-07
 5.414141E+01  1.125813E-07
 5.606061E+01  1.052879E-07
 5.797980E+01  9.923706E-08
 5.989899E+01  9.428048E-08
 6.181818E+01  8.987109E-08
 6.373737E+01  8.606535E-08
 6.565657E+01  8.248455E-08
 6.757576E+01  7.934038E-08
 6.949495E+01  7.657613E-08
 7.141414E+01  7.391869E-08
 7.333333E+01  7.150300E-08
 7.525253E+01  6.955524E-08
 7.717172E+01  6.730217E-08
 7.909091E+01  6.548724E-08
 8.101010E+01  6.359356E-08
 8.292929E+01  6.189421E-08
 8.484848E+01  6.045969E-08
 8.676768E+01  5.887973E-08
 8.868687E+01  5.747881E-08
 9.060606E+01  5.622135E-08
 9.252525E+01  5.484662E-08
 9.444444E+01  5.361848E-08
 9.636364E+01  5.237508E-08
 9.828283E+01  5.137272E-08
 1.002020E+02  5.020093E-08
 1.021212E+02  4.928438E-08
 1.040404E+02  4.819526E-08
 1.059596E+02  4.726648E-08
 1.078788E+02  4.637618E-08
 1.097980E+02  4.544883E-08
 1.117172E+02  4.466161E-08
 1.136364E+02  4.379192E-08
 1.155556E+02  4.299094E-08
 1.174747E+02  4.228891E-08
 1.193939E+02  4.149866E-08
 1.213131E+02  4.075530E-08
 1.232323E+02  3.997453E-08
 1.251515E+02  3.934646E-08
 1.270707E+02  3.867551E-08
 1.289899E+02  3.799364E-08
 1.309091E+02  3.733637E-08
 1.328283E+02  3.674300E-08
 1.347475E+02  3.616140E-08
 1.366667E+02  3.557936E-08
 1.385859E+02  3.497743E-08
 1.405051E+02  3.446783E-08
 1.424242E+02  3.390387E-08
 1.443434E+02  3.337653E-08
 1.462626E+02  3.282446E-08
 1.481818E+02  3.230560E-08
 1.501010E+02  3.184041E-08
 1.520202E+02  3.131581E-08
 1.539394E+02  3.085179E-08
 1.558586E+02  3.038945E-08
 1.577778E+02  2.992157E-08
 1.596970E+02  2.951474E-08
 1.616162E+02  2.909312E-08
 1.635354E+02  2.866741E-08
 1.654545E+02  2.825659E-08
 1.673737E+02  2.783694E-08
 1.692929E+02  2.743528E-08
 1.712121E+02  2.702431E-08
 1.731313E+02  2.663216E-08
 1.750505E+02  2.631354E-08
 1.769697E+02  2.593130E-08
 1.788889E+02  2.556698E-08
 1.808081E+02  2.521867E-08
 1.827273E+02  2.482009E-08
 1.846465E+02  2.450490E-08
 1.865657E+02  2.421136E-08
 1.884848E+02  2.384801E-08
 1.904040E+02  2.358699E-08
 1.923232E+02  2.324961E-08
 1.942424E+02  2.292401E-08
 1.961616E+02  2.260963E-08
 1.980808E+02  2.235215E-08
 2.000000E+02  2.205812E-08
