 1.000000E+01  6.970813E-03
 1.191919E+01  1.384571E-02
 1.383838E+01  2.468659E-02
 1.575758E+01  4.092273E-02
 1.767677E+01  6.370887E-02
 1.959596E+01  9.373895E-02
 2.151515E+01  1.326742E-01
 2.343434E+01  1.800236E-01
 2.535354E+01  2.395311E-01
 2.727273E+01  3.057059E-01
 2.919192E+01  3.815354E-01
 3.111111E+01  4.635594E-01
 3.303030E+01  5.473270E-01
 3.494949E+01  6.258417E-01
 3.686869E+01  6.818261E-01
 3.878788E+01  7.084990E-01
 4.070707E+01  6.575676E-01
 4.262626E+01  4.081412E-01
 4.454545E+01  4.957299E-06
 4.646465E+01  2.803000E-06
 4.838384E+01  2.077494E-06
 5.030303E+01  1.693720E-06
 5.222222E+01  1.451270E-06
 5.414141E+01  1.280632E-06
 5.606061E+01  1.158319E-06
 5.797980E+01  1.060697E-06
 5.989899E+01  9.830747E-07
 6.181818E+01  9.217680E-07
 6.373737E+01  8.678990E-07
 6.565657E+01  8.224485E-07
 6.757576E+01  7.829486E-07
 6.949495E+01  7.492651E-07
 7.141414E+01  7.195849E-07
 7.333333E+01  6.911583E-07
 7.525253E+01  6.657346E-07
 7.717172E+01  6.443065E-07
 7.909091E+01  6.227130E-07
 8.101010E+01  6.049767E-07
 8.292929E+01  5.877046E-07
 8.484848E+01  5.707876E-07
 8.676768E+01  5.555003E-07
 8.868687E+01  5.424094E-07
 9.060606E+01  5.278655E-07
 9.252525E+01  5.154036E-07
 9.444444E+01  5.033085E-07
 9.636364E+01  4.928529E-07
 9.828283E+01  4.808055E-07
 1.002020E+02  4.706557E-07
 1.021212E+02  4.615911E-07
 1.040404E+02  4.531087E-07
 1.059596E+02  4.430705E-07
 1.078788E+02  4.344323E-07
 1.097980E+02  4.263644E-07
 1.117172E+02  4.179335E-07
 1.136364E+02  4.098954E-07
 1.155556E+02  4.024210E-07
 1.174747E+02  3.953773E-07
 1.193939E+02  3.886068E-07
 1.213131E+02  3.824828E-07
 1.232323E+02  3.760160E-07
 1.251515E+02  3.689036E-07
 1.270707E+02  3.629984E-07
 1.289899E+02  3.570593E-07
 1.309091E+02  3.514278E-07
 1.328283E+02  3.453712E-07
 1.347475E+02  3.399395E-07
 1.366667E+02  3.352907E-07
 1.385859E+02  3.296753E-07
 1.405051E+02  3.247788E-07
 1.424242E+02  3.204002E-07
 1.443434E+02  3.153521E-07
 1.462626E+02  3.105318E-07
 1.481818E+02  3.060805E-07
 1.501010E+02  3.013153E-07
 1.520202E+02  2.972937E-07
 1.539394E+02  2.920539E-07
 1.558586E+02  2.889795E-07
 1.577778E+02  2.846490E-07
 1.596970E+02  2.798429E-07
 1.616162E+02  2.765452E-07
 1.635354E+02  2.730044E-07
 1.654545E+02  2.691169E-07
 1.673737E+02  2.654100E-07
 1.692929E+02  2.616510E-07
 1.712121E+02  2.581995E-07
 1.731313E+02  2.549765E-07
 1.750505E+02  2.518648E-07
 1.769697E+02  2.479267E-07
 1.788889E+02  2.451400E-07
 1.808081E+02  2.417439E-07
 1.827273E+02  2.389792E-07
 1.846465E+02  2.353934E-07
 1.865657E+02  2.323077E-07
 1.884848E+02  2.297301E-07
 1.904040E+02  2.269417E-07
 1.923232E+02  2.238140E-07
 1.942424E+02  2.208815E-07
 1.961616E+02  2.185012E-07
 1.980808E+02  2.156917E-07
 2.000000E+02  2.129865E-07
