 1.000000E+01  7.852736E-04
 1.191919E+01  1.582055E-03
 1.383838E+01  2.837618E-03
 1.575758E+01  4.765435E-03
 1.767677E+01  7.532570E-03
 1.959596E+01  1.124418E-02
 2.151515E+01  1.628804E-02
 2.343434E+01  2.269437E-02
 2.535354E+01  3.089502E-02
 2.727273E+01  4.080121E-02
 2.919192E+01  5.305788E-02
 3.111111E+01  6.724998E-02
 3.303030E+01  8.435131E-02
 3.494949E+01  1.046976E-01
 3.686869E+01  1.277884E-01
 3.878788E+01  1.539257E-01
 4.070707E+01  1.821472E-01
 4.262626E+01  2.151076E-01
 4.454545E+01  2.514414E-01
 4.646465E+01  2.893015E-01
 4.838384E+01  3.314607E-01
 5.030303E+01  3.752220E-01
 5.222222E+01  4.217382E-01
 5.414141E+01  4.697934E-01
 5.606061E+01  5.182475E-01
 5.797980E+01  5.632553E-01
 5.989899E+01  6.108233E-01
 6.181818E+01  6.501435E-01
 6.373737E+01  6.812275E-01
 6.565657E+01  7.021557E-01
 6.757576E+01  7.085740E-01
 6.949495E+01  6.871499E-01
 7.141414E+01  6.201076E-01
 7.333333E+01  4.751374E-01
 7.525253E+01  1.628736E-05
 7.717172E+01  4.931129E-06
 7.909091E+01  3.372568E-06
 8.101010E+01  2.657173E-06
 8.292929E+01  2.220221E-06
 8.484848E+01  1.928560E-06
 8.676768E+01  1.728372E-06
 8.868687E+01  1.566635E-06
 9.060606E+01  1.441563E-06
 9.252525E+01  1.338708E-06
 9.444444E+01  1.252589E-06
 9.636364E+01  1.180820E-06
 9.828283E+01  1.121510E-06
 1.002020E+02  1.066685E-06
 1.021212E+02  1.020645E-06
 1.040404E+02  9.776934E-07
 1.059596E+02  9.410746E-07
 1.078788E+02  9.080113E-07
 1.097980E+02  8.756587E-07
 1.117172E+02  8.502660E-07
 1.136364E+02  8.237338E-07
 1.155556E+02  7.989693E-07
 1.174747E+02  7.784228E-07
 1.193939E+02  7.572054E-07
 1.213131E+02  7.396288E-07
 1.232323E+02  7.226295E-07
 1.251515E+02  7.064733E-07
 1.270707E+02  6.890096E-07
 1.289899E+02  6.766703E-07
 1.309091E+02  6.617022E-07
 1.328283E+02  6.487263E-07
 1.347475E+02  6.383094E-07
 1.366667E+02  6.252128E-07
 1.385859E+02  6.140666E-07
 1.405051E+02  6.030329E-07
 1.424242E+02  5.928980E-07
 1.443434E+02  5.849124E-07
 1.462626E+02  5.747002E-07
 1.481818E+02  5.654086E-07
 1.501010E+02  5.560522E-07
 1.520202E+02  5.481809E-07
 1.539394E+02  5.407910E-07
 1.558586E+02  5.324636E-07
 1.577778E+02  5.244889E-07
 1.596970E+02  5.169289E-07
 1.616162E+02  5.099470E-07
 1.635354E+02  5.041551E-07
 1.654545E+02  4.968363E-07
 1.673737E+02  4.913059E-07
 1.692929E+02  4.840213E-07
 1.712121E+02  4.773094E-07
 1.731313E+02  4.720933E-07
 1.750505E+02  4.662028E-07
 1.769697E+02  4.606040E-07
 1.788889E+02  4.543514E-07
 1.808081E+02  4.504867E-07
 1.827273E+02  4.448609E-07
 1.846465E+02  4.401409E-07
 1.865657E+02  4.356981E-07
 1.884848E+02  4.306726E-07
 1.904040E+02  4.258198E-07
 1.923232E+02  4.202989E-07
 1.942424E+02  4.166018E-07
 1.961616E+02  4.111952E-07
 1.980808E+02  4.080593E-07
 2.000000E+02  4.027934E-07
