 1.000000E+01  2.868890E-01
 1.191919E+01  3.898860E-01
 1.383838E+01  4.989841E-01
 1.575758E+01  6.081354E-01
 1.767677E+01  7.118483E-01
 1.959596E+01  7.943882E-01
 2.151515E+01  8.679499E-01
 2.343434E+01  9.129746E-01
 2.535354E+01  9.243266E-01
 2.727273E+01  9.013383E-01
 2.919192E+01  8.349608E-01
 3.111111E+01  7.278107E-01
 3.303030E+01  5.827604E-01
 3.494949E+01  4.079466E-01
 3.686869E+01  2.155317E-01
 3.878788E+01  4.466649E-02
 4.070707E+01  3.656282E-06
 4.262626E+01  2.920946E-06
 4.454545E+01  2.534561E-06
 4.646465E+01  2.284793E-06
 4.838384E+01  2.097674E-06
 5.030303E+01  1.945697E-06
 5.222222E+01  1.819515E-06
 5.414141E+01  1.723207E-06
 5.606061E+01  1.636673E-06
 5.797980E+01  1.561544E-06
 5.989899E+01  1.493082E-06
 6.181818E+01  1.430760E-06
 6.373737E+01  1.372997E-06
 6.565657E+01  1.325725E-06
 6.757576E+01  1.280310E-06
 6.949495E+01  1.236137E-06
 7.141414E+01  1.198296E-06
 7.333333E+01  1.161670E-06
 7.525253E+01  1.125151E-06
 7.717172E+01  1.095475E-06
 7.909091E+01  1.063514E-06
 8.101010E+01  1.036180E-06
 8.292929E+01  1.008162E-06
 8.484848E+01  9.799593E-07
 8.676768E+01  9.567682E-07
 8.868687E+01  9.321422E-07
 9.060606E+01  9.100694E-07
 9.252525E+01  8.881748E-07
 9.444444E+01  8.664355E-07
 9.636364E+01  8.461414E-07
 9.828283E+01  8.283882E-07
 1.002020E+02  8.102280E-07
 1.021212E+02  7.922137E-07
 1.040404E+02  7.744044E-07
 1.059596E+02  7.597311E-07
 1.078788E+02  7.414110E-07
 1.097980E+02  7.269551E-07
 1.117172E+02  7.103669E-07
 1.136364E+02  6.967895E-07
 1.155556E+02  6.814912E-07
 1.174747E+02  6.682210E-07
 1.193939E+02  6.561403E-07
 1.213131E+02  6.421259E-07
 1.232323E+02  6.307656E-07
 1.251515E+02  6.188453E-07
 1.270707E+02  6.082425E-07
 1.289899E+02  5.967259E-07
 1.309091E+02  5.851796E-07
 1.328283E+02  5.723942E-07
 1.347475E+02  5.644368E-07
 1.366667E+02  5.535889E-07
 1.385859E+02  5.439062E-07
 1.405051E+02  5.334596E-07
 1.424242E+02  5.245429E-07
 1.443434E+02  5.154438E-07
 1.462626E+02  5.060390E-07
 1.481818E+02  4.976690E-07
 1.501010E+02  4.897123E-07
 1.520202E+02  4.809963E-07
 1.539394E+02  4.727980E-07
 1.558586E+02  4.650350E-07
 1.577778E+02  4.578114E-07
 1.596970E+02  4.498071E-07
 1.616162E+02  4.426710E-07
 1.635354E+02  4.355897E-07
 1.654545E+02  4.277188E-07
 1.673737E+02  4.213366E-07
 1.692929E+02  4.143443E-07
 1.712121E+02  4.084741E-07
 1.731313E+02  4.022265E-07
 1.750505E+02  3.953798E-07
 1.769697E+02  3.889414E-07
 1.788889E+02  3.838802E-07
 1.808081E+02  3.775233E-07
 1.827273E+02  3.712931E-07
 1.846465E+02  3.666649E-07
 1.865657E+02  3.605651E-07
 1.884848E+02  3.553701E-07
 1.904040E+02  3.497015E-07
 1.923232E+02  3.446349E-07
 1.942424E+02  3.402107E-07
 1.961616E+02  3.351601E-07
 1.980808E+02  3.304596E-07
 2.000000E+02  3.261036E-07
