 1.000000E+01  2.876444E-01
 1.191919E+01  3.907639E-01
 1.383838E+01  5.008130E-01
 1.575758E+01  6.081567E-01
 1.767677E+01  7.109047E-01
 1.959596E+01  8.003726E-01
 2.151515E+01  8.715948E-01
 2.343434E+01  9.162625E-01
 2.535354E+01  9.241315E-01
 2.727273E+01  8.995622E-01
 2.919192E+01  8.347963E-01
 3.111111E+01  7.305381E-01
 3.303030E+01  5.836747E-01
 3.494949E+01  4.082636E-01
 3.686869E+01  2.167156E-01
 3.878788E+01  4.494284E-02
 4.070707E+01  3.651660E-06
 4.262626E+01  2.924603E-06
 4.454545E+01  2.544624E-06
 4.646465E+01  2.283366E-06
 4.838384E+01  2.095301E-06
 5.030303E+01  1.947844E-06
 5.222222E+01  1.827338E-06
 5.414141E+01  1.725067E-06
 5.606061E+01  1.635807E-06
 5.797980E+01  1.557094E-06
 5.989899E+01  1.492001E-06
 6.181818E+01  1.431469E-06
 6.373737E+01  1.376035E-06
 6.565657E+01  1.326567E-06
 6.757576E+01  1.280183E-06
 6.949495E+01  1.240931E-06
 7.141414E+01  1.196701E-06
 7.333333E+01  1.161183E-06
 7.525253E+01  1.128020E-06
 7.717172E+01  1.094027E-06
 7.909091E+01  1.063983E-06
 8.101010E+01  1.035811E-06
 8.292929E+01  1.009097E-06
 8.484848E+01  9.828498E-07
 8.676768E+01  9.550361E-07
 8.868687E+01  9.317026E-07
 9.060606E+01  9.088819E-07
 9.252525E+01  8.877384E-07
 9.444444E+01  8.685010E-07
 9.636364E+01  8.485392E-07
 9.828283E+01  8.282309E-07
 1.002020E+02  8.098627E-07
 1.021212E+02  7.917155E-07
 1.040404E+02  7.741326E-07
 1.059596E+02  7.574778E-07
 1.078788E+02  7.398056E-07
 1.097980E+02  7.272622E-07
 1.117172E+02  7.120964E-07
 1.136364E+02  6.974925E-07
 1.155556E+02  6.831966E-07
 1.174747E+02  6.686698E-07
 1.193939E+02  6.572893E-07
 1.213131E+02  6.437475E-07
 1.232323E+02  6.311897E-07
 1.251515E+02  6.182798E-07
 1.270707E+02  6.069742E-07
 1.289899E+02  5.942265E-07
 1.309091E+02  5.851585E-07
 1.328283E+02  5.737083E-07
 1.347475E+02  5.635900E-07
 1.366667E+02  5.534853E-07
 1.385859E+02  5.441155E-07
 1.405051E+02  5.345201E-07
 1.424242E+02  5.239494E-07
 1.443434E+02  5.152635E-07
 1.462626E+02  5.060406E-07
 1.481818E+02  4.975215E-07
 1.501010E+02  4.894780E-07
 1.520202E+02  4.808506E-07
 1.539394E+02  4.730349E-07
 1.558586E+02  4.649796E-07
 1.577778E+02  4.573306E-07
 1.596970E+02  4.494213E-07
 1.616162E+02  4.427215E-07
 1.635354E+02  4.350316E-07
 1.654545E+02  4.280497E-07
 1.673737E+02  4.216310E-07
 1.692929E+02  4.149223E-07
 1.712121E+02  4.081286E-07
 1.731313E+02  4.022408E-07
 1.750505E+02  3.948109E-07
 1.769697E+02  3.900894E-07
 1.788889E+02  3.839210E-07
 1.808081E+02  3.777080E-07
 1.827273E+02  3.714312E-07
 1.846465E+02  3.659272E-07
 1.865657E+02  3.608447E-07
 1.884848E+02  3.555875E-07
 1.904040E+02  3.499981E-07
 1.923232E+02  3.445291E-07
 1.942424E+02  3.399187E-07
 1.961616E+02  3.352157E-07
 1.980808E+02  3.304775E-07
 2.000000E+02  3.256296E-07
