 1.000000E+01  4.013168E-04
 1.081633E+01  5.413712E-04
 1.163265E+01  7.109333E-04
 1.244898E+01  9.131172E-04
 1.326531E+01  1.151466E-03
 1.408163E+01  1.426140E-03
 1.489796E+01  1.735944E-03
 1.571429E+01  2.079574E-03
 1.653061E+01  2.455407E-03
 1.734694E+01  2.859219E-03
 1.816327E+01  3.281663E-03
 1.897959E+01  3.709188E-03
 1.979592E+01  4.116017E-03
 2.061224E+01  4.479827E-03
 2.142857E+01  4.764208E-03
 2.224490E+01  4.907131E-03
 2.306122E+01  4.797009E-03
 2.387755E+01  4.223578E-03
 2.469388E+01  2.545641E-03
 2.551020E+01  6.353310E-08
 2.632653E+01  5.787666E-08
 2.714286E+01  5.723351E-08
 2.795918E+01  5.674632E-08
 2.877551E+01  5.497771E-08
 2.959184E+01  5.050218E-08
 3.040816E+01  4.081145E-08
 3.122449E+01  1.042958E-08
 3.204082E+01  2.684800E-09
 3.285714E+01  2.448154E-09
 3.367347E+01  2.257424E-09
 3.448980E+01  2.105942E-09
 3.530612E+01  1.976806E-09
 3.612245E+01  1.865587E-09
 3.693878E+01  1.770304E-09
 3.775510E+01  1.682205E-09
 3.857143E+01  1.610331E-09
 3.938776E+01  1.540143E-09
 4.020408E+01  1.478774E-09
 4.102041E+01  1.423241E-09
 4.183673E+01  1.371514E-09
 4.265306E+01  1.325636E-09
 4.346939E+01  1.279942E-09
 4.428571E+01  1.239555E-09
 4.510204E+01  1.202724E-09
 4.591837E+01  1.165269E-09
 4.673469E+01  1.132416E-09
 4.755102E+01  1.100978E-09
 4.836735E+01  1.071179E-09
 4.918367E+01  1.042169E-09
 5.000000E+01  1.016641E-09
