 1.000000E+01  1.848701E-03
 1.081633E+01  2.507974E-03
 1.163265E+01  3.306342E-03
 1.244898E+01  4.276156E-03
 1.326531E+01  5.439725E-03
 1.408163E+01  6.782180E-03
 1.489796E+01  8.328237E-03
 1.571429E+01  1.010250E-02
 1.653061E+01  1.207885E-02
 1.734694E+01  1.431376E-02
 1.816327E+01  1.670638E-02
 1.897959E+01  1.930211E-02
 1.979592E+01  2.205456E-02
 2.061224E+01  2.492944E-02
 2.142857E+01  2.785509E-02
 2.224490E+01  3.082002E-02
 2.306122E+01  3.361354E-02
 2.387755E+01  3.610399E-02
 2.469388E+01  3.799979E-02
 2.551020E+01  3.913023E-02
 2.632653E+01  3.891878E-02
 2.714286E+01  3.650808E-02
 2.795918E+01  3.005799E-02
 2.877551E+01  1.079472E-02
 2.959184E+01  4.930217E-07
 3.040816E+01  4.622677E-07
 3.122449E+01  4.581555E-07
 3.204082E+01  4.558453E-07
 3.285714E+01  4.468147E-07
 3.367347E+01  4.262565E-07
 3.448980E+01  3.841038E-07
 3.530612E+01  3.008160E-07
 3.612245E+01  2.474508E-08
 3.693878E+01  2.165066E-08
 3.775510E+01  1.990931E-08
 3.857143E+01  1.851845E-08
 3.938776E+01  1.739155E-08
 4.020408E+01  1.639827E-08
 4.102041E+01  1.557326E-08
 4.183673E+01  1.483087E-08
 4.265306E+01  1.415863E-08
 4.346939E+01  1.355928E-08
 4.428571E+01  1.302341E-08
 4.510204E+01  1.255614E-08
 4.591837E+01  1.209260E-08
 4.673469E+01  1.167498E-08
 4.755102E+01  1.130483E-08
 4.836735E+01  1.095068E-08
 4.918367E+01  1.061641E-08
 5.000000E+01  1.031382E-08
