 1.000000E+01  2.151044E-04
 1.081633E+01  2.935770E-04
 1.163265E+01  3.909431E-04
 1.244898E+01  5.103236E-04
 1.326531E+01  6.547845E-04
 1.408163E+01  8.270631E-04
 1.489796E+01  1.031173E-03
 1.571429E+01  1.270771E-03
 1.653061E+01  1.547178E-03
 1.734694E+01  1.862726E-03
 1.816327E+01  2.227162E-03
 1.897959E+01  2.637555E-03
 1.979592E+01  3.094207E-03
 2.061224E+01  3.602347E-03
 2.142857E+01  4.179271E-03
 2.224490E+01  4.807294E-03
 2.306122E+01  5.500460E-03
 2.387755E+01  6.275068E-03
 2.469388E+01  7.086241E-03
 2.551020E+01  7.987180E-03
 2.632653E+01  8.954382E-03
 2.714286E+01  1.000256E-02
 2.795918E+01  1.110938E-02
 2.877551E+01  1.231388E-02
 2.959184E+01  1.355071E-02
 3.040816E+01  1.490548E-02
 3.122449E+01  1.629755E-02
 3.204082E+01  1.772151E-02
 3.285714E+01  1.927735E-02
 3.367347E+01  2.087430E-02
 3.448980E+01  2.248887E-02
 3.530612E+01  2.410497E-02
 3.612245E+01  2.581792E-02
 3.693878E+01  2.755663E-02
 3.775510E+01  2.918879E-02
 3.857143E+01  3.090129E-02
 3.938776E+01  3.254352E-02
 4.020408E+01  3.406794E-02
 4.102041E+01  3.550234E-02
 4.183673E+01  3.679978E-02
 4.265306E+01  3.787664E-02
 4.346939E+01  3.870460E-02
 4.428571E+01  3.915214E-02
 4.510204E+01  3.917057E-02
 4.591837E+01  3.859547E-02
 4.673469E+01  3.721248E-02
 4.755102E+01  3.465767E-02
 4.836735E+01  3.040824E-02
 4.918367E+01  2.307586E-02
 5.000000E+01  7.648511E-05
