 1.000000E+01  3.109691E-02
 1.081633E+01  3.479742E-02
 1.163265E+01  3.841177E-02
 1.244898E+01  4.168452E-02
 1.326531E+01  4.463548E-02
 1.408163E+01  4.710155E-02
 1.489796E+01  4.909513E-02
 1.571429E+01  5.035084E-02
 1.653061E+01  5.105475E-02
 1.734694E+01  5.076536E-02
 1.816327E+01  4.969079E-02
 1.897959E+01  4.775973E-02
 1.979592E+01  4.482812E-02
 2.061224E+01  4.100924E-02
 2.142857E+01  3.631859E-02
 2.224490E+01  3.075126E-02
 2.306122E+01  2.449662E-02
 2.387755E+01  1.785535E-02
 2.469388E+01  1.104153E-02
 2.551020E+01  4.754399E-03
 2.632653E+01  2.671854E-04
 2.714286E+01  4.304663E-07
 2.795918E+01  3.704244E-07
 2.877551E+01  3.105824E-07
 2.959184E+01  2.501631E-07
 3.040816E+01  1.892137E-07
 3.122449E+01  1.295829E-07
 3.204082E+01  7.582183E-08
 3.285714E+01  3.639351E-08
 3.367347E+01  3.016272E-08
 3.448980E+01  2.855848E-08
 3.530612E+01  2.713718E-08
 3.612245E+01  2.589048E-08
 3.693878E+01  2.473028E-08
 3.775510E+01  2.374968E-08
 3.857143E+01  2.281609E-08
 3.938776E+01  2.198064E-08
 4.020408E+01  2.119280E-08
 4.102041E+01  2.042670E-08
 4.183673E+01  1.975958E-08
 4.265306E+01  1.910590E-08
 4.346939E+01  1.851354E-08
 4.428571E+01  1.793979E-08
 4.510204E+01  1.741173E-08
 4.591837E+01  1.689375E-08
 4.673469E+01  1.638920E-08
 4.755102E+01  1.593090E-08
 4.836735E+01  1.550499E-08
 4.918367E+01  1.509637E-08
 5.000000E+01  1.469413E-08
