 1.000000E+01  3.107176E-02
 1.081633E+01  3.482976E-02
 1.163265E+01  3.842415E-02
 1.244898E+01  4.174858E-02
 1.326531E+01  4.468247E-02
 1.408163E+01  4.717951E-02
 1.489796E+01  4.899028E-02
 1.571429E+01  5.033517E-02
 1.653061E+01  5.097241E-02
 1.734694E+01  5.076015E-02
 1.816327E+01  4.966630E-02
 1.897959E+01  4.772356E-02
 1.979592E+01  4.486034E-02
 2.061224E+01  4.102004E-02
 2.142857E+01  3.631834E-02
 2.224490E+01  3.075959E-02
 2.306122E+01  2.451865E-02
 2.387755E+01  1.784971E-02
 2.469388E+01  1.105751E-02
 2.551020E+01  4.755943E-03
 2.632653E+01  2.671814E-04
 2.714286E+01  4.305144E-07
 2.795918E+01  3.709996E-07
 2.877551E+01  3.109105E-07
 2.959184E+01  2.502063E-07
 3.040816E+01  1.890775E-07
 3.122449E+01  1.294019E-07
 3.204082E+01  7.593772E-08
 3.285714E+01  3.637779E-08
 3.367347E+01  3.021536E-08
 3.448980E+01  2.856547E-08
 3.530612E+01  2.712679E-08
 3.612245E+01  2.585430E-08
 3.693878E+01  2.476497E-08
 3.775510E+01  2.376409E-08
 3.857143E+01  2.281259E-08
 3.938776E+01  2.197247E-08
 4.020408E+01  2.117670E-08
 4.102041E+01  2.042148E-08
 4.183673E+01  1.976204E-08
 4.265306E+01  1.909918E-08
 4.346939E+01  1.851146E-08
 4.428571E+01  1.794140E-08
 4.510204E+01  1.741111E-08
 4.591837E+01  1.691913E-08
 4.673469E+01  1.641142E-08
 4.755102E+01  1.594110E-08
 4.836735E+01  1.550328E-08
 4.918367E+01  1.508142E-08
 5.000000E+01  1.468577E-08
