 1.000000E+01  2.569696E-02
 1.081633E+01  3.480475E-02
 1.163265E+01  4.554180E-02
 1.244898E+01  5.851398E-02
 1.326531E+01  7.368957E-02
 1.408163E+01  9.150535E-02
 1.489796E+01  1.113593E-01
 1.571429E+01  1.336915E-01
 1.653061E+01  1.575776E-01
 1.734694E+01  1.833952E-01
 1.816327E+01  2.102922E-01
 1.897959E+01  2.378103E-01
 1.979592E+01  2.639901E-01
 2.061224E+01  2.875738E-01
 2.142857E+01  3.056183E-01
 2.224490E+01  3.145320E-01
 2.306122E+01  3.077681E-01
 2.387755E+01  2.710022E-01
 2.469388E+01  1.632550E-01
 2.551020E+01  4.319766E-06
 2.632653E+01  3.967890E-06
 2.714286E+01  3.936878E-06
 2.795918E+01  3.900912E-06
 2.877551E+01  3.787235E-06
 2.959184E+01  3.479901E-06
 3.040816E+01  2.818221E-06
 3.122449E+01  7.345071E-07
 3.204082E+01  2.035392E-07
 3.285714E+01  1.884210E-07
 3.367347E+01  1.760838E-07
 3.448980E+01  1.660654E-07
 3.530612E+01  1.581079E-07
 3.612245E+01  1.510009E-07
 3.693878E+01  1.449972E-07
 3.775510E+01  1.393716E-07
 3.857143E+01  1.349915E-07
 3.938776E+01  1.308127E-07
 4.020408E+01  1.268758E-07
 4.102041E+01  1.234010E-07
 4.183673E+01  1.203565E-07
 4.265306E+01  1.175593E-07
 4.346939E+01  1.148183E-07
 4.428571E+01  1.124518E-07
 4.510204E+01  1.101965E-07
 4.591837E+01  1.079651E-07
 4.673469E+01  1.061163E-07
 4.755102E+01  1.041031E-07
 4.836735E+01  1.024960E-07
 4.918367E+01  1.007007E-07
 5.000000E+01  9.935977E-08
