 1.000000E+01  1.186408E-01
 1.081633E+01  1.604761E-01
 1.163265E+01  2.126948E-01
 1.244898E+01  2.741630E-01
 1.326531E+01  3.481222E-01
 1.408163E+01  4.346796E-01
 1.489796E+01  5.350065E-01
 1.571429E+01  6.478516E-01
 1.653061E+01  7.700392E-01
 1.734694E+01  9.179457E-01
 1.816327E+01  1.070937E+00
 1.897959E+01  1.237516E+00
 1.979592E+01  1.416058E+00
 2.061224E+01  1.597762E+00
 2.142857E+01  1.786567E+00
 2.224490E+01  1.976781E+00
 2.306122E+01  2.156725E+00
 2.387755E+01  2.314088E+00
 2.469388E+01  2.437008E+00
 2.551020E+01  2.506625E+00
 2.632653E+01  2.499628E+00
 2.714286E+01  2.342192E+00
 2.795918E+01  1.929055E+00
 2.877551E+01  6.920082E-01
 2.959184E+01  3.361913E-05
 3.040816E+01  3.172585E-05
 3.122449E+01  3.147322E-05
 3.204082E+01  3.139622E-05
 3.285714E+01  3.078740E-05
 3.367347E+01  2.940131E-05
 3.448980E+01  2.651540E-05
 3.530612E+01  2.075891E-05
 3.612245E+01  1.846134E-06
 3.693878E+01  1.640446E-06
 3.775510E+01  1.526649E-06
 3.857143E+01  1.438230E-06
 3.938776E+01  1.364559E-06
 4.020408E+01  1.301206E-06
 4.102041E+01  1.248201E-06
 4.183673E+01  1.204096E-06
 4.265306E+01  1.160009E-06
 4.346939E+01  1.121971E-06
 4.428571E+01  1.088601E-06
 4.510204E+01  1.060437E-06
 4.591837E+01  1.030240E-06
 4.673469E+01  1.005549E-06
 4.755102E+01  9.830552E-07
 4.836735E+01  9.617548E-07
 4.918367E+01  9.419909E-07
 5.000000E+01  9.222887E-07
