 1.000000E+01  1.379717E-02
 1.081633E+01  1.880886E-02
 1.163265E+01  2.479935E-02
 1.244898E+01  3.273046E-02
 1.326531E+01  4.202172E-02
 1.408163E+01  5.300138E-02
 1.489796E+01  6.583414E-02
 1.571429E+01  8.120240E-02
 1.653061E+01  9.915372E-02
 1.734694E+01  1.194724E-01
 1.816327E+01  1.427588E-01
 1.897959E+01  1.688021E-01
 1.979592E+01  1.979625E-01
 2.061224E+01  2.310576E-01
 2.142857E+01  2.683048E-01
 2.224490E+01  3.066807E-01
 2.306122E+01  3.528327E-01
 2.387755E+01  4.020614E-01
 2.469388E+01  4.540948E-01
 2.551020E+01  5.123196E-01
 2.632653E+01  5.747334E-01
 2.714286E+01  6.407442E-01
 2.795918E+01  7.127718E-01
 2.877551E+01  7.886768E-01
 2.959184E+01  8.684460E-01
 3.040816E+01  9.570391E-01
 3.122449E+01  1.045123E+00
 3.204082E+01  1.138736E+00
 3.285714E+01  1.235872E+00
 3.367347E+01  1.336951E+00
 3.448980E+01  1.436505E+00
 3.530612E+01  1.543844E+00
 3.612245E+01  1.659089E+00
 3.693878E+01  1.770173E+00
 3.775510E+01  1.868855E+00
 3.857143E+01  1.983981E+00
 3.938776E+01  2.088536E+00
 4.020408E+01  2.186896E+00
 4.102041E+01  2.272761E+00
 4.183673E+01  2.360855E+00
 4.265306E+01  2.431583E+00
 4.346939E+01  2.480733E+00
 4.428571E+01  2.515299E+00
 4.510204E+01  2.515504E+00
 4.591837E+01  2.474232E+00
 4.673469E+01  2.386548E+00
 4.755102E+01  2.227039E+00
 4.836735E+01  1.953543E+00
 4.918367E+01  1.478083E+00
 5.000000E+01  4.902018E-03
