 1.000000E+01  1.998660E+00
 1.081633E+01  2.233692E+00
 1.163265E+01  2.462354E+00
 1.244898E+01  2.669487E+00
 1.326531E+01  2.861741E+00
 1.408163E+01  3.027800E+00
 1.489796E+01  3.150372E+00
 1.571429E+01  3.225248E+00
 1.653061E+01  3.273108E+00
 1.734694E+01  3.251782E+00
 1.816327E+01  3.191180E+00
 1.897959E+01  3.057187E+00
 1.979592E+01  2.876807E+00
 2.061224E+01  2.628549E+00
 2.142857E+01  2.329397E+00
 2.224490E+01  1.970595E+00
 2.306122E+01  1.570444E+00
 2.387755E+01  1.142946E+00
 2.469388E+01  7.063533E-01
 2.551020E+01  3.055283E-01
 2.632653E+01  1.712225E-02
 2.714286E+01  3.006084E-05
 2.795918E+01  2.598462E-05
 2.877551E+01  2.190536E-05
 2.959184E+01  1.775684E-05
 3.040816E+01  1.357966E-05
 3.122449E+01  9.501016E-06
 3.204082E+01  5.828800E-06
 3.285714E+01  3.135391E-06
 3.367347E+01  2.711389E-06
 3.448980E+01  2.614521E-06
 3.530612E+01  2.520650E-06
 3.612245E+01  2.440629E-06
 3.693878E+01  2.369807E-06
 3.775510E+01  2.310927E-06
 3.857143E+01  2.250805E-06
 3.938776E+01  2.198714E-06
 4.020408E+01  2.149599E-06
 4.102041E+01  2.100437E-06
 4.183673E+01  2.062041E-06
 4.265306E+01  2.017940E-06
 4.346939E+01  1.981649E-06
 4.428571E+01  1.945305E-06
 4.510204E+01  1.912079E-06
 4.591837E+01  1.879753E-06
 4.673469E+01  1.846983E-06
 4.755102E+01  1.817275E-06
 4.836735E+01  1.789114E-06
 4.918367E+01  1.765019E-06
 5.000000E+01  1.739491E-06
