 1.000000E+01  1.998930E+00
 1.081633E+01  2.230160E+00
 1.163265E+01  2.464465E+00
 1.244898E+01  2.681590E+00
 1.326531E+01  2.865906E+00
 1.408163E+01  3.028617E+00
 1.489796E+01  3.145539E+00
 1.571429E+01  3.219800E+00
 1.653061E+01  3.263565E+00
 1.734694E+01  3.253908E+00
 1.816327E+01  3.188581E+00
 1.897959E+01  3.050216E+00
 1.979592E+01  2.878365E+00
 2.061224E+01  2.616471E+00
 2.142857E+01  2.328569E+00
 2.224490E+01  1.969547E+00
 2.306122E+01  1.573515E+00
 2.387755E+01  1.145377E+00
 2.469388E+01  7.095906E-01
 2.551020E+01  3.054988E-01
 2.632653E+01  1.713730E-02
 2.714286E+01  3.004497E-05
 2.795918E+01  2.602136E-05
 2.877551E+01  2.190762E-05
 2.959184E+01  1.775920E-05
 3.040816E+01  1.360472E-05
 3.122449E+01  9.481121E-06
 3.204082E+01  5.832710E-06
 3.285714E+01  3.128196E-06
 3.367347E+01  2.718842E-06
 3.448980E+01  2.611394E-06
 3.530612E+01  2.523163E-06
 3.612245E+01  2.440789E-06
 3.693878E+01  2.370879E-06
 3.775510E+01  2.310618E-06
 3.857143E+01  2.251575E-06
 3.938776E+01  2.198442E-06
 4.020408E+01  2.148061E-06
 4.102041E+01  2.098978E-06
 4.183673E+01  2.058331E-06
 4.265306E+01  2.015654E-06
 4.346939E+01  1.981144E-06
 4.428571E+01  1.943825E-06
 4.510204E+01  1.912536E-06
 4.591837E+01  1.882849E-06
 4.673469E+01  1.850532E-06
 4.755102E+01  1.818136E-06
 4.836735E+01  1.790042E-06
 4.918367E+01  1.762622E-06
 5.000000E+01  1.737264E-06
