 1.000000E+01  6.311353E-11
 1.100000E+01  5.844499E-11
 1.200000E+01  5.580830E-11
 1.300000E+01  5.371783E-11
 1.400000E+01  5.111714E-11
 1.500000E+01  4.883752E-11
 1.600000E+01  4.694729E-11
 1.700000E+01  4.501361E-11
 1.800000E+01  4.323119E-11
 1.900000E+01  4.122875E-11
 2.000000E+01  3.934377E-11
 2.100000E+01  3.776861E-11
 2.200000E+01  3.615195E-11
 2.300000E+01  3.410972E-11
 2.400000E+01  3.261151E-11
 2.500000E+01  3.086734E-11
 2.600000E+01  2.927234E-11
 2.700000E+01  2.760977E-11
 2.800000E+01  2.591310E-11
 2.900000E+01  2.443861E-11
 3.000000E+01  2.271972E-11
 3.100000E+01  2.123525E-11
 3.200000E+01  2.036586E-11
 3.300000E+01  1.859051E-11
 3.400000E+01  1.740401E-11
 3.500000E+01  1.620481E-11
 3.600000E+01  1.500625E-11
 3.700000E+01  1.381554E-11
 3.800000E+01  1.278534E-11
 3.900000E+01  1.172776E-11
 4.000000E+01  1.079918E-11
 4.100000E+01  9.873802E-12
 4.200000E+01  9.016408E-12
 4.300000E+01  8.305081E-12
 4.400000E+01  7.502026E-12
 4.500000E+01  6.783622E-12
 4.600000E+01  6.188912E-12
 4.700000E+01  5.705520E-12
 4.800000E+01  5.134293E-12
 4.900000E+01  4.620349E-12
 5.000000E+01  4.198579E-12
