 1.000000E+01  5.722507E-12
 1.100000E+01  5.503319E-12
 1.200000E+01  5.178652E-12
 1.300000E+01  4.976540E-12
 1.400000E+01  4.713721E-12
 1.500000E+01  4.518731E-12
 1.600000E+01  4.305960E-12
 1.700000E+01  4.120189E-12
 1.800000E+01  4.002107E-12
 1.900000E+01  3.845228E-12
 2.000000E+01  3.737062E-12
 2.100000E+01  3.589854E-12
 2.200000E+01  3.480879E-12
 2.300000E+01  3.353796E-12
 2.400000E+01  3.194679E-12
 2.500000E+01  3.070550E-12
 2.600000E+01  2.966569E-12
 2.700000E+01  2.869079E-12
 2.800000E+01  2.898090E-12
 2.900000E+01  2.605991E-12
 3.000000E+01  2.480899E-12
 3.100000E+01  2.359533E-12
 3.200000E+01  2.283006E-12
 3.300000E+01  2.137451E-12
 3.400000E+01  2.028330E-12
 3.500000E+01  1.938621E-12
 3.600000E+01  1.855971E-12
 3.700000E+01  1.731215E-12
 3.800000E+01  1.653145E-12
 3.900000E+01  1.550653E-12
 4.000000E+01  1.465352E-12
 4.100000E+01  1.379747E-12
 4.200000E+01  1.281040E-12
 4.300000E+01  1.214602E-12
 4.400000E+01  1.139472E-12
 4.500000E+01  1.058966E-12
 4.600000E+01  9.842495E-13
 4.700000E+01  9.294133E-13
 4.800000E+01  8.534721E-13
 4.900000E+01  7.951359E-13
 5.000000E+01  7.411521E-13
