 1.000000E+01  8.854387E-11
 1.100000E+01  8.425520E-11
 1.200000E+01  7.939710E-11
 1.300000E+01  7.590303E-11
 1.400000E+01  7.249310E-11
 1.500000E+01  6.877543E-11
 1.600000E+01  6.631175E-11
 1.700000E+01  6.363600E-11
 1.800000E+01  6.125839E-11
 1.900000E+01  5.911559E-11
 2.000000E+01  5.705423E-11
 2.100000E+01  5.500552E-11
 2.200000E+01  5.234415E-11
 2.300000E+01  5.112618E-11
 2.400000E+01  4.810151E-11
 2.500000E+01  4.658866E-11
 2.600000E+01  4.346293E-11
 2.700000E+01  4.251077E-11
 2.800000E+01  4.034220E-11
 2.900000E+01  3.802965E-11
 3.000000E+01  3.620095E-11
 3.100000E+01  3.434652E-11
 3.200000E+01  3.224562E-11
 3.300000E+01  3.113346E-11
 3.400000E+01  2.894784E-11
 3.500000E+01  2.728752E-11
 3.600000E+01  2.574651E-11
 3.700000E+01  2.425966E-11
 3.800000E+01  2.250668E-11
 3.900000E+01  2.127189E-11
 4.000000E+01  1.967154E-11
 4.100000E+01  1.810697E-11
 4.200000E+01  1.701647E-11
 4.300000E+01  1.572942E-11
 4.400000E+01  1.461876E-11
 4.500000E+01  1.349086E-11
 4.600000E+01  1.256356E-11
 4.700000E+01  1.164508E-11
 4.800000E+01  1.059469E-11
 4.900000E+01  9.722523E-12
 5.000000E+01  9.011754E-12
