 1.000000E+01  2.391532E-11
 1.100000E+01  2.257045E-11
 1.200000E+01  2.128724E-11
 1.300000E+01  2.049542E-11
 1.400000E+01  1.926078E-11
 1.500000E+01  1.853896E-11
 1.600000E+01  1.797614E-11
 1.700000E+01  1.710626E-11
 1.800000E+01  1.652757E-11
 1.900000E+01  1.603213E-11
 2.000000E+01  1.569282E-11
 2.100000E+01  1.487753E-11
 2.200000E+01  1.442471E-11
 2.300000E+01  1.400575E-11
 2.400000E+01  1.338242E-11
 2.500000E+01  1.294246E-11
 2.600000E+01  1.254543E-11
 2.700000E+01  1.211225E-11
 2.800000E+01  1.160017E-11
 2.900000E+01  1.107137E-11
 3.000000E+01  1.077294E-11
 3.100000E+01  1.018928E-11
 3.200000E+01  9.805316E-12
 3.300000E+01  9.339769E-12
 3.400000E+01  8.837732E-12
 3.500000E+01  8.459250E-12
 3.600000E+01  8.133572E-12
 3.700000E+01  7.674210E-12
 3.800000E+01  7.230933E-12
 3.900000E+01  6.936651E-12
 4.000000E+01  6.522254E-12
 4.100000E+01  6.155077E-12
 4.200000E+01  5.836389E-12
 4.300000E+01  5.507099E-12
 4.400000E+01  5.208712E-12
 4.500000E+01  4.862879E-12
 4.600000E+01  4.542533E-12
 4.700000E+01  4.272650E-12
 4.800000E+01  4.010919E-12
 4.900000E+01  3.783567E-12
 5.000000E+01  3.553964E-12
