 1.000000E+01  2.296217E-13
 1.100000E+01  2.181549E-13
 1.200000E+01  2.038737E-13
 1.300000E+01  1.956819E-13
 1.400000E+01  1.865079E-13
 1.500000E+01  1.773346E-13
 1.600000E+01  1.707118E-13
 1.700000E+01  1.626262E-13
 1.800000E+01  1.548924E-13
 1.900000E+01  1.457419E-13
 2.000000E+01  1.398551E-13
 2.100000E+01  1.312136E-13
 2.200000E+01  1.240484E-13
 2.300000E+01  1.161191E-13
 2.400000E+01  1.096821E-13
 2.500000E+01  1.024512E-13
 2.600000E+01  9.497402E-14
 2.700000E+01  8.896881E-14
 2.800000E+01  8.296182E-14
 2.900000E+01  7.833731E-14
 3.000000E+01  7.168907E-14
 3.100000E+01  6.534770E-14
 3.200000E+01  6.050581E-14
 3.300000E+01  5.513386E-14
 3.400000E+01  5.056302E-14
 3.500000E+01  4.653156E-14
 3.600000E+01  4.203159E-14
 3.700000E+01  3.804183E-14
 3.800000E+01  3.456183E-14
 3.900000E+01  3.114050E-14
 4.000000E+01  2.813019E-14
 4.100000E+01  2.513397E-14
 4.200000E+01  2.274560E-14
 4.300000E+01  2.029562E-14
 4.400000E+01  1.818098E-14
 4.500000E+01  1.646404E-14
 4.600000E+01  1.469533E-14
 4.700000E+01  1.315872E-14
 4.800000E+01  1.189219E-14
 4.900000E+01  1.080144E-14
 5.000000E+01  9.864323E-15
