 1.000000E+01  2.313720E-11
 1.100000E+01  2.267119E-11
 1.200000E+01  2.128468E-11
 1.300000E+01  2.040222E-11
 1.400000E+01  1.958016E-11
 1.500000E+01  1.857324E-11
 1.600000E+01  1.768654E-11
 1.700000E+01  1.709680E-11
 1.800000E+01  1.648912E-11
 1.900000E+01  1.602580E-11
 2.000000E+01  1.554173E-11
 2.100000E+01  1.499599E-11
 2.200000E+01  1.443560E-11
 2.300000E+01  1.391392E-11
 2.400000E+01  1.347844E-11
 2.500000E+01  1.301330E-11
 2.600000E+01  1.253301E-11
 2.700000E+01  1.207057E-11
 2.800000E+01  1.157113E-11
 2.900000E+01  1.113497E-11
 3.000000E+01  1.066137E-11
 3.100000E+01  1.019343E-11
 3.200000E+01  9.822217E-12
 3.300000E+01  9.355895E-12
 3.400000E+01  8.822494E-12
 3.500000E+01  8.498142E-12
 3.600000E+01  8.062966E-12
 3.700000E+01  7.663063E-12
 3.800000E+01  7.307542E-12
 3.900000E+01  6.864913E-12
 4.000000E+01  6.506558E-12
 4.100000E+01  6.176193E-12
 4.200000E+01  5.819259E-12
 4.300000E+01  5.542049E-12
 4.400000E+01  5.174644E-12
 4.500000E+01  4.860444E-12
 4.600000E+01  4.538324E-12
 4.700000E+01  4.291335E-12
 4.800000E+01  4.022832E-12
 4.900000E+01  3.795089E-12
 5.000000E+01  3.515653E-12
