 1.000000E+01  5.130596E-12
 1.100000E+01  4.804221E-12
 1.200000E+01  4.540700E-12
 1.300000E+01  4.311523E-12
 1.400000E+01  4.140808E-12
 1.500000E+01  3.970349E-12
 1.600000E+01  3.765260E-12
 1.700000E+01  3.646908E-12
 1.800000E+01  3.487290E-12
 1.900000E+01  3.327092E-12
 2.000000E+01  3.186192E-12
 2.100000E+01  2.998306E-12
 2.200000E+01  2.885542E-12
 2.300000E+01  2.720598E-12
 2.400000E+01  2.578543E-12
 2.500000E+01  2.436147E-12
 2.600000E+01  2.294071E-12
 2.700000E+01  2.176332E-12
 2.800000E+01  2.014244E-12
 2.900000E+01  1.898438E-12
 3.000000E+01  1.747558E-12
 3.100000E+01  1.650952E-12
 3.200000E+01  1.530119E-12
 3.300000E+01  1.411737E-12
 3.400000E+01  1.326379E-12
 3.500000E+01  1.219428E-12
 3.600000E+01  1.120815E-12
 3.700000E+01  1.021781E-12
 3.800000E+01  9.406481E-13
 3.900000E+01  8.658440E-13
 4.000000E+01  7.828857E-13
 4.100000E+01  7.173864E-13
 4.200000E+01  6.619290E-13
 4.300000E+01  5.875250E-13
 4.400000E+01  5.382361E-13
 4.500000E+01  4.831621E-13
 4.600000E+01  4.362064E-13
 4.700000E+01  3.927603E-13
 4.800000E+01  3.588695E-13
 4.900000E+01  3.232470E-13
 5.000000E+01  2.900717E-13
