 1.000000E+01  8.932088E-11
 1.100000E+01  8.299106E-11
 1.200000E+01  7.867248E-11
 1.300000E+01  7.517210E-11
 1.400000E+01  7.174456E-11
 1.500000E+01  6.863513E-11
 1.600000E+01  6.587826E-11
 1.700000E+01  6.387688E-11
 1.800000E+01  6.101077E-11
 1.900000E+01  5.930422E-11
 2.000000E+01  5.727991E-11
 2.100000E+01  5.466768E-11
 2.200000E+01  5.288644E-11
 2.300000E+01  5.087187E-11
 2.400000E+01  4.855984E-11
 2.500000E+01  4.688041E-11
 2.600000E+01  4.395722E-11
 2.700000E+01  4.255460E-11
 2.800000E+01  4.087007E-11
 2.900000E+01  3.813281E-11
 3.000000E+01  3.606722E-11
 3.100000E+01  3.455540E-11
 3.200000E+01  3.252246E-11
 3.300000E+01  3.053213E-11
 3.400000E+01  2.886958E-11
 3.500000E+01  2.702304E-11
 3.600000E+01  2.578389E-11
 3.700000E+01  2.378516E-11
 3.800000E+01  2.220746E-11
 3.900000E+01  2.125236E-11
 4.000000E+01  1.967865E-11
 4.100000E+01  1.832469E-11
 4.200000E+01  1.687017E-11
 4.300000E+01  1.585317E-11
 4.400000E+01  1.466572E-11
 4.500000E+01  1.359487E-11
 4.600000E+01  1.254813E-11
 4.700000E+01  1.151475E-11
 4.800000E+01  1.060746E-11
 4.900000E+01  9.853646E-12
 5.000000E+01  9.032173E-12
