 1.000000E+01  7.478313E-11
 1.100000E+01  7.285567E-11
 1.200000E+01  7.010056E-11
 1.300000E+01  6.606325E-11
 1.400000E+01  6.355123E-11
 1.500000E+01  6.126498E-11
 1.600000E+01  5.843571E-11
 1.700000E+01  5.555765E-11
 1.800000E+01  5.377955E-11
 1.900000E+01  5.239110E-11
 2.000000E+01  5.022813E-11
 2.100000E+01  4.913395E-11
 2.200000E+01  4.778433E-11
 2.300000E+01  4.619708E-11
 2.400000E+01  4.453762E-11
 2.500000E+01  4.384155E-11
 2.600000E+01  4.226710E-11
 2.700000E+01  4.157353E-11
 2.800000E+01  3.954148E-11
 2.900000E+01  3.842550E-11
 3.000000E+01  3.742977E-11
 3.100000E+01  3.593958E-11
 3.200000E+01  3.434516E-11
 3.300000E+01  3.341743E-11
 3.400000E+01  3.237586E-11
 3.500000E+01  3.090019E-11
 3.600000E+01  2.988034E-11
 3.700000E+01  2.869211E-11
 3.800000E+01  2.763521E-11
 3.900000E+01  2.650714E-11
 4.000000E+01  2.547917E-11
 4.100000E+01  2.453698E-11
 4.200000E+01  2.335422E-11
 4.300000E+01  2.227432E-11
 4.400000E+01  2.137304E-11
 4.500000E+01  2.037758E-11
 4.600000E+01  1.948801E-11
 4.700000E+01  1.841035E-11
 4.800000E+01  1.771103E-11
 4.900000E+01  1.679439E-11
 5.000000E+01  1.593027E-11
