 1.000000E+01  7.694976E-11
 1.100000E+01  7.277411E-11
 1.200000E+01  6.916372E-11
 1.300000E+01  6.647089E-11
 1.400000E+01  6.363708E-11
 1.500000E+01  6.069018E-11
 1.600000E+01  5.785812E-11
 1.700000E+01  5.631210E-11
 1.800000E+01  5.341995E-11
 1.900000E+01  5.195460E-11
 2.000000E+01  5.057952E-11
 2.100000E+01  4.886254E-11
 2.200000E+01  4.745091E-11
 2.300000E+01  4.647670E-11
 2.400000E+01  4.506294E-11
 2.500000E+01  4.373726E-11
 2.600000E+01  4.262680E-11
 2.700000E+01  4.088550E-11
 2.800000E+01  3.974308E-11
 2.900000E+01  3.854793E-11
 3.000000E+01  3.698869E-11
 3.100000E+01  3.628879E-11
 3.200000E+01  3.478798E-11
 3.300000E+01  3.357801E-11
 3.400000E+01  3.246566E-11
 3.500000E+01  3.124154E-11
 3.600000E+01  2.993927E-11
 3.700000E+01  2.904886E-11
 3.800000E+01  2.774478E-11
 3.900000E+01  2.658448E-11
 4.000000E+01  2.529572E-11
 4.100000E+01  2.397463E-11
 4.200000E+01  2.348944E-11
 4.300000E+01  2.236243E-11
 4.400000E+01  2.104113E-11
 4.500000E+01  2.039000E-11
 4.600000E+01  1.945560E-11
 4.700000E+01  1.857715E-11
 4.800000E+01  1.746737E-11
 4.900000E+01  1.655906E-11
 5.000000E+01  1.590381E-11
