 1.000000E+01  6.296848E-11
 1.100000E+01  5.922848E-11
 1.200000E+01  5.568433E-11
 1.300000E+01  5.333787E-11
 1.400000E+01  5.104682E-11
 1.500000E+01  4.853824E-11
 1.600000E+01  4.663243E-11
 1.700000E+01  4.493331E-11
 1.800000E+01  4.280760E-11
 1.900000E+01  4.146738E-11
 2.000000E+01  3.970875E-11
 2.100000E+01  3.791669E-11
 2.200000E+01  3.610918E-11
 2.300000E+01  3.390137E-11
 2.400000E+01  3.218670E-11
 2.500000E+01  3.104331E-11
 2.600000E+01  2.920800E-11
 2.700000E+01  2.758996E-11
 2.800000E+01  2.584851E-11
 2.900000E+01  2.425129E-11
 3.000000E+01  2.313328E-11
 3.100000E+01  2.135486E-11
 3.200000E+01  1.999846E-11
 3.300000E+01  1.872854E-11
 3.400000E+01  1.740281E-11
 3.500000E+01  1.608614E-11
 3.600000E+01  1.497285E-11
 3.700000E+01  1.390667E-11
 3.800000E+01  1.272313E-11
 3.900000E+01  1.168238E-11
 4.000000E+01  1.076522E-11
 4.100000E+01  9.924519E-12
 4.200000E+01  9.040277E-12
 4.300000E+01  8.331549E-12
 4.400000E+01  7.509918E-12
 4.500000E+01  6.785504E-12
 4.600000E+01  6.247194E-12
 4.700000E+01  5.627444E-12
 4.800000E+01  5.210079E-12
 4.900000E+01  4.636562E-12
 5.000000E+01  4.188887E-12
