 1.000000E+01  4.339625E-11
 1.100000E+01  4.047699E-11
 1.200000E+01  3.829352E-11
 1.300000E+01  3.654527E-11
 1.400000E+01  3.468062E-11
 1.500000E+01  3.312183E-11
 1.600000E+01  3.173484E-11
 1.700000E+01  3.055784E-11
 1.800000E+01  2.948217E-11
 1.900000E+01  2.838718E-11
 2.000000E+01  2.705492E-11
 2.100000E+01  2.618016E-11
 2.200000E+01  2.487601E-11
 2.300000E+01  2.388182E-11
 2.400000E+01  2.262005E-11
 2.500000E+01  2.172361E-11
 2.600000E+01  2.062931E-11
 2.700000E+01  1.958994E-11
 2.800000E+01  1.838431E-11
 2.900000E+01  1.724684E-11
 3.000000E+01  1.646454E-11
 3.100000E+01  1.539286E-11
 3.200000E+01  1.454000E-11
 3.300000E+01  1.360029E-11
 3.400000E+01  1.260498E-11
 3.500000E+01  1.178376E-11
 3.600000E+01  1.097526E-11
 3.700000E+01  1.032633E-11
 3.800000E+01  9.650245E-12
 3.900000E+01  8.759907E-12
 4.000000E+01  8.121811E-12
 4.100000E+01  7.529415E-12
 4.200000E+01  6.934129E-12
 4.300000E+01  6.304822E-12
 4.400000E+01  5.905991E-12
 4.500000E+01  5.292740E-12
 4.600000E+01  4.880162E-12
 4.700000E+01  4.459588E-12
 4.800000E+01  4.064852E-12
 4.900000E+01  3.677821E-12
 5.000000E+01  3.348745E-12
