 1.000000E+01  1.239202E-11
 1.100000E+01  1.172669E-11
 1.200000E+01  1.105001E-11
 1.300000E+01  1.043308E-11
 1.400000E+01  1.007777E-11
 1.500000E+01  9.527710E-12
 1.600000E+01  9.112924E-12
 1.700000E+01  8.828826E-12
 1.800000E+01  8.565882E-12
 1.900000E+01  8.270533E-12
 2.000000E+01  7.953718E-12
 2.100000E+01  7.760595E-12
 2.200000E+01  7.490672E-12
 2.300000E+01  7.242192E-12
 2.400000E+01  6.997282E-12
 2.500000E+01  6.878286E-12
 2.600000E+01  6.635517E-12
 2.700000E+01  6.404512E-12
 2.800000E+01  5.817100E-12
 2.900000E+01  5.919292E-12
 3.000000E+01  5.687568E-12
 3.100000E+01  5.491217E-12
 3.200000E+01  5.226786E-12
 3.300000E+01  5.055252E-12
 3.400000E+01  4.745415E-12
 3.500000E+01  4.613311E-12
 3.600000E+01  4.408312E-12
 3.700000E+01  4.190733E-12
 3.800000E+01  4.002634E-12
 3.900000E+01  3.828934E-12
 4.000000E+01  3.600525E-12
 4.100000E+01  3.496821E-12
 4.200000E+01  3.298373E-12
 4.300000E+01  3.136983E-12
 4.400000E+01  2.973804E-12
 4.500000E+01  2.782733E-12
 4.600000E+01  2.640407E-12
 4.700000E+01  2.480387E-12
 4.800000E+01  2.349657E-12
 4.900000E+01  2.195552E-12
 5.000000E+01  2.073760E-12
