 1.000000E+01  1.221384E-11
 1.100000E+01  1.160553E-11
 1.200000E+01  1.114187E-11
 1.300000E+01  1.049585E-11
 1.400000E+01  1.000162E-11
 1.500000E+01  9.619505E-12
 1.600000E+01  9.193063E-12
 1.700000E+01  8.759249E-12
 1.800000E+01  8.531027E-12
 1.900000E+01  8.272776E-12
 2.000000E+01  8.015605E-12
 2.100000E+01  7.781417E-12
 2.200000E+01  7.477236E-12
 2.300000E+01  7.301290E-12
 2.400000E+01  7.038038E-12
 2.500000E+01  6.794021E-12
 2.600000E+01  6.617545E-12
 2.700000E+01  6.634685E-12
 2.800000E+01  6.171918E-12
 2.900000E+01  5.869112E-12
 3.000000E+01  5.688610E-12
 3.100000E+01  5.443744E-12
 3.200000E+01  5.242971E-12
 3.300000E+01  5.022734E-12
 3.400000E+01  4.820453E-12
 3.500000E+01  4.643179E-12
 3.600000E+01  4.420984E-12
 3.700000E+01  4.179797E-12
 3.800000E+01  4.012140E-12
 3.900000E+01  3.850866E-12
 4.000000E+01  3.677028E-12
 4.100000E+01  3.432197E-12
 4.200000E+01  3.306650E-12
 4.300000E+01  3.123585E-12
 4.400000E+01  2.952103E-12
 4.500000E+01  2.777199E-12
 4.600000E+01  2.631585E-12
 4.700000E+01  2.477947E-12
 4.800000E+01  2.347329E-12
 4.900000E+01  2.197861E-12
 5.000000E+01  2.072877E-12
