 1.000000E+01  4.929968E-11
 1.100000E+01  4.663211E-11
 1.200000E+01  4.313337E-11
 1.300000E+01  4.214876E-11
 1.400000E+01  3.948738E-11
 1.500000E+01  3.818179E-11
 1.600000E+01  3.661929E-11
 1.700000E+01  3.560275E-11
 1.800000E+01  3.424665E-11
 1.900000E+01  3.309034E-11
 2.000000E+01  3.206007E-11
 2.100000E+01  3.118855E-11
 2.200000E+01  3.017993E-11
 2.300000E+01  2.900525E-11
 2.400000E+01  2.796715E-11
 2.500000E+01  2.741195E-11
 2.600000E+01  2.661866E-11
 2.700000E+01  2.551985E-11
 2.800000E+01  2.444518E-11
 2.900000E+01  2.338189E-11
 3.000000E+01  2.274695E-11
 3.100000E+01  2.187821E-11
 3.200000E+01  2.109972E-11
 3.300000E+01  2.018778E-11
 3.400000E+01  1.919492E-11
 3.500000E+01  1.839416E-11
 3.600000E+01  1.756534E-11
 3.700000E+01  1.657784E-11
 3.800000E+01  1.611139E-11
 3.900000E+01  1.523847E-11
 4.000000E+01  1.456533E-11
 4.100000E+01  1.398808E-11
 4.200000E+01  1.314016E-11
 4.300000E+01  1.242361E-11
 4.400000E+01  1.187034E-11
 4.500000E+01  1.122228E-11
 4.600000E+01  1.050856E-11
 4.700000E+01  9.934001E-12
 4.800000E+01  9.390681E-12
 4.900000E+01  8.792863E-12
 5.000000E+01  8.285071E-12
