10.0 7.259744e-09
14.97487 3.816835e-09
19.94975 2.1107165687899218e-09
24.92462 1.222327258449262e-09
29.8995 8.374188699337977e-10
34.87437 5.501087738392926e-10
39.84925 3.930549181287605e-10
44.82412 2.9289186875802234e-10
49.79899 2.316444e-10
54.77387 1.918622e-10
59.74874 1.552648e-10
64.72362 1.23858e-10
69.69849 9.583335e-11
74.67337 7.200604e-11
79.64824 5.205766e-11
84.62312 3.627338e-11
89.59799 2.36614e-11
94.57286 1.453254e-11
99.54774 8.06646e-12
104.5226 3.920853e-12
109.4975 1.550926e-12
114.4724 4.413065e-13
119.4472 7.449658e-14
124.4221 2.372837e-14
129.397 1.957423e-14
134.3719 1.641043e-14
139.3467 1.395766e-14
144.3216 1.192988e-14
149.2965 1.027676e-14
154.2714 8.888275e-15
159.2462 7.723779e-15
164.2211 6.717535e-15
169.196 5.923553e-15
174.1709 5.191723e-15
179.1457 4.564941e-15
184.1206 4.023448e-15
189.0955 3.561063e-15
194.0704 3.163042e-15
199.0452 2.813067e-15
204.0201 2.501948e-15
208.995 2.219572e-15
213.9698 1.991108e-15
218.9447 1.780293e-15
223.9196 1.596186e-15
228.8945 1.426047e-15
233.8693 1.282528e-15
238.8442 1.158594e-15
243.8191 1.036874e-15
248.794 9.384212e-16
253.7688 8.400566e-16
258.7437 7.599931e-16
263.7186 6.892392e-16
268.6935 6.226471e-16
273.6683 5.625934e-16
278.6432 5.106325e-16
283.6181 4.630967e-16
288.593 4.211061e-16
293.5678 3.832285e-16
298.5427 3.47068e-16
303.5176 3.170594e-16
308.4925 2.879701e-16
313.4673 2.618006e-16
318.4422 2.393109e-16
323.4171 2.174487e-16
328.392 1.986895e-16
333.3668 1.816806e-16
338.3417 1.663597e-16
343.3166 1.518814e-16
348.2915 1.392228e-16
353.2663 1.274778e-16
358.2412 1.164036e-16
363.2161 1.067086e-16
368.191 9.779652e-17
373.1658 8.973783000000001e-17
378.1407 8.236884000000001e-17
383.1156 7.5619e-17
388.0905 6.961547e-17
393.0653 6.381799000000001e-17
398.0402 5.867291e-17
403.0151 5.3937750000000006e-17
407.9899 4.9633320000000005e-17
412.9648 4.5737050000000006e-17
417.9397 4.2026930000000006e-17
422.9146 3.8762570000000006e-17
427.8894 3.5625690000000005e-17
432.8643 3.287427e-17
437.8392 3.0321440000000005e-17
442.8141 2.79664e-17
447.7889 2.5717890000000003e-17
452.7638 2.3744910000000002e-17
457.7387 2.194228e-17
462.7136 2.0245280000000002e-17
467.6884 1.8723030000000002e-17
472.6633 1.7320860000000003e-17
477.6382 1.596397e-17
482.6131 1.4783240000000002e-17
487.5879 1.3656140000000001e-17
492.5628 1.2649710000000001e-17
497.5377 1.169527e-17
502.5126 1.085419e-17
507.4874 1.0066800000000001e-17
512.4623 9.262334e-18
517.4372 8.596929e-18
522.4121 7.93547e-18
527.3869 7.350877e-18
532.3618 6.815655e-18
537.3367 6.309256e-18
542.3116 5.861961e-18
547.2864 5.429569e-18
552.2613 5.028468e-18
557.2362 4.676297e-18
562.2111 4.330483e-18
567.1859 4.010945e-18
572.1608 3.730016e-18
577.1357 3.463205e-18
582.1106 3.221117e-18
587.0854 2.988528e-18
592.0603 2.782574e-18
597.0352 2.574433e-18
602.0101 2.393087e-18
606.9849 2.229961e-18
611.9598 2.067078e-18
616.9347 1.92486e-18
621.9095 1.783026e-18
626.8844 1.6618540000000001e-18
631.8593 1.5468170000000001e-18
636.8342 1.442977e-18
641.809 1.337854e-18
646.7839 1.245542e-18
651.7588 1.159831e-18
656.7337 1.077081e-18
661.7085 1.001355e-18
666.6834 9.319950999999999e-19
671.6583 8.702004e-19
676.6332 8.085549e-19
681.608 7.518664999999999e-19
686.5829 7.016173e-19
691.5578 6.543367999999999e-19
696.5327 6.082728999999999e-19
701.5075 5.660439999999999e-19
706.4824 5.289787999999999e-19
711.4573 4.90602e-19
716.4322 4.587104e-19
721.407 4.2647529999999997e-19
726.3819 3.9719319999999995e-19
731.3568 3.7178309999999997e-19
736.3317 3.4671619999999995e-19
741.3065 3.226746e-19
746.2814 3.0034559999999997e-19
751.2563 2.8026419999999997e-19
756.2312 2.610832e-19
761.206 2.437909e-19
766.1809 2.2757699999999996e-19
771.1558 2.1192089999999998e-19
776.1307 1.9724239999999997e-19
781.1055 1.8430049999999998e-19
786.0804 1.7212029999999998e-19
791.0553 1.6059399999999998e-19
796.0302 1.4996889999999998e-19
801.005 1.390767e-19
805.9799 1.3045439999999999e-19
810.9548 1.218215e-19
815.9296 1.1371419999999998e-19
820.9045 1.061569e-19
825.8794 9.88068e-20
830.8543 9.248084999999999e-20
835.8291 8.627962e-20
840.804 8.068095e-20
845.7789 7.520907999999999e-20
850.7538 7.032074e-20
855.7286 6.553895999999999e-20
860.7035 6.102578999999999e-20
865.6784 5.726436e-20
870.6533 5.341024e-20
875.6281 4.996512e-20
880.603 4.660415e-20
885.5779 4.3488109999999996e-20
890.5528 4.061373e-20
895.5276 3.789621e-20
900.5025 3.5522669999999996e-20
905.4774 3.315867e-20
910.4523 3.0967209999999996e-20
915.4271 2.8878499999999996e-20
920.402 2.7000289999999998e-20
925.3769 2.5277409999999998e-20
930.3518 2.348519e-20
935.3266 2.196138e-20
940.3015 2.064863e-20
945.2764 1.9245849999999998e-20
950.2513 1.794802e-20
955.2261 1.6784359999999998e-20
960.201 1.570394e-20
965.1759 1.463896e-20
970.1508 1.368356e-20
975.1256 1.277738e-20
980.1005 1.193846e-20
985.0754 1.119093e-20
990.0503 1.04026e-20
995.0251 9.761566e-21
1000.0 9.151069e-21
