 1.000000E+01  4.288406E-06
 1.494949E+01  3.370828E-06
 1.989899E+01  3.668600E-07
 2.484848E+01  2.779217E-07
 2.979798E+01  3.550019E-07
 3.474747E+01  4.134237E-07
 3.969697E+01  4.637610E-07
 4.464646E+01  4.841494E-07
 4.959596E+01  4.777306E-07
 5.454545E+01  4.347799E-07
 5.949495E+01  3.695238E-07
 6.444444E+01  2.808523E-07
 6.939394E+01  1.858715E-07
 7.434343E+01  9.220022E-08
 7.929293E+01  2.276800E-08
 8.424242E+01  9.872229E-10
 8.919192E+01  7.243749E-10
 9.414141E+01  5.946581E-10
 9.909091E+01  5.081012E-10
 1.040404E+02  4.451305E-10
 1.089899E+02  3.969356E-10
 1.139394E+02  3.567011E-10
 1.188889E+02  3.238506E-10
 1.238384E+02  2.964599E-10
 1.287879E+02  2.721012E-10
 1.337374E+02  2.508067E-10
 1.386869E+02  2.326291E-10
 1.436364E+02  2.161717E-10
 1.485859E+02  2.016586E-10
 1.535354E+02  1.886928E-10
 1.584848E+02  1.767988E-10
 1.634343E+02  1.654484E-10
 1.683838E+02  1.554876E-10
 1.733333E+02  1.468291E-10
 1.782828E+02  1.383956E-10
 1.832323E+02  1.310570E-10
 1.881818E+02  1.236428E-10
 1.931313E+02  1.174589E-10
 1.980808E+02  1.111523E-10
 2.030303E+02  1.053319E-10
 2.079798E+02  1.002196E-10
 2.129293E+02  9.521663E-11
 2.178788E+02  9.059394E-11
 2.228283E+02  8.649853E-11
 2.277778E+02  8.246735E-11
 2.327273E+02  7.861504E-11
 2.376768E+02  7.513065E-11
 2.426263E+02  7.185102E-11
 2.475758E+02  6.843726E-11
 2.525253E+02  6.564813E-11
 2.574747E+02  6.286688E-11
 2.624242E+02  6.026813E-11
 2.673737E+02  5.765753E-11
 2.723232E+02  5.523293E-11
 2.772727E+02  5.304268E-11
 2.822222E+02  5.104517E-11
 2.871717E+02  4.874104E-11
 2.921212E+02  4.704865E-11
 2.970707E+02  4.510034E-11
 3.020202E+02  4.347949E-11
 3.069697E+02  4.160993E-11
 3.119192E+02  4.020693E-11
 3.168687E+02  3.871952E-11
 3.218182E+02  3.733389E-11
 3.267677E+02  3.586106E-11
 3.317172E+02  3.452935E-11
 3.366667E+02  3.343402E-11
 3.416162E+02  3.208056E-11
 3.465657E+02  3.111660E-11
 3.515152E+02  2.994217E-11
 3.564646E+02  2.886117E-11
 3.614141E+02  2.784621E-11
 3.663636E+02  2.690609E-11
 3.713131E+02  2.602696E-11
 3.762626E+02  2.524343E-11
 3.812121E+02  2.431825E-11
 3.861616E+02  2.357094E-11
 3.911111E+02  2.268521E-11
 3.960606E+02  2.199547E-11
 4.010101E+02  2.129661E-11
 4.059596E+02  2.062069E-11
 4.109091E+02  1.998025E-11
 4.158586E+02  1.928492E-11
 4.208081E+02  1.874319E-11
 4.257576E+02  1.809482E-11
 4.307071E+02  1.756219E-11
 4.356566E+02  1.705860E-11
 4.406061E+02  1.646026E-11
 4.455556E+02  1.596867E-11
 4.505051E+02  1.549341E-11
 4.554545E+02  1.500110E-11
 4.604040E+02  1.458967E-11
 4.653535E+02  1.413200E-11
 4.703030E+02  1.375758E-11
 4.752525E+02  1.334211E-11
 4.802020E+02  1.292887E-11
 4.851515E+02  1.255982E-11
 4.901010E+02  1.219519E-11
 4.950505E+02  1.185071E-11
 5.000000E+02  1.151720E-11
