 1.000000E+01  8.450720E-05
 1.494949E+01  1.243423E-04
 1.989899E+01  1.182098E-04
 2.484848E+01  6.812095E-05
 2.979798E+01  1.098921E-05
 3.474747E+01  7.500379E-06
 3.969697E+01  9.167333E-06
 4.464646E+01  1.067585E-05
 4.959596E+01  1.171324E-05
 5.454545E+01  1.299307E-05
 5.949495E+01  1.365885E-05
 6.444444E+01  1.409288E-05
 6.939394E+01  1.417656E-05
 7.434343E+01  1.378980E-05
 7.929293E+01  1.320618E-05
 8.424242E+01  1.205124E-05
 8.919192E+01  1.066642E-05
 9.414141E+01  8.981237E-06
 9.909091E+01  7.188878E-06
 1.040404E+02  5.280916E-06
 1.089899E+02  3.456879E-06
 1.139394E+02  1.862728E-06
 1.188889E+02  6.519874E-07
 1.238384E+02  5.957273E-08
 1.287879E+02  2.514405E-08
 1.337374E+02  2.102369E-08
 1.386869E+02  1.834937E-08
 1.436364E+02  1.635495E-08
 1.485859E+02  1.480166E-08
 1.535354E+02  1.354198E-08
 1.584848E+02  1.246742E-08
 1.634343E+02  1.149521E-08
 1.683838E+02  1.077592E-08
 1.733333E+02  1.004847E-08
 1.782828E+02  9.439503E-09
 1.832323E+02  8.882989E-09
 1.881818E+02  8.374305E-09
 1.931313E+02  7.923941E-09
 1.980808E+02  7.514835E-09
 2.030303E+02  7.136368E-09
 2.079798E+02  6.782683E-09
 2.129293E+02  6.448564E-09
 2.178788E+02  6.161404E-09
 2.228283E+02  5.882526E-09
 2.277778E+02  5.625529E-09
 2.327273E+02  5.362561E-09
 2.376768E+02  5.137859E-09
 2.426263E+02  4.941907E-09
 2.475758E+02  4.737096E-09
 2.525253E+02  4.543250E-09
 2.574747E+02  4.357650E-09
 2.624242E+02  4.172471E-09
 2.673737E+02  4.031255E-09
 2.723232E+02  3.884836E-09
 2.772727E+02  3.738947E-09
 2.822222E+02  3.599670E-09
 2.871717E+02  3.482187E-09
 2.921212E+02  3.352110E-09
 2.970707E+02  3.238985E-09
 3.020202E+02  3.129126E-09
 3.069697E+02  3.018321E-09
 3.119192E+02  2.932583E-09
 3.168687E+02  2.812619E-09
 3.218182E+02  2.728192E-09
 3.267677E+02  2.638931E-09
 3.317172E+02  2.561051E-09
 3.366667E+02  2.474397E-09
 3.416162E+02  2.397196E-09
 3.465657E+02  2.327391E-09
 3.515152E+02  2.251593E-09
 3.564646E+02  2.182252E-09
 3.614141E+02  2.124370E-09
 3.663636E+02  2.055360E-09
 3.713131E+02  1.996550E-09
 3.762626E+02  1.936911E-09
 3.812121E+02  1.880609E-09
 3.861616E+02  1.832316E-09
 3.911111E+02  1.779092E-09
 3.960606E+02  1.724990E-09
 4.010101E+02  1.677906E-09
 4.059596E+02  1.623583E-09
 4.109091E+02  1.587636E-09
 4.158586E+02  1.540316E-09
 4.208081E+02  1.504137E-09
 4.257576E+02  1.462487E-09
 4.307071E+02  1.420160E-09
 4.356566E+02  1.386938E-09
 4.406061E+02  1.345796E-09
 4.455556E+02  1.319971E-09
 4.505051E+02  1.276775E-09
 4.554545E+02  1.248638E-09
 4.604040E+02  1.216525E-09
 4.653535E+02  1.184033E-09
 4.703030E+02  1.157549E-09
 4.752525E+02  1.123526E-09
 4.802020E+02  1.095815E-09
 4.851515E+02  1.068699E-09
 4.901010E+02  1.039640E-09
 4.950505E+02  1.012466E-09
 5.000000E+02  9.940452E-10
