 1.000000E+01  1.723011E-04
 1.494949E+01  1.800258E-04
 1.989899E+01  5.799525E-05
 2.484848E+01  1.098419E-05
 2.979798E+01  1.431792E-05
 3.474747E+01  1.737381E-05
 3.969697E+01  1.962322E-05
 4.464646E+01  2.129457E-05
 4.959596E+01  2.183589E-05
 5.454545E+01  2.136538E-05
 5.949495E+01  1.985893E-05
 6.444444E+01  1.719733E-05
 6.939394E+01  1.381337E-05
 7.434343E+01  9.827683E-06
 7.929293E+01  5.875053E-06
 8.424242E+01  2.460808E-06
 8.919192E+01  3.383857E-07
 9.414141E+01  3.958044E-08
 9.909091E+01  3.111283E-08
 1.040404E+02  2.623884E-08
 1.089899E+02  2.277722E-08
 1.139394E+02  2.025804E-08
 1.188889E+02  1.818811E-08
 1.238384E+02  1.651616E-08
 1.287879E+02  1.510062E-08
 1.337374E+02  1.386903E-08
 1.386869E+02  1.280502E-08
 1.436364E+02  1.186640E-08
 1.485859E+02  1.104359E-08
 1.535354E+02  1.032263E-08
 1.584848E+02  9.634056E-09
 1.634343E+02  9.058898E-09
 1.683838E+02  8.534562E-09
 1.733333E+02  8.015476E-09
 1.782828E+02  7.555274E-09
 1.832323E+02  7.178500E-09
 1.881818E+02  6.781576E-09
 1.931313E+02  6.437163E-09
 1.980808E+02  6.076092E-09
 2.030303E+02  5.788111E-09
 2.079798E+02  5.509969E-09
 2.129293E+02  5.247931E-09
 2.178788E+02  5.016730E-09
 2.228283E+02  4.767492E-09
 2.277778E+02  4.549469E-09
 2.327273E+02  4.351667E-09
 2.376768E+02  4.143885E-09
 2.426263E+02  3.980035E-09
 2.475758E+02  3.806500E-09
 2.525253E+02  3.638241E-09
 2.574747E+02  3.490110E-09
 2.624242E+02  3.352823E-09
 2.673737E+02  3.215270E-09
 2.723232E+02  3.080863E-09
 2.772727E+02  2.961001E-09
 2.822222E+02  2.845132E-09
 2.871717E+02  2.743230E-09
 2.921212E+02  2.636636E-09
 2.970707E+02  2.533454E-09
 3.020202E+02  2.440808E-09
 3.069697E+02  2.351294E-09
 3.119192E+02  2.260816E-09
 3.168687E+02  2.185470E-09
 3.218182E+02  2.107398E-09
 3.267677E+02  2.028081E-09
 3.317172E+02  1.957139E-09
 3.366667E+02  1.887855E-09
 3.416162E+02  1.829086E-09
 3.465657E+02  1.761340E-09
 3.515152E+02  1.695241E-09
 3.564646E+02  1.643805E-09
 3.614141E+02  1.593155E-09
 3.663636E+02  1.536281E-09
 3.713131E+02  1.493350E-09
 3.762626E+02  1.440281E-09
 3.812121E+02  1.393683E-09
 3.861616E+02  1.350656E-09
 3.911111E+02  1.307304E-09
 3.960606E+02  1.264282E-09
 4.010101E+02  1.226502E-09
 4.059596E+02  1.186152E-09
 4.109091E+02  1.151323E-09
 4.158586E+02  1.114474E-09
 4.208081E+02  1.080014E-09
 4.257576E+02  1.050198E-09
 4.307071E+02  1.019563E-09
 4.356566E+02  9.869919E-10
 4.406061E+02  9.572895E-10
 4.455556E+02  9.310968E-10
 4.505051E+02  9.025201E-10
 4.554545E+02  8.764074E-10
 4.604040E+02  8.531605E-10
 4.653535E+02  8.276176E-10
 4.703030E+02  8.056809E-10
 4.752525E+02  7.809704E-10
 4.802020E+02  7.596355E-10
 4.851515E+02  7.382667E-10
 4.901010E+02  7.182940E-10
 4.950505E+02  6.970287E-10
 5.000000E+02  6.784771E-10
