 1.000000E+01  1.673203E-05
 1.494949E+01  2.349648E-05
 1.989899E+01  1.810698E-05
 2.484848E+01  5.564328E-06
 2.979798E+01  1.269027E-06
 3.474747E+01  1.592304E-06
 3.969697E+01  1.909004E-06
 4.464646E+01  2.157589E-06
 4.959596E+01  2.367035E-06
 5.454545E+01  2.510734E-06
 5.949495E+01  2.572028E-06
 6.444444E+01  2.589911E-06
 6.939394E+01  2.468848E-06
 7.434343E+01  2.267148E-06
 7.929293E+01  1.986950E-06
 8.424242E+01  1.656881E-06
 8.919192E+01  1.283897E-06
 9.414141E+01  8.994307E-07
 9.909091E+01  5.372245E-07
 1.040404E+02  2.331641E-07
 1.089899E+02  4.321408E-08
 1.139394E+02  4.970308E-09
 1.188889E+02  3.962602E-09
 1.238384E+02  3.377598E-09
 1.287879E+02  2.975834E-09
 1.337374E+02  2.653898E-09
 1.386869E+02  2.409683E-09
 1.436364E+02  2.199624E-09
 1.485859E+02  2.036033E-09
 1.535354E+02  1.880383E-09
 1.584848E+02  1.746651E-09
 1.634343E+02  1.635336E-09
 1.683838E+02  1.534289E-09
 1.733333E+02  1.439198E-09
 1.782828E+02  1.356849E-09
 1.832323E+02  1.279273E-09
 1.881818E+02  1.212999E-09
 1.931313E+02  1.145967E-09
 1.980808E+02  1.085205E-09
 2.030303E+02  1.035482E-09
 2.079798E+02  9.840333E-10
 2.129293E+02  9.361241E-10
 2.178788E+02  8.914598E-10
 2.228283E+02  8.535842E-10
 2.277778E+02  8.131197E-10
 2.327273E+02  7.815528E-10
 2.376768E+02  7.452659E-10
 2.426263E+02  7.171239E-10
 2.475758E+02  6.839771E-10
 2.525253E+02  6.577241E-10
 2.574747E+02  6.325066E-10
 2.624242E+02  6.098267E-10
 2.673737E+02  5.828670E-10
 2.723232E+02  5.618592E-10
 2.772727E+02  5.395581E-10
 2.822222E+02  5.210026E-10
 2.871717E+02  5.024981E-10
 2.921212E+02  4.838923E-10
 2.970707E+02  4.667117E-10
 3.020202E+02  4.494741E-10
 3.069697E+02  4.350863E-10
 3.119192E+02  4.195174E-10
 3.168687E+02  4.051659E-10
 3.218182E+02  3.909319E-10
 3.267677E+02  3.788158E-10
 3.317172E+02  3.678785E-10
 3.366667E+02  3.544165E-10
 3.416162E+02  3.438100E-10
 3.465657E+02  3.315909E-10
 3.515152E+02  3.212330E-10
 3.564646E+02  3.121403E-10
 3.614141E+02  3.017187E-10
 3.663636E+02  2.929851E-10
 3.713131E+02  2.837281E-10
 3.762626E+02  2.741841E-10
 3.812121E+02  2.668421E-10
 3.861616E+02  2.585500E-10
 3.911111E+02  2.513562E-10
 3.960606E+02  2.435267E-10
 4.010101E+02  2.367287E-10
 4.059596E+02  2.308740E-10
 4.109091E+02  2.232421E-10
 4.158586E+02  2.179366E-10
 4.208081E+02  2.114153E-10
 4.257576E+02  2.052419E-10
 4.307071E+02  1.994966E-10
 4.356566E+02  1.936458E-10
 4.406061E+02  1.882930E-10
 4.455556E+02  1.831533E-10
 4.505051E+02  1.787666E-10
 4.554545E+02  1.738474E-10
 4.604040E+02  1.686102E-10
 4.653535E+02  1.646904E-10
 4.703030E+02  1.603214E-10
 4.752525E+02  1.559973E-10
 4.802020E+02  1.524172E-10
 4.851515E+02  1.483159E-10
 4.901010E+02  1.441519E-10
 4.950505E+02  1.411463E-10
 5.000000E+02  1.370640E-10
