 1.000000E+01  4.248031E-05
 1.494949E+01  5.053180E-05
 1.989899E+01  2.201040E-05
 2.484848E+01  2.699014E-06
 2.979798E+01  3.536444E-06
 3.474747E+01  4.340458E-06
 3.969697E+01  5.013460E-06
 4.464646E+01  5.501989E-06
 4.959596E+01  5.773990E-06
 5.454545E+01  5.803064E-06
 5.949495E+01  5.522196E-06
 6.444444E+01  5.037643E-06
 6.939394E+01  4.345337E-06
 7.434343E+01  3.417469E-06
 7.929293E+01  2.392348E-06
 8.424242E+01  1.389278E-06
 8.919192E+01  5.676819E-07
 9.414141E+01  7.065852E-08
 9.909091E+01  1.045415E-08
 1.040404E+02  8.343331E-09
 1.089899E+02  7.057063E-09
 1.139394E+02  6.173657E-09
 1.188889E+02  5.508827E-09
 1.238384E+02  4.952104E-09
 1.287879E+02  4.502962E-09
 1.337374E+02  4.125055E-09
 1.386869E+02  3.801927E-09
 1.436364E+02  3.524220E-09
 1.485859E+02  3.262357E-09
 1.535354E+02  3.053157E-09
 1.584848E+02  2.850510E-09
 1.634343E+02  2.675690E-09
 1.683838E+02  2.516860E-09
 1.733333E+02  2.370529E-09
 1.782828E+02  2.237743E-09
 1.832323E+02  2.110188E-09
 1.881818E+02  2.001470E-09
 1.931313E+02  1.898390E-09
 1.980808E+02  1.806208E-09
 2.030303E+02  1.706078E-09
 2.079798E+02  1.629155E-09
 2.129293E+02  1.548898E-09
 2.178788E+02  1.477579E-09
 2.228283E+02  1.406746E-09
 2.277778E+02  1.345985E-09
 2.327273E+02  1.285994E-09
 2.376768E+02  1.228900E-09
 2.426263E+02  1.175696E-09
 2.475758E+02  1.125068E-09
 2.525253E+02  1.082303E-09
 2.574747E+02  1.033663E-09
 2.624242E+02  9.950888E-10
 2.673737E+02  9.546354E-10
 2.723232E+02  9.173829E-10
 2.772727E+02  8.824867E-10
 2.822222E+02  8.471641E-10
 2.871717E+02  8.170985E-10
 2.921212E+02  7.837147E-10
 2.970707E+02  7.559555E-10
 3.020202E+02  7.287873E-10
 3.069697E+02  7.034519E-10
 3.119192E+02  6.763059E-10
 3.168687E+02  6.510920E-10
 3.218182E+02  6.267550E-10
 3.267677E+02  6.094082E-10
 3.317172E+02  5.864684E-10
 3.366667E+02  5.651110E-10
 3.416162E+02  5.467761E-10
 3.465657E+02  5.289234E-10
 3.515152E+02  5.116925E-10
 3.564646E+02  4.947647E-10
 3.614141E+02  4.775894E-10
 3.663636E+02  4.622522E-10
 3.713131E+02  4.478109E-10
 3.762626E+02  4.344356E-10
 3.812121E+02  4.212182E-10
 3.861616E+02  4.069119E-10
 3.911111E+02  3.941706E-10
 3.960606E+02  3.815262E-10
 4.010101E+02  3.697047E-10
 4.059596E+02  3.589623E-10
 4.109091E+02  3.484259E-10
 4.158586E+02  3.388526E-10
 4.208081E+02  3.273188E-10
 4.257576E+02  3.179970E-10
 4.307071E+02  3.084247E-10
 4.356566E+02  2.995212E-10
 4.406061E+02  2.919132E-10
 4.455556E+02  2.815571E-10
 4.505051E+02  2.749554E-10
 4.554545E+02  2.657464E-10
 4.604040E+02  2.602002E-10
 4.653535E+02  2.514578E-10
 4.703030E+02  2.445836E-10
 4.752525E+02  2.375751E-10
 4.802020E+02  2.321036E-10
 4.851515E+02  2.252464E-10
 4.901010E+02  2.198329E-10
 4.950505E+02  2.136050E-10
 5.000000E+02  2.075847E-10
