 1.000000E+01  1.771085E-04
 1.494949E+01  2.699440E-04
 1.989899E+01  2.973867E-04
 2.484848E+01  2.104221E-04
 2.979798E+01  6.899376E-05
 3.474747E+01  1.568041E-05
 3.969697E+01  1.913355E-05
 4.464646E+01  2.251536E-05
 4.959596E+01  2.577972E-05
 5.454545E+01  2.855973E-05
 5.949495E+01  3.064701E-05
 6.444444E+01  3.198056E-05
 6.939394E+01  3.234012E-05
 7.434343E+01  3.306462E-05
 7.929293E+01  3.309949E-05
 8.424242E+01  3.114314E-05
 8.919192E+01  2.884288E-05
 9.414141E+01  2.704694E-05
 9.909091E+01  2.262828E-05
 1.040404E+02  1.869207E-05
 1.089899E+02  1.453867E-05
 1.139394E+02  1.046225E-05
 1.188889E+02  6.608456E-06
 1.238384E+02  3.329324E-06
 1.287879E+02  1.022379E-06
 1.337374E+02  7.953086E-08
 1.386869E+02  5.726969E-08
 1.436364E+02  4.873179E-08
 1.485859E+02  4.281105E-08
 1.535354E+02  3.841940E-08
 1.584848E+02  3.498869E-08
 1.634343E+02  3.221191E-08
 1.683838E+02  2.966258E-08
 1.733333E+02  2.765180E-08
 1.782828E+02  2.583002E-08
 1.832323E+02  2.420135E-08
 1.881818E+02  2.277245E-08
 1.931313E+02  2.151467E-08
 1.980808E+02  2.037481E-08
 2.030303E+02  1.930547E-08
 2.079798E+02  1.831153E-08
 2.129293E+02  1.746035E-08
 2.178788E+02  1.663812E-08
 2.228283E+02  1.585208E-08
 2.277778E+02  1.516546E-08
 2.327273E+02  1.447683E-08
 2.376768E+02  1.388583E-08
 2.426263E+02  1.325963E-08
 2.475758E+02  1.273600E-08
 2.525253E+02  1.222567E-08
 2.574747E+02  1.176000E-08
 2.624242E+02  1.130278E-08
 2.673737E+02  1.084752E-08
 2.723232E+02  1.047241E-08
 2.772727E+02  1.007194E-08
 2.822222E+02  9.735018E-09
 2.871717E+02  9.372023E-09
 2.921212E+02  9.028155E-09
 2.970707E+02  8.744188E-09
 3.020202E+02  8.451502E-09
 3.069697E+02  8.154567E-09
 3.119192E+02  7.878557E-09
 3.168687E+02  7.656640E-09
 3.218182E+02  7.375158E-09
 3.267677E+02  7.175496E-09
 3.317172E+02  6.927233E-09
 3.366667E+02  6.713498E-09
 3.416162E+02  6.509553E-09
 3.465657E+02  6.312001E-09
 3.515152E+02  6.129425E-09
 3.564646E+02  5.941421E-09
 3.614141E+02  5.756876E-09
 3.663636E+02  5.588987E-09
 3.713131E+02  5.443061E-09
 3.762626E+02  5.276625E-09
 3.812121E+02  5.132525E-09
 3.861616E+02  4.978593E-09
 3.911111E+02  4.850027E-09
 3.960606E+02  4.717595E-09
 4.010101E+02  4.578839E-09
 4.059596E+02  4.465600E-09
 4.109091E+02  4.327915E-09
 4.158586E+02  4.224768E-09
 4.208081E+02  4.113304E-09
 4.257576E+02  3.999549E-09
 4.307071E+02  3.899133E-09
 4.356566E+02  3.798263E-09
 4.406061E+02  3.695361E-09
 4.455556E+02  3.606384E-09
 4.505051E+02  3.516094E-09
 4.554545E+02  3.426258E-09
 4.604040E+02  3.330128E-09
 4.653535E+02  3.255299E-09
 4.703030E+02  3.171991E-09
 4.752525E+02  3.094043E-09
 4.802020E+02  3.025334E-09
 4.851515E+02  2.967466E-09
 4.901010E+02  2.885310E-09
 4.950505E+02  2.804078E-09
 5.000000E+02  2.740765E-09
