 1.000000E+01  1.722388E-04
 1.494949E+01  2.793125E-04
 1.989899E+01  2.977782E-04
 2.484848E+01  2.067139E-04
 2.979798E+01  6.920873E-05
 3.474747E+01  1.569910E-05
 3.969697E+01  1.919146E-05
 4.464646E+01  2.251953E-05
 4.959596E+01  2.563617E-05
 5.454545E+01  2.825460E-05
 5.949495E+01  3.006703E-05
 6.444444E+01  3.215941E-05
 6.939394E+01  3.299801E-05
 7.434343E+01  3.292083E-05
 7.929293E+01  3.176897E-05
 8.424242E+01  3.097105E-05
 8.919192E+01  2.874243E-05
 9.414141E+01  2.594091E-05
 9.909091E+01  2.257932E-05
 1.040404E+02  1.884821E-05
 1.089899E+02  1.457953E-05
 1.139394E+02  1.043047E-05
 1.188889E+02  6.593304E-06
 1.238384E+02  3.358013E-06
 1.287879E+02  1.023660E-06
 1.337374E+02  7.954937E-08
 1.386869E+02  5.720339E-08
 1.436364E+02  4.855475E-08
 1.485859E+02  4.293000E-08
 1.535354E+02  3.850707E-08
 1.584848E+02  3.494989E-08
 1.634343E+02  3.210953E-08
 1.683838E+02  2.977197E-08
 1.733333E+02  2.766447E-08
 1.782828E+02  2.587121E-08
 1.832323E+02  2.425603E-08
 1.881818E+02  2.279680E-08
 1.931313E+02  2.143745E-08
 1.980808E+02  2.035453E-08
 2.030303E+02  1.925276E-08
 2.079798E+02  1.831501E-08
 2.129293E+02  1.742846E-08
 2.178788E+02  1.658036E-08
 2.228283E+02  1.580765E-08
 2.277778E+02  1.509985E-08
 2.327273E+02  1.446792E-08
 2.376768E+02  1.385885E-08
 2.426263E+02  1.329859E-08
 2.475758E+02  1.273210E-08
 2.525253E+02  1.223906E-08
 2.574747E+02  1.179200E-08
 2.624242E+02  1.128456E-08
 2.673737E+02  1.085476E-08
 2.723232E+02  1.047661E-08
 2.772727E+02  1.009994E-08
 2.822222E+02  9.694612E-09
 2.871717E+02  9.394981E-09
 2.921212E+02  9.041002E-09
 2.970707E+02  8.727343E-09
 3.020202E+02  8.433468E-09
 3.069697E+02  8.158607E-09
 3.119192E+02  7.883405E-09
 3.168687E+02  7.634711E-09
 3.218182E+02  7.383372E-09
 3.267677E+02  7.139926E-09
 3.317172E+02  6.930679E-09
 3.366667E+02  6.719581E-09
 3.416162E+02  6.504714E-09
 3.465657E+02  6.302310E-09
 3.515152E+02  6.135742E-09
 3.564646E+02  5.926535E-09
 3.614141E+02  5.764852E-09
 3.663636E+02  5.595145E-09
 3.713131E+02  5.436870E-09
 3.762626E+02  5.281181E-09
 3.812121E+02  5.133598E-09
 3.861616E+02  4.985929E-09
 3.911111E+02  4.844319E-09
 3.960606E+02  4.710702E-09
 4.010101E+02  4.579862E-09
 4.059596E+02  4.443626E-09
 4.109091E+02  4.344342E-09
 4.158586E+02  4.232191E-09
 4.208081E+02  4.110929E-09
 4.257576E+02  4.001467E-09
 4.307071E+02  3.906608E-09
 4.356566E+02  3.804347E-09
 4.406061E+02  3.702830E-09
 4.455556E+02  3.601919E-09
 4.505051E+02  3.521772E-09
 4.554545E+02  3.433365E-09
 4.604040E+02  3.358259E-09
 4.653535E+02  3.258175E-09
 4.703030E+02  3.183185E-09
 4.752525E+02  3.101938E-09
 4.802020E+02  3.025294E-09
 4.851515E+02  2.953753E-09
 4.901010E+02  2.880020E-09
 4.950505E+02  2.807809E-09
 5.000000E+02  2.749132E-09
