 1.000000E+01  1.729506E-05
 1.494949E+01  2.282426E-05
 1.989899E+01  1.806509E-05
 2.484848E+01  5.560673E-06
 2.979798E+01  1.275520E-06
 3.474747E+01  1.584017E-06
 3.969697E+01  1.892775E-06
 4.464646E+01  2.161629E-06
 4.959596E+01  2.353310E-06
 5.454545E+01  2.491260E-06
 5.949495E+01  2.590829E-06
 6.444444E+01  2.556072E-06
 6.939394E+01  2.448733E-06
 7.434343E+01  2.249350E-06
 7.929293E+01  1.994262E-06
 8.424242E+01  1.661987E-06
 8.919192E+01  1.285415E-06
 9.414141E+01  9.046312E-07
 9.909091E+01  5.368721E-07
 1.040404E+02  2.335019E-07
 1.089899E+02  4.327412E-08
 1.139394E+02  4.960969E-09
 1.188889E+02  3.959318E-09
 1.238384E+02  3.379429E-09
 1.287879E+02  2.973767E-09
 1.337374E+02  2.665857E-09
 1.386869E+02  2.409886E-09
 1.436364E+02  2.208013E-09
 1.485859E+02  2.030674E-09
 1.535354E+02  1.878651E-09
 1.584848E+02  1.748145E-09
 1.634343E+02  1.628407E-09
 1.683838E+02  1.535392E-09
 1.733333E+02  1.436735E-09
 1.782828E+02  1.353966E-09
 1.832323E+02  1.276316E-09
 1.881818E+02  1.206820E-09
 1.931313E+02  1.147578E-09
 1.980808E+02  1.085191E-09
 2.030303E+02  1.033430E-09
 2.079798E+02  9.804987E-10
 2.129293E+02  9.389529E-10
 2.178788E+02  8.932878E-10
 2.228283E+02  8.532582E-10
 2.277778E+02  8.145586E-10
 2.327273E+02  7.785976E-10
 2.376768E+02  7.487645E-10
 2.426263E+02  7.155339E-10
 2.475758E+02  6.871088E-10
 2.525253E+02  6.592354E-10
 2.574747E+02  6.311118E-10
 2.624242E+02  6.070278E-10
 2.673737E+02  5.827369E-10
 2.723232E+02  5.608793E-10
 2.772727E+02  5.405496E-10
 2.822222E+02  5.214057E-10
 2.871717E+02  5.006809E-10
 2.921212E+02  4.836239E-10
 2.970707E+02  4.669388E-10
 3.020202E+02  4.507868E-10
 3.069697E+02  4.354812E-10
 3.119192E+02  4.191811E-10
 3.168687E+02  4.056182E-10
 3.218182E+02  3.921017E-10
 3.267677E+02  3.782551E-10
 3.317172E+02  3.663447E-10
 3.366667E+02  3.546370E-10
 3.416162E+02  3.421438E-10
 3.465657E+02  3.307452E-10
 3.515152E+02  3.214776E-10
 3.564646E+02  3.111584E-10
 3.614141E+02  3.026306E-10
 3.663636E+02  2.922180E-10
 3.713131E+02  2.827792E-10
 3.762626E+02  2.752851E-10
 3.812121E+02  2.665593E-10
 3.861616E+02  2.582763E-10
 3.911111E+02  2.518051E-10
 3.960606E+02  2.451666E-10
 4.010101E+02  2.365254E-10
 4.059596E+02  2.299587E-10
 4.109091E+02  2.240467E-10
 4.158586E+02  2.168676E-10
 4.208081E+02  2.111821E-10
 4.257576E+02  2.052538E-10
 4.307071E+02  1.987766E-10
 4.356566E+02  1.939863E-10
 4.406061E+02  1.885438E-10
 4.455556E+02  1.837159E-10
 4.505051E+02  1.784917E-10
 4.554545E+02  1.739165E-10
 4.604040E+02  1.691961E-10
 4.653535E+02  1.642595E-10
 4.703030E+02  1.604134E-10
 4.752525E+02  1.558200E-10
 4.802020E+02  1.520175E-10
 4.851515E+02  1.477878E-10
 4.901010E+02  1.445208E-10
 4.950505E+02  1.404663E-10
 5.000000E+02  1.373061E-10
