 1.000000E+01  4.569447E-05
 1.494949E+01  4.927144E-05
 1.989899E+01  2.275590E-05
 2.484848E+01  2.690321E-06
 2.979798E+01  3.542940E-06
 3.474747E+01  4.326876E-06
 3.969697E+01  5.012972E-06
 4.464646E+01  5.519615E-06
 4.959596E+01  5.767331E-06
 5.454545E+01  5.848374E-06
 5.949495E+01  5.504202E-06
 6.444444E+01  5.050017E-06
 6.939394E+01  4.302980E-06
 7.434343E+01  3.429576E-06
 7.929293E+01  2.395811E-06
 8.424242E+01  1.398364E-06
 8.919192E+01  5.673061E-07
 9.414141E+01  7.065123E-08
 9.909091E+01  1.045363E-08
 1.040404E+02  8.307456E-09
 1.089899E+02  7.067315E-09
 1.139394E+02  6.168038E-09
 1.188889E+02  5.499703E-09
 1.238384E+02  4.948509E-09
 1.287879E+02  4.496262E-09
 1.337374E+02  4.117480E-09
 1.386869E+02  3.804835E-09
 1.436364E+02  3.516685E-09
 1.485859E+02  3.272394E-09
 1.535354E+02  3.047952E-09
 1.584848E+02  2.855544E-09
 1.634343E+02  2.679072E-09
 1.683838E+02  2.511567E-09
 1.733333E+02  2.372713E-09
 1.782828E+02  2.233171E-09
 1.832323E+02  2.110979E-09
 1.881818E+02  2.001290E-09
 1.931313E+02  1.896594E-09
 1.980808E+02  1.800953E-09
 2.030303E+02  1.711679E-09
 2.079798E+02  1.628445E-09
 2.129293E+02  1.546434E-09
 2.178788E+02  1.477187E-09
 2.228283E+02  1.409706E-09
 2.277778E+02  1.347486E-09
 2.327273E+02  1.284089E-09
 2.376768E+02  1.232404E-09
 2.426263E+02  1.177883E-09
 2.475758E+02  1.127294E-09
 2.525253E+02  1.082433E-09
 2.574747E+02  1.035502E-09
 2.624242E+02  9.944431E-10
 2.673737E+02  9.555914E-10
 2.723232E+02  9.165572E-10
 2.772727E+02  8.818018E-10
 2.822222E+02  8.463024E-10
 2.871717E+02  8.165431E-10
 2.921212E+02  7.849598E-10
 2.970707E+02  7.549087E-10
 3.020202E+02  7.266752E-10
 3.069697E+02  7.019590E-10
 3.119192E+02  6.764828E-10
 3.168687E+02  6.487147E-10
 3.218182E+02  6.286624E-10
 3.267677E+02  6.065680E-10
 3.317172E+02  5.867081E-10
 3.366667E+02  5.654013E-10
 3.416162E+02  5.474446E-10
 3.465657E+02  5.278203E-10
 3.515152E+02  5.109367E-10
 3.564646E+02  4.946531E-10
 3.614141E+02  4.768871E-10
 3.663636E+02  4.638509E-10
 3.713131E+02  4.479249E-10
 3.762626E+02  4.327552E-10
 3.812121E+02  4.204901E-10
 3.861616E+02  4.065395E-10
 3.911111E+02  3.943978E-10
 3.960606E+02  3.819562E-10
 4.010101E+02  3.707644E-10
 4.059596E+02  3.586393E-10
 4.109091E+02  3.482181E-10
 4.158586E+02  3.370711E-10
 4.208081E+02  3.277282E-10
 4.257576E+02  3.217762E-10
 4.307071E+02  3.093317E-10
 4.356566E+02  2.993941E-10
 4.406061E+02  2.909484E-10
 4.455556E+02  2.831286E-10
 4.505051E+02  2.747499E-10
 4.554545E+02  2.665677E-10
 4.604040E+02  2.592507E-10
 4.653535E+02  2.521026E-10
 4.703030E+02  2.450438E-10
 4.752525E+02  2.385012E-10
 4.802020E+02  2.316677E-10
 4.851515E+02  2.252225E-10
 4.901010E+02  2.193510E-10
 4.950505E+02  2.133435E-10
 5.000000E+02  2.069210E-10
