 1.000000E+01  7.172978E-06
 1.494949E+01  1.305996E-05
 1.989899E+01  1.693851E-05
 2.484848E+01  1.708672E-05
 2.979798E+01  1.360490E-05
 3.474747E+01  7.237303E-06
 3.969697E+01  1.537847E-06
 4.464646E+01  9.449515E-07
 4.959596E+01  1.120158E-06
 5.454545E+01  1.282260E-06
 5.949495E+01  1.434066E-06
 6.444444E+01  1.558802E-06
 6.939394E+01  1.681836E-06
 7.434343E+01  1.791173E-06
 7.929293E+01  1.844718E-06
 8.424242E+01  1.897216E-06
 8.919192E+01  1.933099E-06
 9.414141E+01  1.934446E-06
 9.909091E+01  1.881119E-06
 1.040404E+02  1.838940E-06
 1.089899E+02  1.741418E-06
 1.139394E+02  1.632240E-06
 1.188889E+02  1.477185E-06
 1.238384E+02  1.313518E-06
 1.287879E+02  1.130184E-06
 1.337374E+02  9.448407E-07
 1.386869E+02  7.436476E-07
 1.436364E+02  5.502799E-07
 1.485859E+02  3.732896E-07
 1.535354E+02  2.153560E-07
 1.584848E+02  9.352930E-08
 1.634343E+02  1.995116E-08
 1.683838E+02  3.971558E-09
 1.733333E+02  3.306941E-09
 1.782828E+02  2.892053E-09
 1.832323E+02  2.611418E-09
 1.881818E+02  2.374127E-09
 1.931313E+02  2.190551E-09
 1.980808E+02  2.036163E-09
 2.030303E+02  1.901482E-09
 2.079798E+02  1.785717E-09
 2.129293E+02  1.682126E-09
 2.178788E+02  1.585122E-09
 2.228283E+02  1.503967E-09
 2.277778E+02  1.430687E-09
 2.327273E+02  1.359669E-09
 2.376768E+02  1.297086E-09
 2.426263E+02  1.241920E-09
 2.475758E+02  1.184939E-09
 2.525253E+02  1.133341E-09
 2.574747E+02  1.086590E-09
 2.624242E+02  1.046932E-09
 2.673737E+02  1.005744E-09
 2.723232E+02  9.700684E-10
 2.772727E+02  9.295113E-10
 2.822222E+02  8.987352E-10
 2.871717E+02  8.642013E-10
 2.921212E+02  8.348341E-10
 2.970707E+02  8.075978E-10
 3.020202E+02  7.809247E-10
 3.069697E+02  7.548856E-10
 3.119192E+02  7.315771E-10
 3.168687E+02  7.108645E-10
 3.218182E+02  6.876830E-10
 3.267677E+02  6.645205E-10
 3.317172E+02  6.422921E-10
 3.366667E+02  6.248140E-10
 3.416162E+02  6.052877E-10
 3.465657E+02  5.877463E-10
 3.515152E+02  5.702541E-10
 3.564646E+02  5.542531E-10
 3.614141E+02  5.379356E-10
 3.663636E+02  5.230549E-10
 3.713131E+02  5.093550E-10
 3.762626E+02  4.958458E-10
 3.812121E+02  4.819214E-10
 3.861616E+02  4.689163E-10
 3.911111E+02  4.563223E-10
 3.960606E+02  4.449693E-10
 4.010101E+02  4.335970E-10
 4.059596E+02  4.217209E-10
 4.109091E+02  4.112650E-10
 4.158586E+02  4.025238E-10
 4.208081E+02  3.912080E-10
 4.257576E+02  3.807245E-10
 4.307071E+02  3.721078E-10
 4.356566E+02  3.639839E-10
 4.406061E+02  3.542770E-10
 4.455556E+02  3.460208E-10
 4.505051E+02  3.378640E-10
 4.554545E+02  3.299981E-10
 4.604040E+02  3.216622E-10
 4.653535E+02  3.142527E-10
 4.703030E+02  3.080799E-10
 4.752525E+02  3.018212E-10
 4.802020E+02  2.932659E-10
 4.851515E+02  2.870198E-10
 4.901010E+02  2.808543E-10
 4.950505E+02  2.740180E-10
 5.000000E+02  2.693996E-10
