 1.000000E+01  7.148408E-06
 1.494949E+01  1.295330E-05
 1.989899E+01  1.696475E-05
 2.484848E+01  1.717456E-05
 2.979798E+01  1.348472E-05
 3.474747E+01  7.195721E-06
 3.969697E+01  1.536070E-06
 4.464646E+01  9.472080E-07
 4.959596E+01  1.107976E-06
 5.454545E+01  1.268390E-06
 5.949495E+01  1.427675E-06
 6.444444E+01  1.560035E-06
 6.939394E+01  1.666526E-06
 7.434343E+01  1.785588E-06
 7.929293E+01  1.852525E-06
 8.424242E+01  1.910272E-06
 8.919192E+01  1.917344E-06
 9.414141E+01  1.922338E-06
 9.909091E+01  1.902079E-06
 1.040404E+02  1.834748E-06
 1.089899E+02  1.751310E-06
 1.139394E+02  1.634266E-06
 1.188889E+02  1.483853E-06
 1.238384E+02  1.321661E-06
 1.287879E+02  1.136129E-06
 1.337374E+02  9.368263E-07
 1.386869E+02  7.469047E-07
 1.436364E+02  5.527815E-07
 1.485859E+02  3.724494E-07
 1.535354E+02  2.149261E-07
 1.584848E+02  9.351395E-08
 1.634343E+02  1.996855E-08
 1.683838E+02  3.967311E-09
 1.733333E+02  3.302031E-09
 1.782828E+02  2.892716E-09
 1.832323E+02  2.606621E-09
 1.881818E+02  2.374084E-09
 1.931313E+02  2.186768E-09
 1.980808E+02  2.032316E-09
 2.030303E+02  1.900774E-09
 2.079798E+02  1.789528E-09
 2.129293E+02  1.682476E-09
 2.178788E+02  1.587484E-09
 2.228283E+02  1.503413E-09
 2.277778E+02  1.430520E-09
 2.327273E+02  1.360687E-09
 2.376768E+02  1.295809E-09
 2.426263E+02  1.239109E-09
 2.475758E+02  1.184647E-09
 2.525253E+02  1.136070E-09
 2.574747E+02  1.094540E-09
 2.624242E+02  1.044541E-09
 2.673737E+02  1.004220E-09
 2.723232E+02  9.677147E-10
 2.772727E+02  9.311429E-10
 2.822222E+02  8.981370E-10
 2.871717E+02  8.634451E-10
 2.921212E+02  8.361953E-10
 2.970707E+02  8.074115E-10
 3.020202E+02  7.791573E-10
 3.069697E+02  7.545422E-10
 3.119192E+02  7.301742E-10
 3.168687E+02  7.070210E-10
 3.218182E+02  6.843556E-10
 3.267677E+02  6.628514E-10
 3.317172E+02  6.432581E-10
 3.366667E+02  6.217388E-10
 3.416162E+02  6.034851E-10
 3.465657E+02  5.876640E-10
 3.515152E+02  5.704805E-10
 3.564646E+02  5.537595E-10
 3.614141E+02  5.386233E-10
 3.663636E+02  5.246859E-10
 3.713131E+02  5.102263E-10
 3.762626E+02  4.943229E-10
 3.812121E+02  4.815369E-10
 3.861616E+02  4.699294E-10
 3.911111E+02  4.574580E-10
 3.960606E+02  4.466587E-10
 4.010101E+02  4.329942E-10
 4.059596E+02  4.223833E-10
 4.109091E+02  4.114900E-10
 4.158586E+02  4.016497E-10
 4.208081E+02  3.910026E-10
 4.257576E+02  3.818866E-10
 4.307071E+02  3.719380E-10
 4.356566E+02  3.623232E-10
 4.406061E+02  3.547118E-10
 4.455556E+02  3.450954E-10
 4.505051E+02  3.382892E-10
 4.554545E+02  3.298902E-10
 4.604040E+02  3.218145E-10
 4.653535E+02  3.152941E-10
 4.703030E+02  3.073493E-10
 4.752525E+02  3.013459E-10
 4.802020E+02  2.938235E-10
 4.851515E+02  2.871176E-10
 4.901010E+02  2.802814E-10
 4.950505E+02  2.746721E-10
 5.000000E+02  2.694877E-10
