 1.000000E+01  3.297305E-05
 1.494949E+01  1.770584E-05
 1.989899E+01  7.589175E-06
 2.484848E+01  4.433842E-06
 2.979798E+01  3.981846E-06
 3.474747E+01  3.505429E-06
 3.969697E+01  3.093200E-06
 4.464646E+01  2.657348E-06
 4.959596E+01  2.222078E-06
 5.454545E+01  1.763148E-06
 5.949495E+01  1.410257E-06
 6.444444E+01  1.070798E-06
 6.939394E+01  7.709905E-07
 7.434343E+01  5.192950E-07
 7.929293E+01  3.270359E-07
 8.424242E+01  1.837570E-07
 8.919192E+01  8.573314E-08
 9.414141E+01  3.113787E-08
 9.909091E+01  7.871154E-09
 1.040404E+02  3.176378E-09
 1.089899E+02  2.773794E-09
 1.139394E+02  2.472236E-09
 1.188889E+02  2.239754E-09
 1.238384E+02  2.036696E-09
 1.287879E+02  1.860058E-09
 1.337374E+02  1.714422E-09
 1.386869E+02  1.576568E-09
 1.436364E+02  1.460429E-09
 1.485859E+02  1.357279E-09
 1.535354E+02  1.259238E-09
 1.584848E+02  1.172205E-09
 1.634343E+02  1.096938E-09
 1.683838E+02  1.029759E-09
 1.733333E+02  9.646363E-10
 1.782828E+02  9.054837E-10
 1.832323E+02  8.547872E-10
 1.881818E+02  8.080322E-10
 1.931313E+02  7.589966E-10
 1.980808E+02  7.124531E-10
 2.030303E+02  6.789337E-10
 2.079798E+02  6.402619E-10
 2.129293E+02  6.063760E-10
 2.178788E+02  5.745820E-10
 2.228283E+02  5.462070E-10
 2.277778E+02  5.165541E-10
 2.327273E+02  4.935502E-10
 2.376768E+02  4.695972E-10
 2.426263E+02  4.475361E-10
 2.475758E+02  4.244420E-10
 2.525253E+02  4.070427E-10
 2.574747E+02  3.863216E-10
 2.624242E+02  3.693039E-10
 2.673737E+02  3.538582E-10
 2.723232E+02  3.386122E-10
 2.772727E+02  3.224818E-10
 2.822222E+02  3.087743E-10
 2.871717E+02  2.958280E-10
 2.921212E+02  2.849254E-10
 2.970707E+02  2.730364E-10
 3.020202E+02  2.614336E-10
 3.069697E+02  2.513321E-10
 3.119192E+02  2.404099E-10
 3.168687E+02  2.307006E-10
 3.218182E+02  2.214370E-10
 3.267677E+02  2.131745E-10
 3.317172E+02  2.043154E-10
 3.366667E+02  1.971810E-10
 3.416162E+02  1.883624E-10
 3.465657E+02  1.812423E-10
 3.515152E+02  1.753468E-10
 3.564646E+02  1.684275E-10
 3.614141E+02  1.631321E-10
 3.663636E+02  1.572883E-10
 3.713131E+02  1.510907E-10
 3.762626E+02  1.461403E-10
 3.812121E+02  1.407351E-10
 3.861616E+02  1.357760E-10
 3.911111E+02  1.312377E-10
 3.960606E+02  1.263274E-10
 4.010101E+02  1.221215E-10
 4.059596E+02  1.178620E-10
 4.109091E+02  1.143266E-10
 4.158586E+02  1.103859E-10
 4.208081E+02  1.065442E-10
 4.257576E+02  1.029384E-10
 4.307071E+02  9.978294E-11
 4.356566E+02  9.673557E-11
 4.406061E+02  9.314256E-11
 4.455556E+02  9.038088E-11
 4.505051E+02  8.753882E-11
 4.554545E+02  8.489265E-11
 4.604040E+02  8.216206E-11
 4.653535E+02  7.969675E-11
 4.703030E+02  7.699522E-11
 4.752525E+02  7.477334E-11
 4.802020E+02  7.232971E-11
 4.851515E+02  7.025390E-11
 4.901010E+02  6.842853E-11
 4.950505E+02  6.607166E-11
 5.000000E+02  6.400752E-11
