 1.000000E+01  2.587207E-05
 1.494949E+01  1.746895E-05
 1.989899E+01  7.527228E-06
 2.484848E+01  4.406542E-06
 2.979798E+01  3.984852E-06
 3.474747E+01  3.499289E-06
 3.969697E+01  3.118176E-06
 4.464646E+01  2.643999E-06
 4.959596E+01  2.198649E-06
 5.454545E+01  1.788600E-06
 5.949495E+01  1.397652E-06
 6.444444E+01  1.060250E-06
 6.939394E+01  7.829963E-07
 7.434343E+01  5.172570E-07
 7.929293E+01  3.256236E-07
 8.424242E+01  1.806830E-07
 8.919192E+01  8.587886E-08
 9.414141E+01  3.133758E-08
 9.909091E+01  7.872630E-09
 1.040404E+02  3.168766E-09
 1.089899E+02  2.773223E-09
 1.139394E+02  2.483853E-09
 1.188889E+02  2.234997E-09
 1.238384E+02  2.031565E-09
 1.287879E+02  1.859006E-09
 1.337374E+02  1.705756E-09
 1.386869E+02  1.574579E-09
 1.436364E+02  1.458757E-09
 1.485859E+02  1.356233E-09
 1.535354E+02  1.256132E-09
 1.584848E+02  1.173627E-09
 1.634343E+02  1.097358E-09
 1.683838E+02  1.028638E-09
 1.733333E+02  9.640745E-10
 1.782828E+02  9.068497E-10
 1.832323E+02  8.517532E-10
 1.881818E+02  8.065752E-10
 1.931313E+02  7.556834E-10
 1.980808E+02  7.147167E-10
 2.030303E+02  6.762065E-10
 2.079798E+02  6.401838E-10
 2.129293E+02  6.053865E-10
 2.178788E+02  5.736856E-10
 2.228283E+02  5.458353E-10
 2.277778E+02  5.156017E-10
 2.327273E+02  4.947831E-10
 2.376768E+02  4.693737E-10
 2.426263E+02  4.453218E-10
 2.475758E+02  4.244259E-10
 2.525253E+02  4.074608E-10
 2.574747E+02  3.847652E-10
 2.624242E+02  3.686096E-10
 2.673737E+02  3.536313E-10
 2.723232E+02  3.372380E-10
 2.772727E+02  3.240177E-10
 2.822222E+02  3.096697E-10
 2.871717E+02  2.958261E-10
 2.921212E+02  2.827292E-10
 2.970707E+02  2.725369E-10
 3.020202E+02  2.614879E-10
 3.069697E+02  2.510839E-10
 3.119192E+02  2.397833E-10
 3.168687E+02  2.302068E-10
 3.218182E+02  2.219346E-10
 3.267677E+02  2.125546E-10
 3.317172E+02  2.046071E-10
 3.366667E+02  1.977722E-10
 3.416162E+02  1.887486E-10
 3.465657E+02  1.822653E-10
 3.515152E+02  1.759540E-10
 3.564646E+02  1.691569E-10
 3.614141E+02  1.628210E-10
 3.663636E+02  1.568280E-10
 3.713131E+02  1.512298E-10
 3.762626E+02  1.460909E-10
 3.812121E+02  1.410095E-10
 3.861616E+02  1.356967E-10
 3.911111E+02  1.314184E-10
 3.960606E+02  1.261472E-10
 4.010101E+02  1.222589E-10
 4.059596E+02  1.182125E-10
 4.109091E+02  1.140739E-10
 4.158586E+02  1.104652E-10
 4.208081E+02  1.066213E-10
 4.257576E+02  1.031259E-10
 4.307071E+02  9.980588E-11
 4.356566E+02  9.635247E-11
 4.406061E+02  9.341465E-11
 4.455556E+02  9.011607E-11
 4.505051E+02  8.771172E-11
 4.554545E+02  8.485663E-11
 4.604040E+02  8.220246E-11
 4.653535E+02  7.975764E-11
 4.703030E+02  7.714754E-11
 4.752525E+02  7.451574E-11
 4.802020E+02  7.273325E-11
 4.851515E+02  7.009988E-11
 4.901010E+02  6.812298E-11
 4.950505E+02  6.585433E-11
 5.000000E+02  6.425818E-11
