 1.000000E+01  2.656210E-05
 1.494949E+01  1.148244E-05
 1.989899E+01  4.823235E-06
 2.484848E+01  4.017038E-06
 2.979798E+01  3.427497E-06
 3.474747E+01  2.911393E-06
 3.969697E+01  2.404312E-06
 4.464646E+01  1.938550E-06
 4.959596E+01  1.490424E-06
 5.454545E+01  1.093815E-06
 5.949495E+01  7.595934E-07
 6.444444E+01  4.875308E-07
 6.939394E+01  2.806295E-07
 7.434343E+01  1.377164E-07
 7.929293E+01  5.257209E-08
 8.424242E+01  1.303248E-08
 8.919192E+01  3.272665E-09
 9.414141E+01  2.682187E-09
 9.909091E+01  2.346625E-09
 1.040404E+02  2.087797E-09
 1.089899E+02  1.880198E-09
 1.139394E+02  1.698847E-09
 1.188889E+02  1.546193E-09
 1.238384E+02  1.414300E-09
 1.287879E+02  1.293036E-09
 1.337374E+02  1.191265E-09
 1.386869E+02  1.096469E-09
 1.436364E+02  1.016094E-09
 1.485859E+02  9.436029E-10
 1.535354E+02  8.750150E-10
 1.584848E+02  8.199863E-10
 1.634343E+02  7.629422E-10
 1.683838E+02  7.150442E-10
 1.733333E+02  6.673563E-10
 1.782828E+02  6.268021E-10
 1.832323E+02  5.907871E-10
 1.881818E+02  5.529544E-10
 1.931313E+02  5.200257E-10
 1.980808E+02  4.922464E-10
 2.030303E+02  4.615913E-10
 2.079798E+02  4.391054E-10
 2.129293E+02  4.147146E-10
 2.178788E+02  3.914191E-10
 2.228283E+02  3.701527E-10
 2.277778E+02  3.519892E-10
 2.327273E+02  3.340126E-10
 2.376768E+02  3.161815E-10
 2.426263E+02  3.001524E-10
 2.475758E+02  2.857820E-10
 2.525253E+02  2.721848E-10
 2.574747E+02  2.604567E-10
 2.624242E+02  2.462884E-10
 2.673737E+02  2.349343E-10
 2.723232E+02  2.253340E-10
 2.772727E+02  2.144132E-10
 2.822222E+02  2.038685E-10
 2.871717E+02  1.952960E-10
 2.921212E+02  1.867882E-10
 2.970707E+02  1.793258E-10
 3.020202E+02  1.711801E-10
 3.069697E+02  1.633696E-10
 3.119192E+02  1.564824E-10
 3.168687E+02  1.502484E-10
 3.218182E+02  1.439416E-10
 3.267677E+02  1.385016E-10
 3.317172E+02  1.322997E-10
 3.366667E+02  1.264330E-10
 3.416162E+02  1.218700E-10
 3.465657E+02  1.176085E-10
 3.515152E+02  1.125933E-10
 3.564646E+02  1.081778E-10
 3.614141E+02  1.041547E-10
 3.663636E+02  9.990409E-11
 3.713131E+02  9.611910E-11
 3.762626E+02  9.259383E-11
 3.812121E+02  8.918106E-11
 3.861616E+02  8.603586E-11
 3.911111E+02  8.298225E-11
 3.960606E+02  7.978354E-11
 4.010101E+02  7.705408E-11
 4.059596E+02  7.426293E-11
 4.109091E+02  7.152398E-11
 4.158586E+02  6.907153E-11
 4.208081E+02  6.639987E-11
 4.257576E+02  6.432860E-11
 4.307071E+02  6.173416E-11
 4.356566E+02  6.015372E-11
 4.406061E+02  5.779882E-11
 4.455556E+02  5.554658E-11
 4.505051E+02  5.401579E-11
 4.554545E+02  5.220658E-11
 4.604040E+02  5.030792E-11
 4.653535E+02  4.877259E-11
 4.703030E+02  4.720437E-11
 4.752525E+02  4.574555E-11
 4.802020E+02  4.402346E-11
 4.851515E+02  4.252260E-11
 4.901010E+02  4.146254E-11
 4.950505E+02  3.999075E-11
 5.000000E+02  3.868235E-11
