 1.000000E+01  2.671155E-05
 1.494949E+01  1.138569E-05
 1.989899E+01  4.799251E-06
 2.484848E+01  3.972398E-06
 2.979798E+01  3.428471E-06
 3.474747E+01  2.952080E-06
 3.969697E+01  2.399703E-06
 4.464646E+01  1.926493E-06
 4.959596E+01  1.483410E-06
 5.454545E+01  1.098917E-06
 5.949495E+01  7.636612E-07
 6.444444E+01  4.840780E-07
 6.939394E+01  2.799562E-07
 7.434343E+01  1.374731E-07
 7.929293E+01  5.231708E-08
 8.424242E+01  1.304184E-08
 8.919192E+01  3.283425E-09
 9.414141E+01  2.678909E-09
 9.909091E+01  2.352450E-09
 1.040404E+02  2.090747E-09
 1.089899E+02  1.875854E-09
 1.139394E+02  1.699616E-09
 1.188889E+02  1.548330E-09
 1.238384E+02  1.407976E-09
 1.287879E+02  1.300381E-09
 1.337374E+02  1.191300E-09
 1.386869E+02  1.098103E-09
 1.436364E+02  1.017236E-09
 1.485859E+02  9.432917E-10
 1.535354E+02  8.807077E-10
 1.584848E+02  8.162578E-10
 1.634343E+02  7.627454E-10
 1.683838E+02  7.137958E-10
 1.733333E+02  6.696543E-10
 1.782828E+02  6.276193E-10
 1.832323E+02  5.890054E-10
 1.881818E+02  5.547207E-10
 1.931313E+02  5.213857E-10
 1.980808E+02  4.914293E-10
 2.030303E+02  4.632748E-10
 2.079798E+02  4.369099E-10
 2.129293E+02  4.145150E-10
 2.178788E+02  3.932707E-10
 2.228283E+02  3.703264E-10
 2.277778E+02  3.516751E-10
 2.327273E+02  3.334255E-10
 2.376768E+02  3.167890E-10
 2.426263E+02  3.013554E-10
 2.475758E+02  2.854522E-10
 2.525253E+02  2.722609E-10
 2.574747E+02  2.594202E-10
 2.624242E+02  2.469745E-10
 2.673737E+02  2.351412E-10
 2.723232E+02  2.246479E-10
 2.772727E+02  2.141329E-10
 2.822222E+02  2.046188E-10
 2.871717E+02  1.954760E-10
 2.921212E+02  1.860343E-10
 2.970707E+02  1.784315E-10
 3.020202E+02  1.712706E-10
 3.069697E+02  1.635978E-10
 3.119192E+02  1.565828E-10
 3.168687E+02  1.503439E-10
 3.218182E+02  1.440417E-10
 3.267677E+02  1.375163E-10
 3.317172E+02  1.321199E-10
 3.366667E+02  1.272474E-10
 3.416162E+02  1.224549E-10
 3.465657E+02  1.163202E-10
 3.515152E+02  1.128315E-10
 3.564646E+02  1.084238E-10
 3.614141E+02  1.036211E-10
 3.663636E+02  1.001965E-10
 3.713131E+02  9.597701E-11
 3.762626E+02  9.275441E-11
 3.812121E+02  8.907484E-11
 3.861616E+02  8.575940E-11
 3.911111E+02  8.251984E-11
 3.960606E+02  7.953995E-11
 4.010101E+02  7.692648E-11
 4.059596E+02  7.402240E-11
 4.109091E+02  7.165978E-11
 4.158586E+02  6.887645E-11
 4.208081E+02  6.639663E-11
 4.257576E+02  6.393077E-11
 4.307071E+02  6.193499E-11
 4.356566E+02  5.996784E-11
 4.406061E+02  5.787113E-11
 4.455556E+02  5.573362E-11
 4.505051E+02  5.377831E-11
 4.554545E+02  5.211658E-11
 4.604040E+02  5.067312E-11
 4.653535E+02  4.857195E-11
 4.703030E+02  4.696863E-11
 4.752525E+02  4.544893E-11
 4.802020E+02  4.420085E-11
 4.851515E+02  4.269287E-11
 4.901010E+02  4.123876E-11
 4.950505E+02  4.000652E-11
 5.000000E+02  3.884245E-11
