 1.000000E+01  2.449264E-03
 1.494949E+01  9.779351E-04
 1.989899E+01  4.396676E-04
 2.484848E+01  3.741638E-04
 2.979798E+01  3.206270E-04
 3.474747E+01  2.689230E-04
 3.969697E+01  2.152425E-04
 4.464646E+01  1.682237E-04
 4.959596E+01  1.265812E-04
 5.454545E+01  8.836698E-05
 5.949495E+01  5.784746E-05
 6.444444E+01  3.376610E-05
 6.939394E+01  1.668439E-05
 7.434343E+01  6.765637E-06
 7.929293E+01  1.779295E-06
 8.424242E+01  3.632306E-07
 8.919192E+01  2.670788E-07
 9.414141E+01  2.319367E-07
 9.909091E+01  2.053034E-07
 1.040404E+02  1.827779E-07
 1.089899E+02  1.655000E-07
 1.139394E+02  1.498389E-07
 1.188889E+02  1.358075E-07
 1.238384E+02  1.246061E-07
 1.287879E+02  1.143234E-07
 1.337374E+02  1.048987E-07
 1.386869E+02  9.722979E-08
 1.436364E+02  8.962914E-08
 1.485859E+02  8.300831E-08
 1.535354E+02  7.729514E-08
 1.584848E+02  7.188911E-08
 1.634343E+02  6.692901E-08
 1.683838E+02  6.257478E-08
 1.733333E+02  5.861736E-08
 1.782828E+02  5.490622E-08
 1.832323E+02  5.146696E-08
 1.881818E+02  4.845396E-08
 1.931313E+02  4.554565E-08
 1.980808E+02  4.302696E-08
 2.030303E+02  4.045880E-08
 2.079798E+02  3.821277E-08
 2.129293E+02  3.610643E-08
 2.178788E+02  3.399505E-08
 2.228283E+02  3.220108E-08
 2.277778E+02  3.055738E-08
 2.327273E+02  2.898659E-08
 2.376768E+02  2.737060E-08
 2.426263E+02  2.604015E-08
 2.475758E+02  2.480528E-08
 2.525253E+02  2.350314E-08
 2.574747E+02  2.233677E-08
 2.624242E+02  2.132697E-08
 2.673737E+02  2.035766E-08
 2.723232E+02  1.940559E-08
 2.772727E+02  1.851062E-08
 2.822222E+02  1.766563E-08
 2.871717E+02  1.679773E-08
 2.921212E+02  1.601813E-08
 2.970707E+02  1.534150E-08
 3.020202E+02  1.466581E-08
 3.069697E+02  1.401432E-08
 3.119192E+02  1.339724E-08
 3.168687E+02  1.288067E-08
 3.218182E+02  1.229227E-08
 3.267677E+02  1.179490E-08
 3.317172E+02  1.143019E-08
 3.366667E+02  1.080854E-08
 3.416162E+02  1.040117E-08
 3.465657E+02  9.943884E-09
 3.515152E+02  9.588728E-09
 3.564646E+02  9.196196E-09
 3.614141E+02  8.856075E-09
 3.663636E+02  8.522321E-09
 3.713131E+02  8.186170E-09
 3.762626E+02  7.853310E-09
 3.812121E+02  7.562748E-09
 3.861616E+02  7.272498E-09
 3.911111E+02  6.970782E-09
 3.960606E+02  6.723770E-09
 4.010101E+02  6.502976E-09
 4.059596E+02  6.244319E-09
 4.109091E+02  6.044506E-09
 4.158586E+02  5.814452E-09
 4.208081E+02  5.610145E-09
 4.257576E+02  5.417418E-09
 4.307071E+02  5.211279E-09
 4.356566E+02  5.024041E-09
 4.406061E+02  4.863656E-09
 4.455556E+02  4.684704E-09
 4.505051E+02  4.537147E-09
 4.554545E+02  4.370934E-09
 4.604040E+02  4.232989E-09
 4.653535E+02  4.087297E-09
 4.703030E+02  3.950565E-09
 4.752525E+02  3.835431E-09
 4.802020E+02  3.671820E-09
 4.851515E+02  3.572930E-09
 4.901010E+02  3.449378E-09
 4.950505E+02  3.332937E-09
 5.000000E+02  3.245568E-09
