 1.000000E+01  2.349886E-03
 1.494949E+01  9.731538E-04
 1.989899E+01  4.403477E-04
 2.484848E+01  3.783947E-04
 2.979798E+01  3.253618E-04
 3.474747E+01  2.679749E-04
 3.969697E+01  2.176067E-04
 4.464646E+01  1.680779E-04
 4.959596E+01  1.249001E-04
 5.454545E+01  8.858200E-05
 5.949495E+01  5.697499E-05
 6.444444E+01  3.374077E-05
 6.939394E+01  1.697955E-05
 7.434343E+01  6.772383E-06
 7.929293E+01  1.779249E-06
 8.424242E+01  3.635686E-07
 8.919192E+01  2.663348E-07
 9.414141E+01  2.325306E-07
 9.909091E+01  2.047878E-07
 1.040404E+02  1.831376E-07
 1.089899E+02  1.648544E-07
 1.139394E+02  1.495083E-07
 1.188889E+02  1.356643E-07
 1.238384E+02  1.246004E-07
 1.287879E+02  1.140817E-07
 1.337374E+02  1.046260E-07
 1.386869E+02  9.677766E-08
 1.436364E+02  8.963691E-08
 1.485859E+02  8.319499E-08
 1.535354E+02  7.735714E-08
 1.584848E+02  7.182020E-08
 1.634343E+02  6.729379E-08
 1.683838E+02  6.265235E-08
 1.733333E+02  5.854862E-08
 1.782828E+02  5.495482E-08
 1.832323E+02  5.143133E-08
 1.881818E+02  4.851516E-08
 1.931313E+02  4.551197E-08
 1.980808E+02  4.292997E-08
 2.030303E+02  4.035686E-08
 2.079798E+02  3.810872E-08
 2.129293E+02  3.606889E-08
 2.178788E+02  3.401147E-08
 2.228283E+02  3.237563E-08
 2.277778E+02  3.056144E-08
 2.327273E+02  2.897731E-08
 2.376768E+02  2.748540E-08
 2.426263E+02  2.618375E-08
 2.475758E+02  2.473963E-08
 2.525253E+02  2.353282E-08
 2.574747E+02  2.244373E-08
 2.624242E+02  2.130352E-08
 2.673737E+02  2.036220E-08
 2.723232E+02  1.933233E-08
 2.772727E+02  1.844684E-08
 2.822222E+02  1.766335E-08
 2.871717E+02  1.681616E-08
 2.921212E+02  1.604689E-08
 2.970707E+02  1.530553E-08
 3.020202E+02  1.474163E-08
 3.069697E+02  1.399020E-08
 3.119192E+02  1.344045E-08
 3.168687E+02  1.285259E-08
 3.218182E+02  1.229832E-08
 3.267677E+02  1.175771E-08
 3.317172E+02  1.131564E-08
 3.366667E+02  1.087752E-08
 3.416162E+02  1.039421E-08
 3.465657E+02  9.981730E-09
 3.515152E+02  9.605852E-09
 3.564646E+02  9.256890E-09
 3.614141E+02  8.864076E-09
 3.663636E+02  8.510180E-09
 3.713131E+02  8.183121E-09
 3.762626E+02  7.882390E-09
 3.812121E+02  7.567012E-09
 3.861616E+02  7.273993E-09
 3.911111E+02  6.988250E-09
 3.960606E+02  6.761359E-09
 4.010101E+02  6.509832E-09
 4.059596E+02  6.267622E-09
 4.109091E+02  6.012726E-09
 4.158586E+02  5.816435E-09
 4.208081E+02  5.618143E-09
 4.257576E+02  5.422704E-09
 4.307071E+02  5.211540E-09
 4.356566E+02  5.052575E-09
 4.406061E+02  4.859053E-09
 4.455556E+02  4.681579E-09
 4.505051E+02  4.522331E-09
 4.554545E+02  4.374553E-09
 4.604040E+02  4.224367E-09
 4.653535E+02  4.082597E-09
 4.703030E+02  3.950708E-09
 4.752525E+02  3.808588E-09
 4.802020E+02  3.699212E-09
 4.851515E+02  3.570651E-09
 4.901010E+02  3.435162E-09
 4.950505E+02  3.346359E-09
 5.000000E+02  3.213214E-09
