 1.000000E+01  1.229395E-03
 1.040816E+01  1.433646E-03
 1.081633E+01  1.655053E-03
 1.122449E+01  1.903173E-03
 1.163265E+01  2.176374E-03
 1.204082E+01  2.472317E-03
 1.244898E+01  2.797294E-03
 1.285714E+01  3.152823E-03
 1.326531E+01  3.518216E-03
 1.367347E+01  3.934884E-03
 1.408163E+01  4.360029E-03
 1.448980E+01  4.824930E-03
 1.489796E+01  5.306173E-03
 1.530612E+01  5.829414E-03
 1.571429E+01  6.361998E-03
 1.612245E+01  6.922287E-03
 1.653061E+01  7.518664E-03
 1.693878E+01  8.133752E-03
 1.734694E+01  8.753763E-03
 1.775510E+01  9.381606E-03
 1.816327E+01  1.005368E-02
 1.857143E+01  1.068010E-02
 1.897959E+01  1.133681E-02
 1.938776E+01  1.197103E-02
 1.979592E+01  1.260696E-02
 2.020408E+01  1.317155E-02
 2.061224E+01  1.371133E-02
 2.102041E+01  1.419588E-02
 2.142857E+01  1.455166E-02
 2.183673E+01  1.486570E-02
 2.224490E+01  1.500330E-02
 2.265306E+01  1.495856E-02
 2.306122E+01  1.465062E-02
 2.346939E+01  1.401587E-02
 2.387755E+01  1.293655E-02
 2.428571E+01  1.108343E-02
 2.469388E+01  7.803348E-03
 2.510204E+01  3.614081E-06
 2.551020E+01  3.533511E-06
 2.591837E+01  3.596028E-06
 2.632653E+01  3.673236E-06
 2.673469E+01  3.747015E-06
 2.714286E+01  3.806885E-06
 2.755102E+01  3.836039E-06
 2.795918E+01  3.854560E-06
 2.836735E+01  3.830835E-06
 2.877551E+01  3.771225E-06
 2.918367E+01  3.658678E-06
 2.959184E+01  3.480063E-06
 3.000000E+01  3.199810E-06
