 1.000000E+01  5.661134E-03
 1.040816E+01  6.603277E-03
 1.081633E+01  7.666329E-03
 1.122449E+01  8.807753E-03
 1.163265E+01  1.013056E-02
 1.204082E+01  1.152582E-02
 1.244898E+01  1.310657E-02
 1.285714E+01  1.477595E-02
 1.326531E+01  1.663212E-02
 1.367347E+01  1.860742E-02
 1.408163E+01  2.073824E-02
 1.448980E+01  2.302250E-02
 1.489796E+01  2.544872E-02
 1.530612E+01  2.810129E-02
 1.571429E+01  3.089605E-02
 1.612245E+01  3.382665E-02
 1.653061E+01  3.700251E-02
 1.693878E+01  4.019423E-02
 1.734694E+01  4.375474E-02
 1.775510E+01  4.736156E-02
 1.816327E+01  5.104751E-02
 1.857143E+01  5.498051E-02
 1.897959E+01  5.897408E-02
 1.938776E+01  6.322227E-02
 1.979592E+01  6.759920E-02
 2.020408E+01  7.189971E-02
 2.061224E+01  7.634403E-02
 2.102041E+01  8.086217E-02
 2.142857E+01  8.527938E-02
 2.183673E+01  8.975876E-02
 2.224490E+01  9.421487E-02
 2.265306E+01  9.877554E-02
 2.306122E+01  1.027679E-01
 2.346939E+01  1.065167E-01
 2.387755E+01  1.103741E-01
 2.428571E+01  1.135951E-01
 2.469388E+01  1.162599E-01
 2.510204E+01  1.182168E-01
 2.551020E+01  1.197166E-01
 2.591837E+01  1.200759E-01
 2.632653E+01  1.190753E-01
 2.673469E+01  1.164225E-01
 2.714286E+01  1.115987E-01
 2.755102E+01  1.038265E-01
 2.795918E+01  9.184177E-02
 2.836735E+01  7.250466E-02
 2.877551E+01  3.306802E-02
 2.918367E+01  2.817332E-05
 2.959184E+01  2.837389E-05
 3.000000E+01  2.890354E-05
