 1.000000E+01  6.569215E-04
 1.040816E+01  7.708861E-04
 1.081633E+01  8.979174E-04
 1.122449E+01  1.038621E-03
 1.163265E+01  1.194497E-03
 1.204082E+01  1.369425E-03
 1.244898E+01  1.562528E-03
 1.285714E+01  1.777284E-03
 1.326531E+01  2.003415E-03
 1.367347E+01  2.255895E-03
 1.408163E+01  2.533978E-03
 1.448980E+01  2.832077E-03
 1.489796E+01  3.156735E-03
 1.530612E+01  3.511054E-03
 1.571429E+01  3.883671E-03
 1.612245E+01  4.290324E-03
 1.653061E+01  4.727708E-03
 1.693878E+01  5.202248E-03
 1.734694E+01  5.692455E-03
 1.775510E+01  6.237738E-03
 1.816327E+01  6.799464E-03
 1.857143E+01  7.404280E-03
 1.897959E+01  8.050390E-03
 1.938776E+01  8.742595E-03
 1.979592E+01  9.459907E-03
 2.020408E+01  1.022757E-02
 2.061224E+01  1.102860E-02
 2.102041E+01  1.186940E-02
 2.142857E+01  1.279890E-02
 2.183673E+01  1.373742E-02
 2.224490E+01  1.471935E-02
 2.265306E+01  1.576262E-02
 2.306122E+01  1.684428E-02
 2.346939E+01  1.801740E-02
 2.387755E+01  1.915691E-02
 2.428571E+01  2.041633E-02
 2.469388E+01  2.165844E-02
 2.510204E+01  2.303862E-02
 2.551020E+01  2.446084E-02
 2.591837E+01  2.586067E-02
 2.632653E+01  2.737617E-02
 2.673469E+01  2.896104E-02
 2.714286E+01  3.058069E-02
 2.755102E+01  3.226801E-02
 2.795918E+01  3.403427E-02
 2.836735E+01  3.577278E-02
 2.877551E+01  3.763211E-02
 2.918367E+01  3.951319E-02
 2.959184E+01  4.147507E-02
 3.000000E+01  4.346209E-02
