 1.000000E+01  9.515386E-02
 1.040816E+01  1.009175E-01
 1.081633E+01  1.064867E-01
 1.122449E+01  1.122333E-01
 1.163265E+01  1.175486E-01
 1.204082E+01  1.225056E-01
 1.244898E+01  1.276227E-01
 1.285714E+01  1.320643E-01
 1.326531E+01  1.366633E-01
 1.367347E+01  1.407659E-01
 1.408163E+01  1.444306E-01
 1.448980E+01  1.474707E-01
 1.489796E+01  1.499731E-01
 1.530612E+01  1.523259E-01
 1.571429E+01  1.541645E-01
 1.612245E+01  1.554167E-01
 1.653061E+01  1.556454E-01
 1.693878E+01  1.560625E-01
 1.734694E+01  1.554150E-01
 1.775510E+01  1.538808E-01
 1.816327E+01  1.521998E-01
 1.857143E+01  1.494226E-01
 1.897959E+01  1.460962E-01
 1.938776E+01  1.419695E-01
 1.979592E+01  1.371236E-01
 2.020408E+01  1.317406E-01
 2.061224E+01  1.255844E-01
 2.102041E+01  1.186223E-01
 2.142857E+01  1.110693E-01
 2.183673E+01  1.029721E-01
 2.224490E+01  9.423423E-02
 2.265306E+01  8.499098E-02
 2.306122E+01  7.511823E-02
 2.346939E+01  6.496042E-02
 2.387755E+01  5.457247E-02
 2.428571E+01  4.421479E-02
 2.469388E+01  3.383777E-02
 2.510204E+01  2.386153E-02
 2.551020E+01  1.458573E-02
 2.591837E+01  6.553593E-03
 2.632653E+01  8.458497E-04
 2.673469E+01  2.899531E-05
 2.714286E+01  2.727477E-05
 2.755102E+01  2.553290E-05
 2.795918E+01  2.365302E-05
 2.836735E+01  2.171140E-05
 2.877551E+01  1.972756E-05
 2.918367E+01  1.762994E-05
 2.959184E+01  1.552338E-05
 3.000000E+01  1.339641E-05
