 1.000000E+01  9.508495E-02
 1.040816E+01  1.007122E-01
 1.081633E+01  1.066259E-01
 1.122449E+01  1.121983E-01
 1.163265E+01  1.176127E-01
 1.204082E+01  1.228547E-01
 1.244898E+01  1.276965E-01
 1.285714E+01  1.323722E-01
 1.326531E+01  1.367820E-01
 1.367347E+01  1.406786E-01
 1.408163E+01  1.442214E-01
 1.448980E+01  1.474836E-01
 1.489796E+01  1.503532E-01
 1.530612E+01  1.523016E-01
 1.571429E+01  1.540135E-01
 1.612245E+01  1.555110E-01
 1.653061E+01  1.557458E-01
 1.693878E+01  1.558284E-01
 1.734694E+01  1.552523E-01
 1.775510E+01  1.539943E-01
 1.816327E+01  1.518368E-01
 1.857143E+01  1.493132E-01
 1.897959E+01  1.460143E-01
 1.938776E+01  1.417922E-01
 1.979592E+01  1.370730E-01
 2.020408E+01  1.314333E-01
 2.061224E+01  1.255046E-01
 2.102041E+01  1.184956E-01
 2.142857E+01  1.110426E-01
 2.183673E+01  1.028372E-01
 2.224490E+01  9.408522E-02
 2.265306E+01  8.483887E-02
 2.306122E+01  7.518174E-02
 2.346939E+01  6.499231E-02
 2.387755E+01  5.461259E-02
 2.428571E+01  4.416082E-02
 2.469388E+01  3.384241E-02
 2.510204E+01  2.384656E-02
 2.551020E+01  1.458412E-02
 2.591837E+01  6.551503E-03
 2.632653E+01  8.459193E-04
 2.673469E+01  2.898001E-05
 2.714286E+01  2.728091E-05
 2.755102E+01  2.550302E-05
 2.795918E+01  2.365845E-05
 2.836735E+01  2.171930E-05
 2.877551E+01  1.971344E-05
 2.918367E+01  1.766551E-05
 2.959184E+01  1.555557E-05
 3.000000E+01  1.341744E-05
