 1.000000E+01  7.684864E-04
 1.040816E+01  7.515834E-04
 1.081633E+01  7.228949E-04
 1.122449E+01  6.881658E-04
 1.163265E+01  6.432091E-04
 1.204082E+01  5.881979E-04
 1.244898E+01  5.295906E-04
 1.285714E+01  4.549194E-04
 1.326531E+01  3.952122E-04
 1.367347E+01  3.391723E-04
 1.408163E+01  2.687316E-04
 1.448980E+01  2.047414E-04
 1.489796E+01  1.450777E-04
 1.530612E+01  9.227641E-05
 1.571429E+01  4.807087E-05
 1.612245E+01  1.686146E-05
 1.653061E+01  1.229793E-06
 1.693878E+01  9.940303E-08
 1.734694E+01  8.509308E-08
 1.775510E+01  7.030125E-08
 1.816327E+01  5.640771E-08
 1.857143E+01  4.311774E-08
 1.897959E+01  3.050784E-08
 1.938776E+01  2.051335E-08
 1.979592E+01  1.182490E-08
 2.020408E+01  5.590740E-09
 2.061224E+01  2.099565E-09
 2.102041E+01  1.538605E-09
 2.142857E+01  1.492348E-09
 2.183673E+01  1.451465E-09
 2.224490E+01  1.415010E-09
 2.265306E+01  1.385730E-09
 2.306122E+01  1.355561E-09
 2.346939E+01  1.324926E-09
 2.387755E+01  1.303734E-09
 2.428571E+01  1.276660E-09
 2.469388E+01  1.251793E-09
 2.510204E+01  1.232414E-09
 2.551020E+01  1.213356E-09
 2.591837E+01  1.194368E-09
 2.632653E+01  1.174067E-09
 2.673469E+01  1.156683E-09
 2.714286E+01  1.143275E-09
 2.755102E+01  1.122648E-09
 2.795918E+01  1.109325E-09
 2.836735E+01  1.094380E-09
 2.877551E+01  1.078048E-09
 2.918367E+01  1.064495E-09
 2.959184E+01  1.047565E-09
 3.000000E+01  1.038888E-09
