10.0 0.01962929
10.40816 0.02042566
10.81633 0.02103631
11.22449 0.02171124
11.63265 0.021926753721875296
12.04082 0.02265116
12.44898 0.02282514
12.85714 0.02318344
13.26531 0.02336986
13.67347 0.02321721
14.08163 0.02311048
14.4898 0.02297413
14.89796 0.02266873
15.30612 0.02236819
15.71429 0.02172234
16.12245 0.02116583
16.53061 0.02033737
16.93878 0.01951218
17.34694 0.01867571
17.7551 0.01770224
18.16327 0.01655533
18.57143 0.01554536
18.97959 0.0144322
19.38776 0.01279698
19.79592 0.01188752
20.20408 0.01054793
20.61224 0.009287009
21.02041 0.007989867
21.42857 0.006736151
21.83673 0.00554304
22.2449 0.004386036
22.65306 0.003320963
23.06122 0.002364462
23.46939 0.001537325
23.87755 0.0008656131
24.28571 0.0003643422
24.69388 7.296758e-05
25.10204 3.061657e-06
25.5102 2.777679e-06
25.91837 2.485121e-06
26.32653 2.202087e-06
26.73469 1.925883e-06
27.14286 1.662705e-06
27.55102 1.398454e-06
27.95918 1.162737e-06
28.36735 9.300858e-07
28.77551 7.273186e-07
29.18367 5.298082e-07
29.59184 3.725273e-07
30.0 2.378769e-07
