10.0 0.0357451
10.40816 0.03580998
10.81633 0.03522901
11.22449 0.03472837
11.63265 0.03334516
12.04082 0.03195478
12.44898 0.030495749536447965
12.85714 0.02825224
13.26531 0.0262878
13.67347 0.02333823
14.08163 0.02128385
14.4898 0.01851384
14.89796 0.01590427
15.30612 0.01323823
15.71429 0.01055806
16.12245 0.007938869
16.53061 0.005568211
16.93878 0.00352639
17.34694 0.001835001
17.7551 0.000642963
18.16327 4.775807e-05
18.57143 4.553363e-06
18.97959 3.954566e-06
19.38776 3.330394e-06
19.79592 2.757801e-06
20.20408 2.192263e-06
20.61224 1.671008e-06
21.02041 1.188882e-06
21.42857 7.940788e-07
21.83673 4.619412e-07
22.2449 2.239239e-07
22.65306 9.13483e-08
23.06122 6.948955e-08
23.46939 6.767077e-08
23.87755 6.602625e-08
24.28571 6.454712e-08
24.69388 6.316749e-08
25.10204 6.187775e-08
25.5102 6.054807e-08
25.91837 5.951012e-08
26.32653 5.849163e-08
26.73469 5.772483e-08
27.14286 5.647172e-08
27.55102 5.574244e-08
27.95918 5.48302e-08
28.36735 5.392518e-08
28.77551 5.31759e-08
29.18367 5.259408e-08
29.59184 5.184577e-08
30.0 5.118961e-08
