 1.000000E+01  9.511639E-03
 1.040816E+01  9.533176E-03
 1.081633E+01  9.543566E-03
 1.122449E+01  9.449916E-03
 1.163265E+01  9.233638E-03
 1.204082E+01  8.972882E-03
 1.244898E+01  8.691409E-03
 1.285714E+01  8.291152E-03
 1.326531E+01  7.882480E-03
 1.367347E+01  7.340301E-03
 1.408163E+01  6.827344E-03
 1.448980E+01  6.211205E-03
 1.489796E+01  5.466614E-03
 1.530612E+01  4.823412E-03
 1.571429E+01  4.169873E-03
 1.612245E+01  3.458564E-03
 1.653061E+01  2.793501E-03
 1.693878E+01  2.138154E-03
 1.734694E+01  1.524948E-03
 1.775510E+01  9.966144E-04
 1.816327E+01  5.661089E-04
 1.857143E+01  2.310911E-04
 1.897959E+01  3.896623E-05
 1.938776E+01  1.258076E-06
 1.979592E+01  1.108451E-06
 2.020408E+01  9.470107E-07
 2.061224E+01  8.037178E-07
 2.102041E+01  6.577721E-07
 2.142857E+01  5.222464E-07
 2.183673E+01  3.912977E-07
 2.224490E+01  2.815951E-07
 2.265306E+01  1.838598E-07
 2.306122E+01  1.065417E-07
 2.346939E+01  5.095795E-08
 2.387755E+01  2.198581E-08
 2.428571E+01  1.847039E-08
 2.469388E+01  1.803573E-08
 2.510204E+01  1.751958E-08
 2.551020E+01  1.719821E-08
 2.591837E+01  1.681204E-08
 2.632653E+01  1.647298E-08
 2.673469E+01  1.622483E-08
 2.714286E+01  1.591221E-08
 2.755102E+01  1.563111E-08
 2.795918E+01  1.536150E-08
 2.836735E+01  1.513773E-08
 2.877551E+01  1.492449E-08
 2.918367E+01  1.470634E-08
 2.959184E+01  1.446845E-08
 3.000000E+01  1.425986E-08
