 1.000000E+01  9.512314E-03
 1.040816E+01  9.532943E-03
 1.081633E+01  9.579201E-03
 1.122449E+01  9.371677E-03
 1.163265E+01  9.275069E-03
 1.204082E+01  9.016354E-03
 1.244898E+01  8.689118E-03
 1.285714E+01  8.349866E-03
 1.326531E+01  7.910380E-03
 1.367347E+01  7.407555E-03
 1.408163E+01  6.808133E-03
 1.448980E+01  6.183136E-03
 1.489796E+01  5.517250E-03
 1.530612E+01  4.860587E-03
 1.571429E+01  4.033022E-03
 1.612245E+01  3.486897E-03
 1.653061E+01  2.787681E-03
 1.693878E+01  2.150168E-03
 1.734694E+01  1.534394E-03
 1.775510E+01  9.952848E-04
 1.816327E+01  5.588072E-04
 1.857143E+01  2.307278E-04
 1.897959E+01  3.869668E-05
 1.938776E+01  1.261121E-06
 1.979592E+01  1.107031E-06
 2.020408E+01  9.507535E-07
 2.061224E+01  8.017683E-07
 2.102041E+01  6.579531E-07
 2.142857E+01  5.231196E-07
 2.183673E+01  3.960898E-07
 2.224490E+01  2.824589E-07
 2.265306E+01  1.850947E-07
 2.306122E+01  1.060726E-07
 2.346939E+01  5.083661E-08
 2.387755E+01  2.200986E-08
 2.428571E+01  1.841165E-08
 2.469388E+01  1.795504E-08
 2.510204E+01  1.753091E-08
 2.551020E+01  1.716534E-08
 2.591837E+01  1.676265E-08
 2.632653E+01  1.648286E-08
 2.673469E+01  1.618565E-08
 2.714286E+01  1.592892E-08
 2.755102E+01  1.566641E-08
 2.795918E+01  1.539710E-08
 2.836735E+01  1.519165E-08
 2.877551E+01  1.489557E-08
 2.918367E+01  1.468513E-08
 2.959184E+01  1.449070E-08
 3.000000E+01  1.428741E-08
