10.0 0.04242376
10.40816 0.04371543
10.81633 0.04598051
11.22449 0.04797296
11.63265 0.04932778
12.04082 0.05050697
12.44898 0.05161776
12.85714 0.05265494
13.26531 0.05319364
13.67347 0.05390569
14.08163 0.05364709
14.4898 0.05421449
14.89796 0.05438533
15.30612 0.05406042
15.71429 0.05299952
16.12245 0.05265655
16.53061 0.05170186
16.93878 0.05085273
17.34694 0.04903764
17.7551 0.04774681
18.16327 0.04581796
18.57143 0.04426734995272547
18.97959 0.04174064
19.38776 0.03968937
19.79592 0.03713387
20.20408 0.03420706
20.61224 0.03233837
21.02041 0.02911535
21.42857 0.02643132
21.83673 0.0232728
22.2449 0.0208024
22.65306 0.01789489
23.06122 0.01527649
23.46939 0.01263406
23.87755 0.01013819
24.28571 0.007834199
24.69388 0.005715413
25.10204 0.00385049
25.5102 0.002310936
25.91837 0.001112451
26.32653 0.0003383615
26.73469 1.314257e-05
27.14286 6.827568e-06
27.55102 6.176096e-06
27.95918 5.591441e-06
28.36735 4.973883e-06
28.77551 4.371507e-06
29.18367 3.79493e-06
29.59184 3.222533e-06
30.0 2.706053e-06
