10.0 0.04170179
10.40816 0.0444575
10.81633 0.04583903
11.22449 0.04768784
11.63265 0.04897999
12.04082 0.05038806124884881
12.44898 0.05139487
12.85714 0.05271728
13.26531 0.05345784
13.67347 0.05393101
14.08163 0.05435057
14.4898 0.0537724
14.89796 0.05437618
15.30612 0.05354257
15.71429 0.05288239
16.12245 0.05283881
16.53061 0.05119367
16.93878 0.05024704
17.34694 0.04890792
17.7551 0.04759791
18.16327 0.04584055
18.57143 0.04383275
18.97959 0.04153788
19.38776 0.03943672
19.79592 0.03683738
20.20408 0.03407782
20.61224 0.03190144
21.02041 0.02913629
21.42857 0.02640006
21.83673 0.02363619
22.2449 0.02081851
22.65306 0.01791583
23.06122 0.01530939
23.46939 0.01257439
23.87755 0.01014911
24.28571 0.00781847
24.69388 0.005663403
25.10204 0.003860726
25.5102 0.002315226
25.91837 0.001122178
26.32653 0.0003373037
26.73469 1.314782e-05
27.14286 6.851024e-06
27.55102 6.176194e-06
27.95918 5.55815e-06
28.36735 4.955397e-06
28.77551 4.371516e-06
29.18367 3.800026e-06
29.59184 3.219801e-06
30.0 2.701896e-06
