 1.000000E+01  3.897603E-03
 1.040816E+01  4.001463E-03
 1.081633E+01  4.096570E-03
 1.122449E+01  4.191190E-03
 1.163265E+01  4.176045E-03
 1.204082E+01  4.238231E-03
 1.244898E+01  4.170871E-03
 1.285714E+01  4.181899E-03
 1.326531E+01  4.147309E-03
 1.367347E+01  4.059774E-03
 1.408163E+01  3.839104E-03
 1.448980E+01  3.851721E-03
 1.489796E+01  3.690122E-03
 1.530612E+01  3.542020E-03
 1.571429E+01  3.346738E-03
 1.612245E+01  3.122532E-03
 1.653061E+01  2.880954E-03
 1.693878E+01  2.734829E-03
 1.734694E+01  2.409114E-03
 1.775510E+01  2.169021E-03
 1.816327E+01  1.904221E-03
 1.857143E+01  1.629852E-03
 1.897959E+01  1.376092E-03
 1.938776E+01  1.123561E-03
 1.979592E+01  8.880572E-04
 2.020408E+01  6.638324E-04
 2.061224E+01  4.603425E-04
 2.102041E+01  2.859442E-04
 2.142857E+01  1.495138E-04
 2.183673E+01  5.317167E-05
 2.224490E+01  4.811883E-06
 2.265306E+01  5.368738E-07
 2.306122E+01  4.807922E-07
 2.346939E+01  4.227138E-07
 2.387755E+01  3.662354E-07
 2.428571E+01  3.103349E-07
 2.469388E+01  2.580732E-07
 2.510204E+01  2.077782E-07
 2.551020E+01  1.616709E-07
 2.591837E+01  1.204204E-07
 2.632653E+01  8.338243E-08
 2.673469E+01  5.296173E-08
 2.714286E+01  2.972893E-08
 2.755102E+01  1.450507E-08
 2.795918E+01  8.400798E-09
 2.836735E+01  8.111622E-09
 2.877551E+01  7.924901E-09
 2.918367E+01  7.794986E-09
 2.959184E+01  7.648070E-09
 3.000000E+01  7.504845E-09
