 1.000000E+01  3.905897E-03
 1.040816E+01  4.002690E-03
 1.081633E+01  4.146696E-03
 1.122449E+01  4.180665E-03
 1.163265E+01  4.212296E-03
 1.204082E+01  4.269864E-03
 1.244898E+01  4.225675E-03
 1.285714E+01  4.222800E-03
 1.326531E+01  4.150641E-03
 1.367347E+01  4.064186E-03
 1.408163E+01  3.967262E-03
 1.448980E+01  3.832293E-03
 1.489796E+01  3.701129E-03
 1.530612E+01  3.503087E-03
 1.571429E+01  3.325900E-03
 1.612245E+01  3.133291E-03
 1.653061E+01  2.892212E-03
 1.693878E+01  2.677143E-03
 1.734694E+01  2.427284E-03
 1.775510E+01  2.174210E-03
 1.816327E+01  1.918664E-03
 1.857143E+01  1.634616E-03
 1.897959E+01  1.379248E-03
 1.938776E+01  1.130290E-03
 1.979592E+01  8.709093E-04
 2.020408E+01  6.647655E-04
 2.061224E+01  4.606294E-04
 2.102041E+01  2.636202E-04
 2.142857E+01  1.496756E-04
 2.183673E+01  5.307985E-05
 2.224490E+01  4.816198E-06
 2.265306E+01  5.394383E-07
 2.306122E+01  4.793773E-07
 2.346939E+01  4.218505E-07
 2.387755E+01  3.660234E-07
 2.428571E+01  3.115288E-07
 2.469388E+01  2.578391E-07
 2.510204E+01  2.077907E-07
 2.551020E+01  1.618810E-07
 2.591837E+01  1.197268E-07
 2.632653E+01  8.328603E-08
 2.673469E+01  5.307727E-08
 2.714286E+01  2.970905E-08
 2.755102E+01  1.447419E-08
 2.795918E+01  8.357930E-09
 2.836735E+01  8.146832E-09
 2.877551E+01  7.932466E-09
 2.918367E+01  7.755140E-09
 2.959184E+01  7.632341E-09
 3.000000E+01  7.492463E-09
