 1.000000E+01  1.850832E-03
 1.040816E+01  1.958678E-03
 1.081633E+01  2.078964E-03
 1.122449E+01  2.173366E-03
 1.163265E+01  2.272446E-03
 1.204082E+01  2.372924E-03
 1.244898E+01  2.424816E-03
 1.285714E+01  2.560666E-03
 1.326531E+01  2.652505E-03
 1.367347E+01  2.724051E-03
 1.408163E+01  2.807386E-03
 1.448980E+01  2.864530E-03
 1.489796E+01  2.939057E-03
 1.530612E+01  3.015803E-03
 1.571429E+01  3.013390E-03
 1.612245E+01  3.073566E-03
 1.653061E+01  3.118035E-03
 1.693878E+01  3.117175E-03
 1.734694E+01  3.167206E-03
 1.775510E+01  3.175540E-03
 1.816327E+01  3.142139E-03
 1.857143E+01  3.157768E-03
 1.897959E+01  3.168639E-03
 1.938776E+01  3.150494E-03
 1.979592E+01  3.122853E-03
 2.020408E+01  3.108832E-03
 2.061224E+01  3.036126E-03
 2.102041E+01  2.977499E-03
 2.142857E+01  2.911986E-03
 2.183673E+01  2.861976E-03
 2.224490E+01  2.782668E-03
 2.265306E+01  2.687347E-03
 2.306122E+01  2.610766E-03
 2.346939E+01  2.502094E-03
 2.387755E+01  2.399311E-03
 2.428571E+01  2.301608E-03
 2.469388E+01  2.162317E-03
 2.510204E+01  2.043094E-03
 2.551020E+01  1.937130E-03
 2.591837E+01  1.810668E-03
 2.632653E+01  1.681975E-03
 2.673469E+01  1.549029E-03
 2.714286E+01  1.412740E-03
 2.755102E+01  1.269301E-03
 2.795918E+01  1.157018E-03
 2.836735E+01  1.023088E-03
 2.877551E+01  8.853785E-04
 2.918367E+01  7.613686E-04
 2.959184E+01  6.377047E-04
 3.000000E+01  5.243453E-04
