 1.000000E+01  1.837573E-03
 1.040816E+01  1.909712E-03
 1.081633E+01  2.076361E-03
 1.122449E+01  2.127465E-03
 1.163265E+01  2.274196E-03
 1.204082E+01  2.381009E-03
 1.244898E+01  2.436409E-03
 1.285714E+01  2.548444E-03
 1.326531E+01  2.603028E-03
 1.367347E+01  2.724299E-03
 1.408163E+01  2.798226E-03
 1.448980E+01  2.840315E-03
 1.489796E+01  2.929431E-03
 1.530612E+01  2.984262E-03
 1.571429E+01  3.057329E-03
 1.612245E+01  3.087407E-03
 1.653061E+01  2.911366E-03
 1.693878E+01  3.153140E-03
 1.734694E+01  3.166027E-03
 1.775510E+01  3.182900E-03
 1.816327E+01  3.191619E-03
 1.857143E+01  3.173064E-03
 1.897959E+01  3.177399E-03
 1.938776E+01  3.142212E-03
 1.979592E+01  3.120260E-03
 2.020408E+01  3.093553E-03
 2.061224E+01  3.062630E-03
 2.102041E+01  2.644424E-03
 2.142857E+01  2.919096E-03
 2.183673E+01  2.844107E-03
 2.224490E+01  2.787986E-03
 2.265306E+01  2.675127E-03
 2.306122E+01  2.602326E-03
 2.346939E+01  2.528897E-03
 2.387755E+01  2.408466E-03
 2.428571E+01  2.288328E-03
 2.469388E+01  2.180628E-03
 2.510204E+01  2.050018E-03
 2.551020E+01  1.939986E-03
 2.591837E+01  1.806260E-03
 2.632653E+01  1.676419E-03
 2.673469E+01  1.538466E-03
 2.714286E+01  1.375656E-03
 2.755102E+01  1.264911E-03
 2.795918E+01  1.149492E-03
 2.836735E+01  1.015497E-03
 2.877551E+01  8.779939E-04
 2.918367E+01  7.748640E-04
 2.959184E+01  6.394387E-04
 3.000000E+01  5.255458E-04
