 1.000000E+01  2.382640E-03
 1.040816E+01  2.094259E-03
 1.081633E+01  1.847922E-03
 1.122449E+01  1.603044E-03
 1.163265E+01  1.348465E-03
 1.204082E+01  1.169387E-03
 1.244898E+01  9.706306E-04
 1.285714E+01  7.949785E-04
 1.326531E+01  6.514280E-04
 1.367347E+01  5.154035E-04
 1.408163E+01  3.945895E-04
 1.448980E+01  2.964881E-04
 1.489796E+01  2.112324E-04
 1.530612E+01  1.466191E-04
 1.571429E+01  9.389898E-05
 1.612245E+01  5.572134E-05
 1.653061E+01  2.897714E-05
 1.693878E+01  1.242630E-05
 1.734694E+01  3.780276E-06
 1.775510E+01  5.488441E-07
 1.816327E+01  9.433205E-08
 1.857143E+01  7.534485E-08
 1.897959E+01  5.989295E-08
 1.938776E+01  4.679731E-08
 1.979592E+01  3.623135E-08
 2.020408E+01  2.794945E-08
 2.061224E+01  2.207886E-08
 2.102041E+01  1.766596E-08
 2.142857E+01  1.486607E-08
 2.183673E+01  1.324485E-08
 2.224490E+01  1.243500E-08
 2.265306E+01  1.211929E-08
 2.306122E+01  1.179255E-08
 2.346939E+01  1.160087E-08
 2.387755E+01  1.140166E-08
 2.428571E+01  1.118534E-08
 2.469388E+01  1.099574E-08
 2.510204E+01  1.077595E-08
 2.551020E+01  1.058705E-08
 2.591837E+01  1.037701E-08
 2.632653E+01  1.019278E-08
 2.673469E+01  9.992460E-09
 2.714286E+01  9.864556E-09
 2.755102E+01  9.699808E-09
 2.795918E+01  9.540869E-09
 2.836735E+01  9.385407E-09
 2.877551E+01  9.229760E-09
 2.918367E+01  9.087090E-09
 2.959184E+01  8.915960E-09
 3.000000E+01  8.802601E-09
