 1.000000E+01  2.375293E-03
 1.040816E+01  2.101718E-03
 1.081633E+01  1.856695E-03
 1.122449E+01  1.604869E-03
 1.163265E+01  1.376835E-03
 1.204082E+01  1.166863E-03
 1.244898E+01  9.762661E-04
 1.285714E+01  8.059595E-04
 1.326531E+01  6.469243E-04
 1.367347E+01  5.129328E-04
 1.408163E+01  3.955820E-04
 1.448980E+01  2.953964E-04
 1.489796E+01  2.121289E-04
 1.530612E+01  1.459750E-04
 1.571429E+01  9.431021E-05
 1.612245E+01  5.575347E-05
 1.653061E+01  2.888339E-05
 1.693878E+01  1.252454E-05
 1.734694E+01  3.778572E-06
 1.775510E+01  5.448831E-07
 1.816327E+01  9.388867E-08
 1.857143E+01  7.555737E-08
 1.897959E+01  5.982719E-08
 1.938776E+01  4.696033E-08
 1.979592E+01  3.660578E-08
 2.020408E+01  2.806072E-08
 2.061224E+01  2.204881E-08
 2.102041E+01  1.768944E-08
 2.142857E+01  1.488241E-08
 2.183673E+01  1.331169E-08
 2.224490E+01  1.247892E-08
 2.265306E+01  1.211076E-08
 2.306122E+01  1.182987E-08
 2.346939E+01  1.164279E-08
 2.387755E+01  1.139725E-08
 2.428571E+01  1.121475E-08
 2.469388E+01  1.096568E-08
 2.510204E+01  1.078400E-08
 2.551020E+01  1.056574E-08
 2.591837E+01  1.036401E-08
 2.632653E+01  1.019750E-08
 2.673469E+01  1.004183E-08
 2.714286E+01  9.845971E-09
 2.755102E+01  9.717652E-09
 2.795918E+01  9.515003E-09
 2.836735E+01  9.402211E-09
 2.877551E+01  9.193308E-09
 2.918367E+01  9.090385E-09
 2.959184E+01  8.939747E-09
 3.000000E+01  8.782667E-09
