 1.000000E+01  3.546805E-03
 1.040816E+01  3.284749E-03
 1.081633E+01  3.012479E-03
 1.122449E+01  2.703817E-03
 1.163265E+01  2.463136E-03
 1.204082E+01  1.946774E-03
 1.244898E+01  1.973603E-03
 1.285714E+01  1.771784E-03
 1.326531E+01  1.530296E-03
 1.367347E+01  1.358834E-03
 1.408163E+01  1.161563E-03
 1.448980E+01  1.001913E-03
 1.489796E+01  8.371835E-04
 1.530612E+01  6.955074E-04
 1.571429E+01  5.645573E-04
 1.612245E+01  4.521286E-04
 1.653061E+01  3.532261E-04
 1.693878E+01  2.758165E-04
 1.734694E+01  2.005277E-04
 1.775510E+01  1.418227E-04
 1.816327E+01  9.774544E-05
 1.857143E+01  6.168811E-05
 1.897959E+01  3.074098E-05
 1.938776E+01  1.798634E-05
 1.979592E+01  7.347462E-06
 2.020408E+01  2.045799E-06
 2.061224E+01  2.728771E-07
 2.102041E+01  9.730462E-08
 2.142857E+01  8.062973E-08
 2.183673E+01  6.570350E-08
 2.224490E+01  5.285761E-08
 2.265306E+01  4.253650E-08
 2.306122E+01  3.385685E-08
 2.346939E+01  2.723186E-08
 2.387755E+01  2.185197E-08
 2.428571E+01  1.813837E-08
 2.469388E+01  1.554211E-08
 2.510204E+01  1.390226E-08
 2.551020E+01  1.307071E-08
 2.591837E+01  1.262667E-08
 2.632653E+01  1.240559E-08
 2.673469E+01  1.218800E-08
 2.714286E+01  1.195407E-08
 2.755102E+01  1.176896E-08
 2.795918E+01  1.154611E-08
 2.836735E+01  1.139828E-08
 2.877551E+01  1.122520E-08
 2.918367E+01  1.101475E-08
 2.959184E+01  1.084058E-08
 3.000000E+01  1.069435E-08
