 1.000000E+01  3.561563E-03
 1.040816E+01  3.280102E-03
 1.081633E+01  2.988155E-03
 1.122449E+01  2.715409E-03
 1.163265E+01  2.468691E-03
 1.204082E+01  2.221581E-03
 1.244898E+01  1.978055E-03
 1.285714E+01  1.755709E-03
 1.326531E+01  1.542626E-03
 1.367347E+01  1.349397E-03
 1.408163E+01  1.134547E-03
 1.448980E+01  9.896563E-04
 1.489796E+01  8.414706E-04
 1.530612E+01  6.946072E-04
 1.571429E+01  5.006048E-04
 1.612245E+01  4.556838E-04
 1.653061E+01  3.551711E-04
 1.693878E+01  2.737791E-04
 1.734694E+01  2.020066E-04
 1.775510E+01  1.439753E-04
 1.816327E+01  9.811806E-05
 1.857143E+01  6.140821E-05
 1.897959E+01  3.585876E-05
 1.938776E+01  1.808073E-05
 1.979592E+01  7.402756E-06
 2.020408E+01  2.060744E-06
 2.061224E+01  2.739298E-07
 2.102041E+01  9.739035E-08
 2.142857E+01  8.024378E-08
 2.183673E+01  6.573298E-08
 2.224490E+01  5.285209E-08
 2.265306E+01  4.237041E-08
 2.306122E+01  3.386185E-08
 2.346939E+01  2.704784E-08
 2.387755E+01  2.183331E-08
 2.428571E+01  1.808663E-08
 2.469388E+01  1.551681E-08
 2.510204E+01  1.395431E-08
 2.551020E+01  1.303626E-08
 2.591837E+01  1.256799E-08
 2.632653E+01  1.237526E-08
 2.673469E+01  1.218002E-08
 2.714286E+01  1.197020E-08
 2.755102E+01  1.174778E-08
 2.795918E+01  1.152943E-08
 2.836735E+01  1.143944E-08
 2.877551E+01  1.120327E-08
 2.918367E+01  1.101915E-08
 2.959184E+01  1.088417E-08
 3.000000E+01  1.065052E-08
