 1.000000E+01  1.995491E-01
 1.040816E+01  1.737259E-01
 1.081633E+01  1.481651E-01
 1.122449E+01  1.264804E-01
 1.163265E+01  1.063106E-01
 1.204082E+01  8.673166E-02
 1.244898E+01  7.018495E-02
 1.285714E+01  5.551128E-02
 1.326531E+01  4.251601E-02
 1.367347E+01  3.187333E-02
 1.408163E+01  2.223311E-02
 1.448980E+01  1.577151E-02
 1.489796E+01  1.000557E-02
 1.530612E+01  5.705273E-03
 1.571429E+01  3.041190E-03
 1.612245E+01  1.288894E-03
 1.653061E+01  3.791288E-04
 1.693878E+01  5.019763E-05
 1.734694E+01  8.932244E-06
 1.775510E+01  7.025388E-06
 1.816327E+01  5.528970E-06
 1.857143E+01  4.288495E-06
 1.897959E+01  3.274061E-06
 1.938776E+01  2.527363E-06
 1.979592E+01  1.973670E-06
 2.020408E+01  1.608817E-06
 2.061224E+01  1.375431E-06
 2.102041E+01  1.255983E-06
 2.142857E+01  1.204126E-06
 2.183673E+01  1.175081E-06
 2.224490E+01  1.153345E-06
 2.265306E+01  1.132179E-06
 2.306122E+01  1.106577E-06
 2.346939E+01  1.085926E-06
 2.387755E+01  1.069175E-06
 2.428571E+01  1.046829E-06
 2.469388E+01  1.024437E-06
 2.510204E+01  1.007135E-06
 2.551020E+01  9.855788E-07
 2.591837E+01  9.740599E-07
 2.632653E+01  9.611794E-07
 2.673469E+01  9.389003E-07
 2.714286E+01  9.224440E-07
 2.755102E+01  9.055766E-07
 2.795918E+01  8.901452E-07
 2.836735E+01  8.772947E-07
 2.877551E+01  8.594963E-07
 2.918367E+01  8.468750E-07
 2.959184E+01  8.328010E-07
 3.000000E+01  8.196640E-07
