 1.000000E+01  1.987710E-01
 1.040816E+01  1.740032E-01
 1.081633E+01  1.484382E-01
 1.122449E+01  1.267397E-01
 1.163265E+01  1.037404E-01
 1.204082E+01  8.675144E-02
 1.244898E+01  6.992022E-02
 1.285714E+01  5.466214E-02
 1.326531E+01  4.164313E-02
 1.367347E+01  3.185755E-02
 1.408163E+01  2.286811E-02
 1.448980E+01  1.565082E-02
 1.489796E+01  1.005267E-02
 1.530612E+01  5.895918E-03
 1.571429E+01  3.036385E-03
 1.612245E+01  1.290821E-03
 1.653061E+01  3.782548E-04
 1.693878E+01  5.035396E-05
 1.734694E+01  8.958425E-06
 1.775510E+01  7.102747E-06
 1.816327E+01  5.537893E-06
 1.857143E+01  4.293309E-06
 1.897959E+01  3.302473E-06
 1.938776E+01  2.526699E-06
 1.979592E+01  1.975916E-06
 2.020408E+01  1.604832E-06
 2.061224E+01  1.379044E-06
 2.102041E+01  1.260792E-06
 2.142857E+01  1.207395E-06
 2.183673E+01  1.179230E-06
 2.224490E+01  1.153779E-06
 2.265306E+01  1.134157E-06
 2.306122E+01  1.108159E-06
 2.346939E+01  1.084191E-06
 2.387755E+01  1.068020E-06
 2.428571E+01  1.046200E-06
 2.469388E+01  1.024655E-06
 2.510204E+01  1.005092E-06
 2.551020E+01  9.897413E-07
 2.591837E+01  9.686414E-07
 2.632653E+01  9.560694E-07
 2.673469E+01  9.368626E-07
 2.714286E+01  9.214211E-07
 2.755102E+01  9.030249E-07
 2.795918E+01  8.914135E-07
 2.836735E+01  8.776744E-07
 2.877551E+01  8.595482E-07
 2.918367E+01  8.468843E-07
 2.959184E+01  8.343994E-07
 3.000000E+01  8.180478E-07
