 1.000000E+01  1.343397E-06
 1.100000E+01  1.174218E-06
 1.200000E+01  1.013397E-06
 1.300000E+01  8.661908E-07
 1.400000E+01  7.272510E-07
 1.500000E+01  6.013989E-07
 1.600000E+01  4.900749E-07
 1.700000E+01  3.911177E-07
 1.800000E+01  3.051267E-07
 1.900000E+01  2.323145E-07
 2.000000E+01  1.714633E-07
 2.100000E+01  1.220197E-07
 2.200000E+01  8.313656E-08
 2.300000E+01  5.350983E-08
 2.400000E+01  3.202800E-08
 2.500000E+01  1.735691E-08
 2.600000E+01  8.148372E-09
 2.700000E+01  3.049151E-09
 2.800000E+01  7.579203E-10
 2.900000E+01  7.132507E-11
 3.000000E+01  2.869722E-12
 3.100000E+01  2.631107E-12
 3.200000E+01  2.424847E-12
 3.300000E+01  2.247853E-12
 3.400000E+01  2.084745E-12
 3.500000E+01  1.943339E-12
 3.600000E+01  1.814896E-12
 3.700000E+01  1.698202E-12
 3.800000E+01  1.591910E-12
 3.900000E+01  1.493079E-12
 4.000000E+01  1.403230E-12
 4.100000E+01  1.320713E-12
 4.200000E+01  1.246500E-12
 4.300000E+01  1.175170E-12
 4.400000E+01  1.109910E-12
 4.500000E+01  1.048769E-12
 4.600000E+01  9.932733E-13
 4.700000E+01  9.404617E-13
 4.800000E+01  8.907031E-13
 4.900000E+01  8.448656E-13
 5.000000E+01  8.020826E-13
