 1.000000E+01  8.436619E-08
 1.100000E+01  6.945635E-08
 1.200000E+01  5.609203E-08
 1.300000E+01  4.422932E-08
 1.400000E+01  3.393453E-08
 1.500000E+01  2.530336E-08
 1.600000E+01  1.813701E-08
 1.700000E+01  1.244162E-08
 1.800000E+01  8.058931E-09
 1.900000E+01  4.851145E-09
 2.000000E+01  2.640493E-09
 2.100000E+01  1.244240E-09
 2.200000E+01  4.679857E-10
 2.300000E+01  1.165240E-10
 2.400000E+01  1.079619E-11
 2.500000E+01  2.386727E-13
 2.600000E+01  2.150496E-13
 2.700000E+01  1.953304E-13
 2.800000E+01  1.785131E-13
 2.900000E+01  1.636574E-13
 3.000000E+01  1.506772E-13
 3.100000E+01  1.392672E-13
 3.200000E+01  1.289672E-13
 3.300000E+01  1.196216E-13
 3.400000E+01  1.111103E-13
 3.500000E+01  1.034649E-13
 3.600000E+01  9.652062E-14
 3.700000E+01  9.017840E-14
 3.800000E+01  8.433687E-14
 3.900000E+01  7.897959E-14
 4.000000E+01  7.407269E-14
 4.100000E+01  6.952731E-14
 4.200000E+01  6.537353E-14
 4.300000E+01  6.144207E-14
 4.400000E+01  5.787439E-14
 4.500000E+01  5.452304E-14
 4.600000E+01  5.147153E-14
 4.700000E+01  4.847006E-14
 4.800000E+01  4.583764E-14
 4.900000E+01  4.330067E-14
 5.000000E+01  4.097498E-14
