 1.000000E+01  1.186404E-06
 1.100000E+01  9.480037E-07
 1.200000E+01  7.373756E-07
 1.300000E+01  5.572640E-07
 1.400000E+01  4.056912E-07
 1.500000E+01  2.828278E-07
 1.600000E+01  1.869655E-07
 1.700000E+01  1.149256E-07
 1.800000E+01  6.440941E-08
 1.900000E+01  3.161985E-08
 2.000000E+01  1.263919E-08
 2.100000E+01  3.530454E-09
 2.200000E+01  4.433423E-10
 2.300000E+01  4.894380E-12
 2.400000E+01  3.550350E-12
 2.500000E+01  3.198896E-12
 2.600000E+01  2.903199E-12
 2.700000E+01  2.646502E-12
 2.800000E+01  2.423469E-12
 2.900000E+01  2.223729E-12
 3.000000E+01  2.049381E-12
 3.100000E+01  1.891583E-12
 3.200000E+01  1.750405E-12
 3.300000E+01  1.621252E-12
 3.400000E+01  1.505952E-12
 3.500000E+01  1.400863E-12
 3.600000E+01  1.306045E-12
 3.700000E+01  1.218238E-12
 3.800000E+01  1.137008E-12
 3.900000E+01  1.063247E-12
 4.000000E+01  9.966642E-13
 4.100000E+01  9.341337E-13
 4.200000E+01  8.761223E-13
 4.300000E+01  8.228291E-13
 4.400000E+01  7.733001E-13
 4.500000E+01  7.276952E-13
 4.600000E+01  6.846193E-13
 4.700000E+01  6.455086E-13
 4.800000E+01  6.090011E-13
 4.900000E+01  5.740270E-13
 5.000000E+01  5.423106E-13
