 1.000000E+01  3.673370E-07
 1.100000E+01  3.085176E-07
 1.200000E+01  2.540458E-07
 1.300000E+01  2.054330E-07
 1.400000E+01  1.621217E-07
 1.500000E+01  1.250059E-07
 1.600000E+01  9.336338E-08
 1.700000E+01  6.726654E-08
 1.800000E+01  4.641285E-08
 1.900000E+01  3.039239E-08
 2.000000E+01  1.851141E-08
 2.100000E+01  1.027542E-08
 2.200000E+01  4.979918E-09
 2.300000E+01  1.960277E-09
 2.400000E+01  5.353144E-10
 2.500000E+01  6.402692E-11
 2.600000E+01  1.050916E-12
 2.700000E+01  8.826304E-13
 2.800000E+01  8.044334E-13
 2.900000E+01  7.366835E-13
 3.000000E+01  6.784278E-13
 3.100000E+01  6.264722E-13
 3.200000E+01  5.796016E-13
 3.300000E+01  5.374821E-13
 3.400000E+01  5.000374E-13
 3.500000E+01  4.658871E-13
 3.600000E+01  4.346767E-13
 3.700000E+01  4.064960E-13
 3.800000E+01  3.803603E-13
 3.900000E+01  3.567695E-13
 4.000000E+01  3.348946E-13
 4.100000E+01  3.142678E-13
 4.200000E+01  2.958971E-13
 4.300000E+01  2.783490E-13
 4.400000E+01  2.622739E-13
 4.500000E+01  2.475147E-13
 4.600000E+01  2.335656E-13
 4.700000E+01  2.207081E-13
 4.800000E+01  2.083518E-13
 4.900000E+01  1.975064E-13
 5.000000E+01  1.868746E-13
