 1.000000E+01  1.342536E-06
 1.100000E+01  1.175444E-06
 1.200000E+01  1.015193E-06
 1.300000E+01  8.650834E-07
 1.400000E+01  7.273992E-07
 1.500000E+01  6.024044E-07
 1.600000E+01  4.900953E-07
 1.700000E+01  3.909694E-07
 1.800000E+01  3.054056E-07
 1.900000E+01  2.321786E-07
 2.000000E+01  1.713461E-07
 2.100000E+01  1.220941E-07
 2.200000E+01  8.310904E-08
 2.300000E+01  5.357858E-08
 2.400000E+01  3.202360E-08
 2.500000E+01  1.735939E-08
 2.600000E+01  8.146175E-09
 2.700000E+01  3.048632E-09
 2.800000E+01  7.578776E-10
 2.900000E+01  7.125796E-11
 3.000000E+01  2.869830E-12
 3.100000E+01  2.630350E-12
 3.200000E+01  2.424157E-12
 3.300000E+01  2.247241E-12
 3.400000E+01  2.086773E-12
 3.500000E+01  1.944628E-12
 3.600000E+01  1.813954E-12
 3.700000E+01  1.697021E-12
 3.800000E+01  1.590936E-12
 3.900000E+01  1.493082E-12
 4.000000E+01  1.404469E-12
 4.100000E+01  1.321027E-12
 4.200000E+01  1.245970E-12
 4.300000E+01  1.174044E-12
 4.400000E+01  1.110633E-12
 4.500000E+01  1.048724E-12
 4.600000E+01  9.925924E-13
 4.700000E+01  9.404260E-13
 4.800000E+01  8.908954E-13
 4.900000E+01  8.462138E-13
 5.000000E+01  8.034792E-13
