 1.000000E+01  2.005935E-09
 1.100000E+01  1.392339E-09
 1.200000E+01  9.071890E-10
 1.300000E+01  5.460634E-10
 1.400000E+01  2.942298E-10
 1.500000E+01  1.350160E-10
 1.600000E+01  4.774577E-11
 1.700000E+01  1.026481E-11
 1.800000E+01  5.641303E-13
 1.900000E+01  1.118408E-14
 2.000000E+01  9.800963E-15
 2.100000E+01  8.675063E-15
 2.200000E+01  7.743243E-15
 2.300000E+01  6.947722E-15
 2.400000E+01  6.266181E-15
 2.500000E+01  5.676947E-15
 2.600000E+01  5.150971E-15
 2.700000E+01  4.694222E-15
 2.800000E+01  4.290213E-15
 2.900000E+01  3.929686E-15
 3.000000E+01  3.608416E-15
 3.100000E+01  3.315934E-15
 3.200000E+01  3.056392E-15
 3.300000E+01  2.821643E-15
 3.400000E+01  2.605886E-15
 3.500000E+01  2.411951E-15
 3.600000E+01  2.233180E-15
 3.700000E+01  2.073564E-15
 3.800000E+01  1.928452E-15
 3.900000E+01  1.792249E-15
 4.000000E+01  1.668859E-15
 4.100000E+01  1.555683E-15
 4.200000E+01  1.452472E-15
 4.300000E+01  1.356728E-15
 4.400000E+01  1.267847E-15
 4.500000E+01  1.185660E-15
 4.600000E+01  1.110310E-15
 4.700000E+01  1.040622E-15
 4.800000E+01  9.753442E-16
 4.900000E+01  9.154453E-16
 5.000000E+01  8.602034E-16
