 1.000000E+01  7.038978E-07
 1.100000E+01  5.305873E-07
 1.200000E+01  3.852306E-07
 1.300000E+01  2.665559E-07
 1.400000E+01  1.734145E-07
 1.500000E+01  1.044737E-07
 1.600000E+01  5.662829E-08
 1.700000E+01  2.631933E-08
 1.800000E+01  9.548242E-09
 1.900000E+01  2.184787E-09
 2.000000E+01  1.502474E-10
 2.100000E+01  2.904572E-12
 2.200000E+01  2.572505E-12
 2.300000E+01  2.301489E-12
 2.400000E+01  2.072182E-12
 2.500000E+01  1.877658E-12
 2.600000E+01  1.706641E-12
 2.700000E+01  1.557730E-12
 2.800000E+01  1.424015E-12
 2.900000E+01  1.307324E-12
 3.000000E+01  1.202742E-12
 3.100000E+01  1.108386E-12
 3.200000E+01  1.024100E-12
 3.300000E+01  9.467806E-13
 3.400000E+01  8.779838E-13
 3.500000E+01  8.147803E-13
 3.600000E+01  7.578145E-13
 3.700000E+01  7.048096E-13
 3.800000E+01  6.576115E-13
 3.900000E+01  6.125238E-13
 4.000000E+01  5.720952E-13
 4.100000E+01  5.346684E-13
 4.200000E+01  5.007173E-13
 4.300000E+01  4.687564E-13
 4.400000E+01  4.396227E-13
 4.500000E+01  4.125998E-13
 4.600000E+01  3.874138E-13
 4.700000E+01  3.642937E-13
 4.800000E+01  3.425406E-13
 4.900000E+01  3.225949E-13
 5.000000E+01  3.034185E-13
