 1.000000E+01  5.307544E-08
 1.100000E+01  3.898997E-08
 1.200000E+01  2.737097E-08
 1.300000E+01  1.817814E-08
 1.400000E+01  1.122428E-08
 1.500000E+01  6.278951E-09
 1.600000E+01  3.057057E-09
 1.700000E+01  1.197180E-09
 1.800000E+01  3.191192E-10
 1.900000E+01  3.456815E-11
 2.000000E+01  2.575496E-13
 2.100000E+01  2.200953E-13
 2.200000E+01  1.955136E-13
 2.300000E+01  1.752229E-13
 2.400000E+01  1.577847E-13
 2.500000E+01  1.431010E-13
 2.600000E+01  1.299373E-13
 2.700000E+01  1.187211E-13
 2.800000E+01  1.085348E-13
 2.900000E+01  9.954711E-14
 3.000000E+01  9.145720E-14
 3.100000E+01  8.422172E-14
 3.200000E+01  7.781939E-14
 3.300000E+01  7.193279E-14
 3.400000E+01  6.653373E-14
 3.500000E+01  6.170326E-14
 3.600000E+01  5.730227E-14
 3.700000E+01  5.327350E-14
 3.800000E+01  4.962740E-14
 3.900000E+01  4.624191E-14
 4.000000E+01  4.312595E-14
 4.100000E+01  4.033147E-14
 4.200000E+01  3.768910E-14
 4.300000E+01  3.527538E-14
 4.400000E+01  3.300585E-14
 4.500000E+01  3.093966E-14
 4.600000E+01  2.902437E-14
 4.700000E+01  2.727253E-14
 4.800000E+01  2.558038E-14
 4.900000E+01  2.406827E-14
 5.000000E+01  2.266443E-14
