 1.000000E+01  3.671889E-07
 1.100000E+01  3.083801E-07
 1.200000E+01  2.542630E-07
 1.300000E+01  2.052377E-07
 1.400000E+01  1.620681E-07
 1.500000E+01  1.249201E-07
 1.600000E+01  9.334527E-08
 1.700000E+01  6.729205E-08
 1.800000E+01  4.641388E-08
 1.900000E+01  3.033654E-08
 2.000000E+01  1.852950E-08
 2.100000E+01  1.027524E-08
 2.200000E+01  4.981456E-09
 2.300000E+01  1.960520E-09
 2.400000E+01  5.348257E-10
 2.500000E+01  6.394126E-11
 2.600000E+01  1.051023E-12
 2.700000E+01  8.821440E-13
 2.800000E+01  8.040952E-13
 2.900000E+01  7.376993E-13
 3.000000E+01  6.776219E-13
 3.100000E+01  6.261685E-13
 3.200000E+01  5.793519E-13
 3.300000E+01  5.379160E-13
 3.400000E+01  4.996472E-13
 3.500000E+01  4.659714E-13
 3.600000E+01  4.346847E-13
 3.700000E+01  4.065271E-13
 3.800000E+01  3.803549E-13
 3.900000E+01  3.568158E-13
 4.000000E+01  3.344592E-13
 4.100000E+01  3.141867E-13
 4.200000E+01  2.955496E-13
 4.300000E+01  2.783174E-13
 4.400000E+01  2.624456E-13
 4.500000E+01  2.473022E-13
 4.600000E+01  2.335714E-13
 4.700000E+01  2.208704E-13
 4.800000E+01  2.086037E-13
 4.900000E+01  1.975288E-13
 5.000000E+01  1.868273E-13
