 1.000000E+01  7.041028E-07
 1.100000E+01  5.315601E-07
 1.200000E+01  3.855465E-07
 1.300000E+01  2.663491E-07
 1.400000E+01  1.734382E-07
 1.500000E+01  1.044418E-07
 1.600000E+01  5.664320E-08
 1.700000E+01  2.630630E-08
 1.800000E+01  9.552781E-09
 1.900000E+01  2.181750E-09
 2.000000E+01  1.504507E-10
 2.100000E+01  2.907624E-12
 2.200000E+01  2.574157E-12
 2.300000E+01  2.303312E-12
 2.400000E+01  2.073392E-12
 2.500000E+01  1.875398E-12
 2.600000E+01  1.706108E-12
 2.700000E+01  1.555455E-12
 2.800000E+01  1.424718E-12
 2.900000E+01  1.307959E-12
 3.000000E+01  1.202592E-12
 3.100000E+01  1.108200E-12
 3.200000E+01  1.024132E-12
 3.300000E+01  9.473991E-13
 3.400000E+01  8.786501E-13
 3.500000E+01  8.140719E-13
 3.600000E+01  7.570411E-13
 3.700000E+01  7.050647E-13
 3.800000E+01  6.566642E-13
 3.900000E+01  6.125756E-13
 4.000000E+01  5.723978E-13
 4.100000E+01  5.349904E-13
 4.200000E+01  5.005863E-13
 4.300000E+01  4.689218E-13
 4.400000E+01  4.399668E-13
 4.500000E+01  4.124593E-13
 4.600000E+01  3.873677E-13
 4.700000E+01  3.643183E-13
 4.800000E+01  3.424347E-13
 4.900000E+01  3.222682E-13
 5.000000E+01  3.039416E-13
