 1.000000E+01  1.185235E-06
 1.100000E+01  9.477522E-07
 1.200000E+01  7.381820E-07
 1.300000E+01  5.576358E-07
 1.400000E+01  4.059831E-07
 1.500000E+01  2.831725E-07
 1.600000E+01  1.869030E-07
 1.700000E+01  1.149863E-07
 1.800000E+01  6.442342E-08
 1.900000E+01  3.162111E-08
 2.000000E+01  1.264366E-08
 2.100000E+01  3.529475E-09
 2.200000E+01  4.430488E-10
 2.300000E+01  4.900068E-12
 2.400000E+01  3.550353E-12
 2.500000E+01  3.201250E-12
 2.600000E+01  2.902109E-12
 2.700000E+01  2.646250E-12
 2.800000E+01  2.423368E-12
 2.900000E+01  2.225806E-12
 3.000000E+01  2.047061E-12
 3.100000E+01  1.892684E-12
 3.200000E+01  1.749139E-12
 3.300000E+01  1.623369E-12
 3.400000E+01  1.506067E-12
 3.500000E+01  1.401334E-12
 3.600000E+01  1.305282E-12
 3.700000E+01  1.217448E-12
 3.800000E+01  1.136512E-12
 3.900000E+01  1.063055E-12
 4.000000E+01  9.961623E-13
 4.100000E+01  9.335128E-13
 4.200000E+01  8.761030E-13
 4.300000E+01  8.225065E-13
 4.400000E+01  7.733474E-13
 4.500000E+01  7.274505E-13
 4.600000E+01  6.851904E-13
 4.700000E+01  6.447367E-13
 4.800000E+01  6.083849E-13
 4.900000E+01  5.742583E-13
 5.000000E+01  5.422003E-13
