 1.000000E+01  1.996371E-07
 1.100000E+01  1.702988E-07
 1.200000E+01  1.430445E-07
 1.300000E+01  1.182506E-07
 1.400000E+01  9.585615E-08
 1.500000E+01  7.605563E-08
 1.600000E+01  5.892102E-08
 1.700000E+01  4.432429E-08
 1.800000E+01  3.225639E-08
 1.900000E+01  2.250322E-08
 2.000000E+01  1.496880E-08
 2.100000E+01  9.314053E-09
 2.200000E+01  5.320871E-09
 2.300000E+01  2.697257E-09
 2.400000E+01  1.137993E-09
 2.500000E+01  3.532379E-10
 2.600000E+01  5.832004E-11
 2.700000E+01  1.501405E-12
 2.800000E+01  4.585766E-13
 2.900000E+01  4.188594E-13
 3.000000E+01  3.842715E-13
 3.100000E+01  3.545607E-13
 3.200000E+01  3.278570E-13
 3.300000E+01  3.042025E-13
 3.400000E+01  2.829283E-13
 3.500000E+01  2.636896E-13
 3.600000E+01  2.458954E-13
 3.700000E+01  2.302968E-13
 3.800000E+01  2.155918E-13
 3.900000E+01  2.022709E-13
 4.000000E+01  1.900926E-13
 4.100000E+01  1.786690E-13
 4.200000E+01  1.682102E-13
 4.300000E+01  1.586616E-13
 4.400000E+01  1.495869E-13
 4.500000E+01  1.411013E-13
 4.600000E+01  1.333785E-13
 4.700000E+01  1.261087E-13
 4.800000E+01  1.193845E-13
 4.900000E+01  1.130932E-13
 5.000000E+01  1.071868E-13
