 1.000000E+01  7.987373E-07
 1.100000E+01  6.814141E-07
 1.200000E+01  5.721226E-07
 1.300000E+01  4.723951E-07
 1.400000E+01  3.836420E-07
 1.500000E+01  3.045011E-07
 1.600000E+01  2.355142E-07
 1.700000E+01  1.773112E-07
 1.800000E+01  1.290068E-07
 1.900000E+01  9.016045E-08
 2.000000E+01  5.988048E-08
 2.100000E+01  3.727601E-08
 2.200000E+01  2.130340E-08
 2.300000E+01  1.077534E-08
 2.400000E+01  4.551757E-09
 2.500000E+01  1.413033E-09
 2.600000E+01  2.334052E-10
 2.700000E+01  6.007978E-12
 2.800000E+01  1.834344E-12
 2.900000E+01  1.674986E-12
 3.000000E+01  1.538714E-12
 3.100000E+01  1.416898E-12
 3.200000E+01  1.311194E-12
 3.300000E+01  1.216405E-12
 3.400000E+01  1.131587E-12
 3.500000E+01  1.055924E-12
 3.600000E+01  9.846760E-13
 3.700000E+01  9.205166E-13
 3.800000E+01  8.633529E-13
 3.900000E+01  8.100828E-13
 4.000000E+01  7.605011E-13
 4.100000E+01  7.144671E-13
 4.200000E+01  6.727065E-13
 4.300000E+01  6.337194E-13
 4.400000E+01  5.978008E-13
 4.500000E+01  5.643061E-13
 4.600000E+01  5.337547E-13
 4.700000E+01  5.041057E-13
 4.800000E+01  4.779223E-13
 4.900000E+01  4.524790E-13
 5.000000E+01  4.285748E-13
