 1.000000E+01  1.994459E-07
 1.100000E+01  1.702842E-07
 1.200000E+01  1.433451E-07
 1.300000E+01  1.182694E-07
 1.400000E+01  9.582760E-08
 1.500000E+01  7.601255E-08
 1.600000E+01  5.894876E-08
 1.700000E+01  4.428476E-08
 1.800000E+01  3.223398E-08
 1.900000E+01  2.252759E-08
 2.000000E+01  1.496520E-08
 2.100000E+01  9.326911E-09
 2.200000E+01  5.330526E-09
 2.300000E+01  2.692731E-09
 2.400000E+01  1.137314E-09
 2.500000E+01  3.532895E-10
 2.600000E+01  5.832883E-11
 2.700000E+01  1.501986E-12
 2.800000E+01  4.584502E-13
 2.900000E+01  4.186087E-13
 3.000000E+01  3.840974E-13
 3.100000E+01  3.544433E-13
 3.200000E+01  3.281006E-13
 3.300000E+01  3.042182E-13
 3.400000E+01  2.828929E-13
 3.500000E+01  2.640494E-13
 3.600000E+01  2.462017E-13
 3.700000E+01  2.302622E-13
 3.800000E+01  2.156651E-13
 3.900000E+01  2.024360E-13
 4.000000E+01  1.900194E-13
 4.100000E+01  1.786499E-13
 4.200000E+01  1.683553E-13
 4.300000E+01  1.584738E-13
 4.400000E+01  1.495613E-13
 4.500000E+01  1.411906E-13
 4.600000E+01  1.333558E-13
 4.700000E+01  1.260733E-13
 4.800000E+01  1.193735E-13
 4.900000E+01  1.130300E-13
 5.000000E+01  1.072117E-13
