 1.000000E+01  5.177390E-07
 1.100000E+01  4.001570E-07
 1.200000E+01  2.986452E-07
 1.300000E+01  2.141678E-07
 1.400000E+01  1.463368E-07
 1.500000E+01  9.361755E-08
 1.600000E+01  5.543239E-08
 1.700000E+01  2.919464E-08
 1.800000E+01  1.303775E-08
 1.900000E+01  4.421429E-09
 2.000000E+01  8.771094E-10
 2.100000E+01  3.701592E-11
 2.200000E+01  1.896016E-12
 2.300000E+01  1.689470E-12
 2.400000E+01  1.518838E-12
 2.500000E+01  1.373668E-12
 2.600000E+01  1.248803E-12
 2.700000E+01  1.139938E-12
 2.800000E+01  1.044068E-12
 2.900000E+01  9.572257E-13
 3.000000E+01  8.814705E-13
 3.100000E+01  8.133439E-13
 3.200000E+01  7.514865E-13
 3.300000E+01  6.954341E-13
 3.400000E+01  6.452314E-13
 3.500000E+01  5.996429E-13
 3.600000E+01  5.577802E-13
 3.700000E+01  5.195012E-13
 3.800000E+01  4.852269E-13
 3.900000E+01  4.524070E-13
 4.000000E+01  4.231098E-13
 4.100000E+01  3.959983E-13
 4.200000E+01  3.712355E-13
 4.300000E+01  3.480794E-13
 4.400000E+01  3.266171E-13
 4.500000E+01  3.066456E-13
 4.600000E+01  2.880002E-13
 4.700000E+01  2.711688E-13
 4.800000E+01  2.553365E-13
 4.900000E+01  2.404513E-13
 5.000000E+01  2.269441E-13
