 1.000000E+01  1.158066E-06
 1.100000E+01  1.061785E-06
 1.200000E+01  9.659598E-07
 1.300000E+01  8.751103E-07
 1.400000E+01  7.849009E-07
 1.500000E+01  6.998598E-07
 1.600000E+01  6.178042E-07
 1.700000E+01  5.411215E-07
 1.800000E+01  4.690753E-07
 1.900000E+01  4.031408E-07
 2.000000E+01  3.422033E-07
 2.100000E+01  2.872835E-07
 2.200000E+01  2.374993E-07
 2.300000E+01  1.936157E-07
 2.400000E+01  1.549976E-07
 2.500000E+01  1.215561E-07
 2.600000E+01  9.321089E-08
 2.700000E+01  6.950954E-08
 2.800000E+01  5.019347E-08
 2.900000E+01  3.488325E-08
 3.000000E+01  2.304593E-08
 3.100000E+01  1.430176E-08
 3.200000E+01  8.149582E-09
 3.300000E+01  4.137426E-09
 3.400000E+01  1.754128E-09
 3.500000E+01  5.534830E-10
 3.600000E+01  9.645654E-11
 3.700000E+01  4.113100E-12
 3.800000E+01  1.907237E-12
 3.900000E+01  1.783293E-12
 4.000000E+01  1.672904E-12
 4.100000E+01  1.572058E-12
 4.200000E+01  1.481833E-12
 4.300000E+01  1.397220E-12
 4.400000E+01  1.322095E-12
 4.500000E+01  1.250565E-12
 4.600000E+01  1.185500E-12
 4.700000E+01  1.124762E-12
 4.800000E+01  1.069319E-12
 4.900000E+01  1.016960E-12
 5.000000E+01  9.677940E-13
