 1.000000E+01  1.663128E-10
 1.100000E+01  2.982864E-11
 1.200000E+01  6.857777E-13
 1.300000E+01  4.208419E-15
 1.400000E+01  2.967624E-15
 1.500000E+01  2.431653E-15
 1.600000E+01  2.141631E-15
 1.700000E+01  1.903514E-15
 1.800000E+01  1.700132E-15
 1.900000E+01  1.527059E-15
 2.000000E+01  1.376812E-15
 2.100000E+01  1.246631E-15
 2.200000E+01  1.132201E-15
 2.300000E+01  1.029670E-15
 2.400000E+01  9.387847E-16
 2.500000E+01  8.595650E-16
 2.600000E+01  7.864028E-16
 2.700000E+01  7.221583E-16
 2.800000E+01  6.634229E-16
 2.900000E+01  6.118744E-16
 3.000000E+01  5.639111E-16
 3.100000E+01  5.221245E-16
 3.200000E+01  4.821706E-16
 3.300000E+01  4.467719E-16
 3.400000E+01  4.142305E-16
 3.500000E+01  3.849754E-16
 3.600000E+01  3.579397E-16
 3.700000E+01  3.326397E-16
 3.800000E+01  3.099138E-16
 3.900000E+01  2.889554E-16
 4.000000E+01  2.696766E-16
 4.100000E+01  2.521545E-16
 4.200000E+01  2.354903E-16
 4.300000E+01  2.202768E-16
 4.400000E+01  2.061209E-16
 4.500000E+01  1.933194E-16
 4.600000E+01  1.811678E-16
 4.700000E+01  1.699429E-16
 4.800000E+01  1.597432E-16
 4.900000E+01  1.501070E-16
 5.000000E+01  1.409371E-16
