 1.000000E+01  3.480714E-07
 1.100000E+01  1.820510E-07
 1.200000E+01  7.937260E-08
 1.300000E+01  2.546262E-08
 1.400000E+01  4.342191E-09
 1.500000E+01  8.605096E-11
 1.600000E+01  1.444455E-12
 1.700000E+01  1.073246E-12
 1.800000E+01  8.810986E-13
 1.900000E+01  7.786276E-13
 2.000000E+01  7.046491E-13
 2.100000E+01  6.416388E-13
 2.200000E+01  5.853687E-13
 2.300000E+01  5.360502E-13
 2.400000E+01  4.916346E-13
 2.500000E+01  4.526258E-13
 2.600000E+01  4.178792E-13
 2.700000E+01  3.862622E-13
 2.800000E+01  3.576999E-13
 2.900000E+01  3.318844E-13
 3.000000E+01  3.081096E-13
 3.100000E+01  2.867548E-13
 3.200000E+01  2.669736E-13
 3.300000E+01  2.489281E-13
 3.400000E+01  2.322843E-13
 3.500000E+01  2.173381E-13
 3.600000E+01  2.034625E-13
 3.700000E+01  1.907092E-13
 3.800000E+01  1.785589E-13
 3.900000E+01  1.677273E-13
 4.000000E+01  1.574563E-13
 4.100000E+01  1.481909E-13
 4.200000E+01  1.393591E-13
 4.300000E+01  1.312206E-13
 4.400000E+01  1.236110E-13
 4.500000E+01  1.165108E-13
 4.600000E+01  1.100835E-13
 4.700000E+01  1.037978E-13
 4.800000E+01  9.812006E-14
 4.900000E+01  9.273805E-14
 5.000000E+01  8.765923E-14
