 1.000000E+01  7.736927E-09
 1.100000E+01  2.441693E-09
 1.200000E+01  3.930455E-10
 1.300000E+01  5.241735E-12
 1.400000E+01  8.718431E-14
 1.500000E+01  6.333011E-14
 1.600000E+01  5.237661E-14
 1.700000E+01  4.643963E-14
 1.800000E+01  4.151691E-14
 1.900000E+01  3.732874E-14
 2.000000E+01  3.370330E-14
 2.100000E+01  3.056823E-14
 2.200000E+01  2.779758E-14
 2.300000E+01  2.537220E-14
 2.400000E+01  2.320469E-14
 2.500000E+01  2.127714E-14
 2.600000E+01  1.952109E-14
 2.700000E+01  1.798017E-14
 2.800000E+01  1.658613E-14
 2.900000E+01  1.529903E-14
 3.000000E+01  1.413875E-14
 3.100000E+01  1.311186E-14
 3.200000E+01  1.214904E-14
 3.300000E+01  1.128561E-14
 3.400000E+01  1.050016E-14
 3.500000E+01  9.768198E-15
 3.600000E+01  9.101120E-15
 3.700000E+01  8.483592E-15
 3.800000E+01  7.932470E-15
 3.900000E+01  7.408007E-15
 4.000000E+01  6.926359E-15
 4.100000E+01  6.482486E-15
 4.200000E+01  6.069255E-15
 4.300000E+01  5.694377E-15
 4.400000E+01  5.345183E-15
 4.500000E+01  5.020441E-15
 4.600000E+01  4.712584E-15
 4.700000E+01  4.433978E-15
 4.800000E+01  4.173074E-15
 4.900000E+01  3.928668E-15
 5.000000E+01  3.700238E-15
