 1.000000E+01  7.396641E-07
 1.100000E+01  5.398582E-07
 1.200000E+01  3.752933E-07
 1.300000E+01  2.468507E-07
 1.400000E+01  1.503204E-07
 1.500000E+01  8.281725E-08
 1.600000E+01  3.948706E-08
 1.700000E+01  1.498687E-08
 1.800000E+01  3.756008E-09
 1.900000E+01  3.452415E-10
 2.000000E+01  1.289049E-12
 2.100000E+01  9.827558E-13
 2.200000E+01  7.900891E-13
 2.300000E+01  6.742928E-13
 2.400000E+01  6.048331E-13
 2.500000E+01  5.572048E-13
 2.600000E+01  5.162378E-13
 2.700000E+01  4.797326E-13
 2.800000E+01  4.464440E-13
 2.900000E+01  4.173762E-13
 3.000000E+01  3.895382E-13
 3.100000E+01  3.651655E-13
 3.200000E+01  3.421502E-13
 3.300000E+01  3.212805E-13
 3.400000E+01  3.016467E-13
 3.500000E+01  2.839577E-13
 3.600000E+01  2.675234E-13
 3.700000E+01  2.525396E-13
 3.800000E+01  2.381200E-13
 3.900000E+01  2.250979E-13
 4.000000E+01  2.128545E-13
 4.100000E+01  2.013151E-13
 4.200000E+01  1.908229E-13
 4.300000E+01  1.807412E-13
 4.400000E+01  1.714594E-13
 4.500000E+01  1.626348E-13
 4.600000E+01  1.544898E-13
 4.700000E+01  1.467830E-13
 4.800000E+01  1.396689E-13
 4.900000E+01  1.328251E-13
 5.000000E+01  1.264574E-13
