 1.000000E+01  1.536059E-07
 1.100000E+01  9.790726E-08
 1.200000E+01  5.721239E-08
 1.300000E+01  2.951040E-08
 1.400000E+01  1.265690E-08
 1.500000E+01  3.976667E-09
 1.600000E+01  6.585704E-10
 1.700000E+01  1.161061E-11
 1.800000E+01  3.607888E-13
 1.900000E+01  2.756630E-13
 2.000000E+01  2.273717E-13
 2.100000E+01  2.008045E-13
 2.200000E+01  1.829843E-13
 2.300000E+01  1.681759E-13
 2.400000E+01  1.545806E-13
 2.500000E+01  1.426271E-13
 2.600000E+01  1.318990E-13
 2.700000E+01  1.224081E-13
 2.800000E+01  1.136018E-13
 2.900000E+01  1.057088E-13
 3.000000E+01  9.854163E-14
 3.100000E+01  9.194518E-14
 3.200000E+01  8.584921E-14
 3.300000E+01  8.036831E-14
 3.400000E+01  7.531976E-14
 3.500000E+01  7.063190E-14
 3.600000E+01  6.637876E-14
 3.700000E+01  6.236648E-14
 3.800000E+01  5.865522E-14
 3.900000E+01  5.520057E-14
 4.000000E+01  5.204126E-14
 4.100000E+01  4.911275E-14
 4.200000E+01  4.628855E-14
 4.300000E+01  4.376588E-14
 4.400000E+01  4.136655E-14
 4.500000E+01  3.910938E-14
 4.600000E+01  3.704121E-14
 4.700000E+01  3.505013E-14
 4.800000E+01  3.321763E-14
 4.900000E+01  3.151934E-14
 5.000000E+01  2.988528E-14
