 1.000000E+01  3.481096E-07
 1.100000E+01  1.822342E-07
 1.200000E+01  7.940346E-08
 1.300000E+01  2.544464E-08
 1.400000E+01  4.340384E-09
 1.500000E+01  8.604322E-11
 1.600000E+01  1.444309E-12
 1.700000E+01  1.072033E-12
 1.800000E+01  8.806415E-13
 1.900000E+01  7.794614E-13
 2.000000E+01  7.053917E-13
 2.100000E+01  6.420664E-13
 2.200000E+01  5.853476E-13
 2.300000E+01  5.358682E-13
 2.400000E+01  4.924338E-13
 2.500000E+01  4.527547E-13
 2.600000E+01  4.180629E-13
 2.700000E+01  3.861560E-13
 2.800000E+01  3.576260E-13
 2.900000E+01  3.315794E-13
 3.000000E+01  3.083324E-13
 3.100000E+01  2.865896E-13
 3.200000E+01  2.670309E-13
 3.300000E+01  2.491314E-13
 3.400000E+01  2.325266E-13
 3.500000E+01  2.174420E-13
 3.600000E+01  2.034633E-13
 3.700000E+01  1.905372E-13
 3.800000E+01  1.786517E-13
 3.900000E+01  1.676299E-13
 4.000000E+01  1.575651E-13
 4.100000E+01  1.481241E-13
 4.200000E+01  1.392855E-13
 4.300000E+01  1.311648E-13
 4.400000E+01  1.235556E-13
 4.500000E+01  1.165609E-13
 4.600000E+01  1.100366E-13
 4.700000E+01  1.037800E-13
 4.800000E+01  9.807403E-14
 4.900000E+01  9.279815E-14
 5.000000E+01  8.780441E-14
