 1.000000E+01  7.395411E-07
 1.100000E+01  5.388261E-07
 1.200000E+01  3.753588E-07
 1.300000E+01  2.466957E-07
 1.400000E+01  1.504217E-07
 1.500000E+01  8.287141E-08
 1.600000E+01  3.945383E-08
 1.700000E+01  1.497696E-08
 1.800000E+01  3.758187E-09
 1.900000E+01  3.451261E-10
 2.000000E+01  1.289302E-12
 2.100000E+01  9.825420E-13
 2.200000E+01  7.901555E-13
 2.300000E+01  6.734063E-13
 2.400000E+01  6.050814E-13
 2.500000E+01  5.570956E-13
 2.600000E+01  5.171942E-13
 2.700000E+01  4.796353E-13
 2.800000E+01  4.470361E-13
 2.900000E+01  4.164367E-13
 3.000000E+01  3.896854E-13
 3.100000E+01  3.649656E-13
 3.200000E+01  3.420635E-13
 3.300000E+01  3.211479E-13
 3.400000E+01  3.017988E-13
 3.500000E+01  2.844141E-13
 3.600000E+01  2.675121E-13
 3.700000E+01  2.524227E-13
 3.800000E+01  2.382818E-13
 3.900000E+01  2.249753E-13
 4.000000E+01  2.128061E-13
 4.100000E+01  2.013186E-13
 4.200000E+01  1.908671E-13
 4.300000E+01  1.807521E-13
 4.400000E+01  1.714520E-13
 4.500000E+01  1.627565E-13
 4.600000E+01  1.546255E-13
 4.700000E+01  1.468158E-13
 4.800000E+01  1.396902E-13
 4.900000E+01  1.329633E-13
 5.000000E+01  1.264743E-13
