 1.000000E+01  1.286164E-07
 1.100000E+01  4.869499E-08
 1.200000E+01  1.176406E-08
 1.300000E+01  9.076704E-10
 1.400000E+01  1.289521E-12
 1.500000E+01  8.879589E-13
 1.600000E+01  6.921670E-13
 1.700000E+01  5.978035E-13
 1.800000E+01  5.347170E-13
 1.900000E+01  4.816076E-13
 2.000000E+01  4.353414E-13
 2.100000E+01  3.951088E-13
 2.200000E+01  3.599799E-13
 2.300000E+01  3.285489E-13
 2.400000E+01  3.007557E-13
 2.500000E+01  2.764092E-13
 2.600000E+01  2.538810E-13
 2.700000E+01  2.340803E-13
 2.800000E+01  2.158706E-13
 2.900000E+01  1.996309E-13
 3.000000E+01  1.848333E-13
 3.100000E+01  1.714624E-13
 3.200000E+01  1.592729E-13
 3.300000E+01  1.479559E-13
 3.400000E+01  1.377438E-13
 3.500000E+01  1.284652E-13
 3.600000E+01  1.198092E-13
 3.700000E+01  1.118296E-13
 3.800000E+01  1.044761E-13
 3.900000E+01  9.773181E-14
 4.000000E+01  9.157351E-14
 4.100000E+01  8.577665E-14
 4.200000E+01  8.056770E-14
 4.300000E+01  7.553765E-14
 4.400000E+01  7.099564E-14
 4.500000E+01  6.676401E-14
 4.600000E+01  6.282027E-14
 4.700000E+01  5.908268E-14
 4.800000E+01  5.567797E-14
 4.900000E+01  5.244364E-14
 5.000000E+01  4.947417E-14
