 1.000000E+01  1.286571E-07
 1.100000E+01  4.869377E-08
 1.200000E+01  1.176123E-08
 1.300000E+01  9.077304E-10
 1.400000E+01  1.288985E-12
 1.500000E+01  8.883951E-13
 1.600000E+01  6.911882E-13
 1.700000E+01  5.973798E-13
 1.800000E+01  5.350051E-13
 1.900000E+01  4.813659E-13
 2.000000E+01  4.355369E-13
 2.100000E+01  3.953765E-13
 2.200000E+01  3.600718E-13
 2.300000E+01  3.288136E-13
 2.400000E+01  3.010508E-13
 2.500000E+01  2.763181E-13
 2.600000E+01  2.539952E-13
 2.700000E+01  2.339476E-13
 2.800000E+01  2.159485E-13
 2.900000E+01  1.995589E-13
 3.000000E+01  1.848906E-13
 3.100000E+01  1.714237E-13
 3.200000E+01  1.592139E-13
 3.300000E+01  1.479192E-13
 3.400000E+01  1.377803E-13
 3.500000E+01  1.283909E-13
 3.600000E+01  1.197079E-13
 3.700000E+01  1.118264E-13
 3.800000E+01  1.044896E-13
 3.900000E+01  9.775707E-14
 4.000000E+01  9.153864E-14
 4.100000E+01  8.582930E-14
 4.200000E+01  8.049915E-14
 4.300000E+01  7.559000E-14
 4.400000E+01  7.096829E-14
 4.500000E+01  6.669301E-14
 4.600000E+01  6.278226E-14
 4.700000E+01  5.908700E-14
 4.800000E+01  5.569963E-14
 4.900000E+01  5.242169E-14
 5.000000E+01  4.947891E-14
