 1.000000E+01  1.534978E-07
 1.100000E+01  9.801762E-08
 1.200000E+01  5.718341E-08
 1.300000E+01  2.947201E-08
 1.400000E+01  1.265117E-08
 1.500000E+01  3.978694E-09
 1.600000E+01  6.579249E-10
 1.700000E+01  1.161495E-11
 1.800000E+01  3.616576E-13
 1.900000E+01  2.754681E-13
 2.000000E+01  2.272615E-13
 2.100000E+01  2.009006E-13
 2.200000E+01  1.830224E-13
 2.300000E+01  1.679109E-13
 2.400000E+01  1.545563E-13
 2.500000E+01  1.424356E-13
 2.600000E+01  1.319275E-13
 2.700000E+01  1.222218E-13
 2.800000E+01  1.136403E-13
 2.900000E+01  1.056967E-13
 3.000000E+01  9.859432E-14
 3.100000E+01  9.187329E-14
 3.200000E+01  8.592576E-14
 3.300000E+01  8.037206E-14
 3.400000E+01  7.537659E-14
 3.500000E+01  7.062189E-14
 3.600000E+01  6.631902E-14
 3.700000E+01  6.240889E-14
 3.800000E+01  5.863847E-14
 3.900000E+01  5.520671E-14
 4.000000E+01  5.207942E-14
 4.100000E+01  4.909644E-14
 4.200000E+01  4.634853E-14
 4.300000E+01  4.377151E-14
 4.400000E+01  4.140989E-14
 4.500000E+01  3.911995E-14
 4.600000E+01  3.705197E-14
 4.700000E+01  3.506807E-14
 4.800000E+01  3.326689E-14
 4.900000E+01  3.149359E-14
 5.000000E+01  2.992033E-14
