 1.000000E+01  3.111490E-08
 1.100000E+01  1.860869E-08
 1.200000E+01  9.917391E-09
 1.300000E+01  4.471159E-09
 1.400000E+01  1.533407E-09
 1.500000E+01  3.089143E-10
 1.600000E+01  1.310411E-11
 1.700000E+01  9.543073E-14
 1.800000E+01  7.111319E-14
 1.900000E+01  5.754835E-14
 2.000000E+01  5.031613E-14
 2.100000E+01  4.565033E-14
 2.200000E+01  4.170466E-14
 2.300000E+01  3.822866E-14
 2.400000E+01  3.512422E-14
 2.500000E+01  3.241848E-14
 2.600000E+01  2.992053E-14
 2.700000E+01  2.772744E-14
 2.800000E+01  2.571573E-14
 2.900000E+01  2.390462E-14
 3.000000E+01  2.223345E-14
 3.100000E+01  2.074358E-14
 3.200000E+01  1.935677E-14
 3.300000E+01  1.809509E-14
 3.400000E+01  1.692091E-14
 3.500000E+01  1.584812E-14
 3.600000E+01  1.485914E-14
 3.700000E+01  1.394718E-14
 3.800000E+01  1.309994E-14
 3.900000E+01  1.233723E-14
 4.000000E+01  1.160460E-14
 4.100000E+01  1.093070E-14
 4.200000E+01  1.031168E-14
 4.300000E+01  9.718687E-15
 4.400000E+01  9.167991E-15
 4.500000E+01  8.664213E-15
 4.600000E+01  8.196762E-15
 4.700000E+01  7.741587E-15
 4.800000E+01  7.341579E-15
 4.900000E+01  6.952907E-15
 5.000000E+01  6.587447E-15
