 1.000000E+01  3.735007E-07
 1.100000E+01  2.523018E-07
 1.200000E+01  1.588251E-07
 1.300000E+01  9.109614E-08
 1.400000E+01  4.597254E-08
 1.500000E+01  1.902323E-08
 1.600000E+01  5.604286E-09
 1.700000E+01  7.933486E-10
 1.800000E+01  5.868884E-12
 1.900000E+01  7.045759E-13
 2.000000E+01  5.466033E-13
 2.100000E+01  4.565043E-13
 2.200000E+01  4.054955E-13
 2.300000E+01  3.713621E-13
 2.400000E+01  3.414422E-13
 2.500000E+01  3.151806E-13
 2.600000E+01  2.918924E-13
 2.700000E+01  2.711479E-13
 2.800000E+01  2.521015E-13
 2.900000E+01  2.348532E-13
 3.000000E+01  2.191062E-13
 3.100000E+01  2.047432E-13
 3.200000E+01  1.913105E-13
 3.300000E+01  1.796193E-13
 3.400000E+01  1.682913E-13
 3.500000E+01  1.580605E-13
 3.600000E+01  1.485672E-13
 3.700000E+01  1.398978E-13
 3.800000E+01  1.317669E-13
 3.900000E+01  1.241862E-13
 4.000000E+01  1.171967E-13
 4.100000E+01  1.106413E-13
 4.200000E+01  1.047013E-13
 4.300000E+01  9.893271E-14
 4.400000E+01  9.362403E-14
 4.500000E+01  8.872019E-14
 4.600000E+01  8.414015E-14
 4.700000E+01  7.978026E-14
 4.800000E+01  7.562369E-14
 4.900000E+01  7.182665E-14
 5.000000E+01  6.818935E-14
