 1.000000E+01  1.153204E-07
 1.100000E+01  5.040391E-08
 1.200000E+01  1.607684E-08
 1.300000E+01  2.672858E-09
 1.400000E+01  4.402745E-11
 1.500000E+01  7.212204E-13
 1.600000E+01  5.278800E-13
 1.700000E+01  4.341630E-13
 1.800000E+01  3.843132E-13
 1.900000E+01  3.457242E-13
 2.000000E+01  3.130805E-13
 2.100000E+01  2.845253E-13
 2.200000E+01  2.592586E-13
 2.300000E+01  2.370393E-13
 2.400000E+01  2.173397E-13
 2.500000E+01  1.997789E-13
 2.600000E+01  1.837375E-13
 2.700000E+01  1.695527E-13
 2.800000E+01  1.567069E-13
 2.900000E+01  1.450919E-13
 3.000000E+01  1.344370E-13
 3.100000E+01  1.249381E-13
 3.200000E+01  1.161526E-13
 3.300000E+01  1.080997E-13
 3.400000E+01  1.007981E-13
 3.500000E+01  9.394217E-14
 3.600000E+01  8.783113E-14
 3.700000E+01  8.205609E-14
 3.800000E+01  7.676204E-14
 3.900000E+01  7.194744E-14
 4.000000E+01  6.743315E-14
 4.100000E+01  6.329765E-14
 4.200000E+01  5.946142E-14
 4.300000E+01  5.588671E-14
 4.400000E+01  5.249623E-14
 4.500000E+01  4.942820E-14
 4.600000E+01  4.654800E-14
 4.700000E+01  4.389501E-14
 4.800000E+01  4.138716E-14
 4.900000E+01  3.902347E-14
 5.000000E+01  3.687220E-14
