 1.000000E+01  9.341657E-08
 1.100000E+01  6.298912E-08
 1.200000E+01  3.969997E-08
 1.300000E+01  2.277407E-08
 1.400000E+01  1.147612E-08
 1.500000E+01  4.750499E-09
 1.600000E+01  1.401779E-09
 1.700000E+01  1.983306E-10
 1.800000E+01  1.468005E-12
 1.900000E+01  1.760629E-13
 2.000000E+01  1.367559E-13
 2.100000E+01  1.140884E-13
 2.200000E+01  1.014496E-13
 2.300000E+01  9.282589E-14
 2.400000E+01  8.541326E-14
 2.500000E+01  7.887059E-14
 2.600000E+01  7.301989E-14
 2.700000E+01  6.777172E-14
 2.800000E+01  6.300909E-14
 2.900000E+01  5.877058E-14
 3.000000E+01  5.472991E-14
 3.100000E+01  5.119608E-14
 3.200000E+01  4.787777E-14
 3.300000E+01  4.484479E-14
 3.400000E+01  4.210353E-14
 3.500000E+01  3.949733E-14
 3.600000E+01  3.713725E-14
 3.700000E+01  3.497417E-14
 3.800000E+01  3.297069E-14
 3.900000E+01  3.104879E-14
 4.000000E+01  2.930104E-14
 4.100000E+01  2.765851E-14
 4.200000E+01  2.616910E-14
 4.300000E+01  2.474234E-14
 4.400000E+01  2.340573E-14
 4.500000E+01  2.217738E-14
 4.600000E+01  2.098904E-14
 4.700000E+01  1.993943E-14
 4.800000E+01  1.888855E-14
 4.900000E+01  1.797210E-14
 5.000000E+01  1.704993E-14
