 1.000000E+01  9.358628E-08
 1.100000E+01  6.311993E-08
 1.200000E+01  3.969027E-08
 1.300000E+01  2.277829E-08
 1.400000E+01  1.149108E-08
 1.500000E+01  4.753759E-09
 1.600000E+01  1.399976E-09
 1.700000E+01  1.984421E-10
 1.800000E+01  1.467149E-12
 1.900000E+01  1.761066E-13
 2.000000E+01  1.368397E-13
 2.100000E+01  1.141363E-13
 2.200000E+01  1.013175E-13
 2.300000E+01  9.267764E-14
 2.400000E+01  8.547183E-14
 2.500000E+01  7.891375E-14
 2.600000E+01  7.295578E-14
 2.700000E+01  6.772829E-14
 2.800000E+01  6.299160E-14
 2.900000E+01  5.866335E-14
 3.000000E+01  5.473109E-14
 3.100000E+01  5.116292E-14
 3.200000E+01  4.793606E-14
 3.300000E+01  4.486090E-14
 3.400000E+01  4.209012E-14
 3.500000E+01  3.954175E-14
 3.600000E+01  3.717729E-14
 3.700000E+01  3.495841E-14
 3.800000E+01  3.293919E-14
 3.900000E+01  3.107930E-14
 4.000000E+01  2.932205E-14
 4.100000E+01  2.768022E-14
 4.200000E+01  2.616067E-14
 4.300000E+01  2.473974E-14
 4.400000E+01  2.341717E-14
 4.500000E+01  2.218515E-14
 4.600000E+01  2.101330E-14
 4.700000E+01  1.994298E-14
 4.800000E+01  1.891687E-14
 4.900000E+01  1.794228E-14
 5.000000E+01  1.706240E-14
