 1.000000E+01  8.583292E-07
 1.100000E+01  7.110411E-07
 1.200000E+01  5.769890E-07
 1.300000E+01  4.573201E-07
 1.400000E+01  3.527909E-07
 1.500000E+01  2.641588E-07
 1.600000E+01  1.904031E-07
 1.700000E+01  1.314274E-07
 1.800000E+01  8.560670E-08
 1.900000E+01  5.182494E-08
 2.000000E+01  2.839887E-08
 2.100000E+01  1.344655E-08
 2.200000E+01  5.085774E-09
 2.300000E+01  1.273331E-09
 2.400000E+01  1.170920E-10
 2.500000E+01  8.984045E-13
 2.600000E+01  7.179989E-13
 2.700000E+01  5.917427E-13
 2.800000E+01  5.071967E-13
 2.900000E+01  4.516142E-13
 3.000000E+01  4.146976E-13
 3.100000E+01  3.884423E-13
 3.200000E+01  3.654134E-13
 3.300000E+01  3.442770E-13
 3.400000E+01  3.246042E-13
 3.500000E+01  3.072153E-13
 3.600000E+01  2.905868E-13
 3.700000E+01  2.748738E-13
 3.800000E+01  2.609052E-13
 3.900000E+01  2.475663E-13
 4.000000E+01  2.350427E-13
 4.100000E+01  2.236160E-13
 4.200000E+01  2.128306E-13
 4.300000E+01  2.025334E-13
 4.400000E+01  1.928817E-13
 4.500000E+01  1.843662E-13
 4.600000E+01  1.756778E-13
 4.700000E+01  1.678093E-13
 4.800000E+01  1.603527E-13
 4.900000E+01  1.533107E-13
 5.000000E+01  1.465371E-13
