 1.000000E+01  2.092046E-05
 1.191919E+01  4.146360E-05
 1.383838E+01  7.380239E-05
 1.575758E+01  1.213814E-04
 1.767677E+01  1.864889E-04
 1.959596E+01  2.720164E-04
 2.151515E+01  3.802517E-04
 2.343434E+01  5.102336E-04
 2.535354E+01  6.578826E-04
 2.727273E+01  8.196890E-04
 2.919192E+01  9.821036E-04
 3.111111E+01  1.120279E-03
 3.303030E+01  1.206173E-03
 3.494949E+01  1.156118E-03
 3.686869E+01  7.209941E-04
 3.878788E+01  7.103077E-09
 4.070707E+01  3.874546E-09
 4.262626E+01  2.776904E-09
 4.454545E+01  2.192912E-09
 4.646465E+01  1.827178E-09
 4.838384E+01  1.570708E-09
 5.030303E+01  1.384334E-09
 5.222222E+01  1.236385E-09
 5.414141E+01  1.118853E-09
 5.606061E+01  1.021694E-09
 5.797980E+01  9.395496E-10
 5.989899E+01  8.698423E-10
 6.181818E+01  8.096652E-10
 6.373737E+01  7.565380E-10
 6.565657E+01  7.085229E-10
 6.757576E+01  6.655915E-10
 6.949495E+01  6.279563E-10
 7.141414E+01  5.928473E-10
 7.333333E+01  5.616130E-10
 7.525253E+01  5.330716E-10
 7.717172E+01  5.050006E-10
 7.909091E+01  4.806750E-10
 8.101010E+01  4.569651E-10
 8.292929E+01  4.357509E-10
 8.484848E+01  4.161904E-10
 8.676768E+01  3.968110E-10
 8.868687E+01  3.797110E-10
 9.060606E+01  3.627561E-10
 9.252525E+01  3.477013E-10
 9.444444E+01  3.324819E-10
 9.636364E+01  3.186947E-10
 9.828283E+01  3.059196E-10
 1.002020E+02  2.929219E-10
 1.021212E+02  2.817287E-10
 1.040404E+02  2.700020E-10
 1.059596E+02  2.596725E-10
 1.078788E+02  2.495519E-10
 1.097980E+02  2.400211E-10
 1.117172E+02  2.310719E-10
 1.136364E+02  2.220274E-10
 1.155556E+02  2.136861E-10
 1.174747E+02  2.061614E-10
 1.193939E+02  1.983985E-10
 1.213131E+02  1.911663E-10
 1.232323E+02  1.841327E-10
 1.251515E+02  1.776217E-10
 1.270707E+02  1.711046E-10
 1.289899E+02  1.650300E-10
 1.309091E+02  1.591745E-10
 1.328283E+02  1.537622E-10
 1.347475E+02  1.484185E-10
 1.366667E+02  1.434285E-10
 1.385859E+02  1.383332E-10
 1.405051E+02  1.336058E-10
 1.424242E+02  1.291733E-10
 1.443434E+02  1.247680E-10
 1.462626E+02  1.205951E-10
 1.481818E+02  1.164982E-10
 1.501010E+02  1.126169E-10
 1.520202E+02  1.088814E-10
 1.539394E+02  1.052987E-10
 1.558586E+02  1.018596E-10
 1.577778E+02  9.844848E-11
 1.596970E+02  9.535594E-11
 1.616162E+02  9.233001E-11
 1.635354E+02  8.933835E-11
 1.654545E+02  8.649278E-11
 1.673737E+02  8.366645E-11
 1.692929E+02  8.102553E-11
 1.712121E+02  7.849980E-11
 1.731313E+02  7.605119E-11
 1.750505E+02  7.373511E-11
 1.769697E+02  7.140169E-11
 1.788889E+02  6.918852E-11
 1.808081E+02  6.706670E-11
 1.827273E+02  6.487804E-11
 1.846465E+02  6.294969E-11
 1.865657E+02  6.105348E-11
 1.884848E+02  5.916236E-11
 1.904040E+02  5.739251E-11
 1.923232E+02  5.564059E-11
 1.942424E+02  5.395047E-11
 1.961616E+02  5.229794E-11
 1.980808E+02  5.075408E-11
 2.000000E+02  4.926023E-11
