 1.000000E+01  9.494896E-05
 1.191919E+01  1.893242E-04
 1.383838E+01  3.386560E-04
 1.575758E+01  5.606367E-04
 1.767677E+01  8.685228E-04
 1.959596E+01  1.281357E-03
 2.151515E+01  1.812902E-03
 2.343434E+01  2.471908E-03
 2.535354E+01  3.266790E-03
 2.727273E+01  4.177388E-03
 2.919192E+01  5.214090E-03
 3.111111E+01  6.326058E-03
 3.303030E+01  7.468024E-03
 3.494949E+01  8.532554E-03
 3.686869E+01  9.315776E-03
 3.878788E+01  9.672434E-03
 4.070707E+01  9.017104E-03
 4.262626E+01  5.579397E-03
 4.454545E+01  6.356180E-08
 4.646465E+01  3.456575E-08
 4.838384E+01  2.477032E-08
 5.030303E+01  1.960888E-08
 5.222222E+01  1.635991E-08
 5.414141E+01  1.409816E-08
 5.606061E+01  1.241287E-08
 5.797980E+01  1.112250E-08
 5.989899E+01  1.007815E-08
 6.181818E+01  9.223858E-09
 6.373737E+01  8.500801E-09
 6.565657E+01  7.881771E-09
 6.757576E+01  7.349645E-09
 6.949495E+01  6.886756E-09
 7.141414E+01  6.469531E-09
 7.333333E+01  6.095772E-09
 7.525253E+01  5.759448E-09
 7.717172E+01  5.460964E-09
 7.909091E+01  5.176123E-09
 8.101010E+01  4.925590E-09
 8.292929E+01  4.692038E-09
 8.484848E+01  4.470676E-09
 8.676768E+01  4.267994E-09
 8.868687E+01  4.082904E-09
 9.060606E+01  3.908478E-09
 9.252525E+01  3.743324E-09
 9.444444E+01  3.587781E-09
 9.636364E+01  3.440679E-09
 9.828283E+01  3.305372E-09
 1.002020E+02  3.175258E-09
 1.021212E+02  3.054807E-09
 1.040404E+02  2.941083E-09
 1.059596E+02  2.830288E-09
 1.078788E+02  2.723638E-09
 1.097980E+02  2.625374E-09
 1.117172E+02  2.529362E-09
 1.136364E+02  2.437306E-09
 1.155556E+02  2.352652E-09
 1.174747E+02  2.271384E-09
 1.193939E+02  2.192684E-09
 1.213131E+02  2.118530E-09
 1.232323E+02  2.046087E-09
 1.251515E+02  1.975714E-09
 1.270707E+02  1.910959E-09
 1.289899E+02  1.847073E-09
 1.309091E+02  1.786910E-09
 1.328283E+02  1.729765E-09
 1.347475E+02  1.672309E-09
 1.366667E+02  1.621058E-09
 1.385859E+02  1.568431E-09
 1.405051E+02  1.518634E-09
 1.424242E+02  1.471042E-09
 1.443434E+02  1.424479E-09
 1.462626E+02  1.381532E-09
 1.481818E+02  1.337482E-09
 1.501010E+02  1.297098E-09
 1.520202E+02  1.256748E-09
 1.539394E+02  1.217824E-09
 1.558586E+02  1.182688E-09
 1.577778E+02  1.146567E-09
 1.596970E+02  1.112700E-09
 1.616162E+02  1.079789E-09
 1.635354E+02  1.047393E-09
 1.654545E+02  1.017121E-09
 1.673737E+02  9.868896E-10
 1.692929E+02  9.576502E-10
 1.712121E+02  9.305991E-10
 1.731313E+02  9.041816E-10
 1.750505E+02  8.778935E-10
 1.769697E+02  8.529746E-10
 1.788889E+02  8.285330E-10
 1.808081E+02  8.051867E-10
 1.827273E+02  7.819398E-10
 1.846465E+02  7.601489E-10
 1.865657E+02  7.380028E-10
 1.884848E+02  7.182732E-10
 1.904040E+02  6.985459E-10
 1.923232E+02  6.787384E-10
 1.942424E+02  6.602069E-10
 1.961616E+02  6.420501E-10
 1.980808E+02  6.240711E-10
 2.000000E+02  6.068239E-10
