 1.000000E+01  1.074243E-05
 1.191919E+01  2.162217E-05
 1.383838E+01  3.904944E-05
 1.575758E+01  6.514985E-05
 1.767677E+01  1.028489E-04
 1.959596E+01  1.543765E-04
 2.151515E+01  2.222404E-04
 2.343434E+01  3.101337E-04
 2.535354E+01  4.215884E-04
 2.727273E+01  5.585320E-04
 2.919192E+01  7.251983E-04
 3.111111E+01  9.222870E-04
 3.303030E+01  1.156528E-03
 3.494949E+01  1.427744E-03
 3.686869E+01  1.741380E-03
 3.878788E+01  2.099217E-03
 4.070707E+01  2.492340E-03
 4.262626E+01  2.937952E-03
 4.454545E+01  3.429449E-03
 4.646465E+01  3.963832E-03
 4.838384E+01  4.530317E-03
 5.030303E+01  5.128079E-03
 5.222222E+01  5.758433E-03
 5.414141E+01  6.415625E-03
 5.606061E+01  7.079472E-03
 5.797980E+01  7.719303E-03
 5.989899E+01  8.332607E-03
 6.181818E+01  8.860362E-03
 6.373737E+01  9.293458E-03
 6.565657E+01  9.593874E-03
 6.757576E+01  9.656457E-03
 6.949495E+01  9.368868E-03
 7.141414E+01  8.489962E-03
 7.333333E+01  6.482605E-03
 7.525253E+01  2.178422E-07
 7.717172E+01  6.323691E-08
 7.909091E+01  4.204813E-08
 8.101010E+01  3.244123E-08
 8.292929E+01  2.668293E-08
 8.484848E+01  2.287422E-08
 8.676768E+01  2.006131E-08
 8.868687E+01  1.792578E-08
 9.060606E+01  1.623953E-08
 9.252525E+01  1.486019E-08
 9.444444E+01  1.372127E-08
 9.636364E+01  1.275192E-08
 9.828283E+01  1.193353E-08
 1.002020E+02  1.121214E-08
 1.021212E+02  1.056670E-08
 1.040404E+02  1.000507E-08
 1.059596E+02  9.496340E-09
 1.078788E+02  9.027483E-09
 1.097980E+02  8.623135E-09
 1.117172E+02  8.254365E-09
 1.136364E+02  7.897329E-09
 1.155556E+02  7.576993E-09
 1.174747E+02  7.288770E-09
 1.193939E+02  7.010569E-09
 1.213131E+02  6.764460E-09
 1.232323E+02  6.525168E-09
 1.251515E+02  6.304506E-09
 1.270707E+02  6.082751E-09
 1.289899E+02  5.894050E-09
 1.309091E+02  5.706740E-09
 1.328283E+02  5.523442E-09
 1.347475E+02  5.367155E-09
 1.366667E+02  5.207396E-09
 1.385859E+02  5.050114E-09
 1.405051E+02  4.908133E-09
 1.424242E+02  4.767237E-09
 1.443434E+02  4.649959E-09
 1.462626E+02  4.516732E-09
 1.481818E+02  4.400502E-09
 1.501010E+02  4.277150E-09
 1.520202E+02  4.168305E-09
 1.539394E+02  4.064563E-09
 1.558586E+02  3.961326E-09
 1.577778E+02  3.864106E-09
 1.596970E+02  3.769216E-09
 1.616162E+02  3.676640E-09
 1.635354E+02  3.591169E-09
 1.654545E+02  3.506211E-09
 1.673737E+02  3.423378E-09
 1.692929E+02  3.345759E-09
 1.712121E+02  3.260708E-09
 1.731313E+02  3.193403E-09
 1.750505E+02  3.117743E-09
 1.769697E+02  3.052831E-09
 1.788889E+02  2.978907E-09
 1.808081E+02  2.916873E-09
 1.827273E+02  2.853754E-09
 1.846465E+02  2.792003E-09
 1.865657E+02  2.733777E-09
 1.884848E+02  2.672783E-09
 1.904040E+02  2.616493E-09
 1.923232E+02  2.560188E-09
 1.942424E+02  2.507266E-09
 1.961616E+02  2.455972E-09
 1.980808E+02  2.407383E-09
 2.000000E+02  2.355355E-09
