 1.000000E+01  3.923046E-03
 1.191919E+01  5.336934E-03
 1.383838E+01  6.823010E-03
 1.575758E+01  8.304926E-03
 1.767677E+01  9.719710E-03
 1.959596E+01  1.093040E-02
 2.151515E+01  1.188593E-02
 2.343434E+01  1.246769E-02
 2.535354E+01  1.263065E-02
 2.727273E+01  1.230409E-02
 2.919192E+01  1.138734E-02
 3.111111E+01  9.960193E-03
 3.303030E+01  7.989955E-03
 3.494949E+01  5.570911E-03
 3.686869E+01  2.953164E-03
 3.878788E+01  6.108831E-04
 4.070707E+01  3.998455E-08
 4.262626E+01  3.021396E-08
 4.454545E+01  2.507431E-08
 4.646465E+01  2.170292E-08
 4.838384E+01  1.918949E-08
 5.030303E+01  1.723624E-08
 5.222222E+01  1.561887E-08
 5.414141E+01  1.430786E-08
 5.606061E+01  1.317273E-08
 5.797980E+01  1.221211E-08
 5.989899E+01  1.132444E-08
 6.181818E+01  1.056717E-08
 6.373737E+01  9.884696E-09
 6.565657E+01  9.272967E-09
 6.757576E+01  8.710578E-09
 6.949495E+01  8.210997E-09
 7.141414E+01  7.738440E-09
 7.333333E+01  7.320513E-09
 7.525253E+01  6.919386E-09
 7.717172E+01  6.555424E-09
 7.909091E+01  6.216200E-09
 8.101010E+01  5.904680E-09
 8.292929E+01  5.603822E-09
 8.484848E+01  5.330566E-09
 8.676768E+01  5.077157E-09
 8.868687E+01  4.835288E-09
 9.060606E+01  4.610227E-09
 9.252525E+01  4.395565E-09
 9.444444E+01  4.192307E-09
 9.636364E+01  4.000268E-09
 9.828283E+01  3.826042E-09
 1.002020E+02  3.657798E-09
 1.021212E+02  3.496971E-09
 1.040404E+02  3.347403E-09
 1.059596E+02  3.204697E-09
 1.078788E+02  3.066300E-09
 1.097980E+02  2.938808E-09
 1.117172E+02  2.814248E-09
 1.136364E+02  2.701367E-09
 1.155556E+02  2.585198E-09
 1.174747E+02  2.479012E-09
 1.193939E+02  2.382537E-09
 1.213131E+02  2.286482E-09
 1.232323E+02  2.198419E-09
 1.251515E+02  2.110926E-09
 1.270707E+02  2.029907E-09
 1.289899E+02  1.951446E-09
 1.309091E+02  1.874043E-09
 1.328283E+02  1.800199E-09
 1.347475E+02  1.734425E-09
 1.366667E+02  1.667607E-09
 1.385859E+02  1.606700E-09
 1.405051E+02  1.544077E-09
 1.424242E+02  1.486623E-09
 1.443434E+02  1.432623E-09
 1.462626E+02  1.379758E-09
 1.481818E+02  1.330119E-09
 1.501010E+02  1.282041E-09
 1.520202E+02  1.235497E-09
 1.539394E+02  1.190555E-09
 1.558586E+02  1.147686E-09
 1.577778E+02  1.107068E-09
 1.596970E+02  1.067266E-09
 1.616162E+02  1.030955E-09
 1.635354E+02  9.943719E-10
 1.654545E+02  9.596470E-10
 1.673737E+02  9.261226E-10
 1.692929E+02  8.934885E-10
 1.712121E+02  8.643910E-10
 1.731313E+02  8.345470E-10
 1.750505E+02  8.047731E-10
 1.769697E+02  7.778878E-10
 1.788889E+02  7.518821E-10
 1.808081E+02  7.273393E-10
 1.827273E+02  7.014763E-10
 1.846465E+02  6.793233E-10
 1.865657E+02  6.561889E-10
 1.884848E+02  6.345124E-10
 1.904040E+02  6.137403E-10
 1.923232E+02  5.930670E-10
 1.942424E+02  5.744660E-10
 1.961616E+02  5.561042E-10
 1.980808E+02  5.380541E-10
 2.000000E+02  5.205958E-10
