 1.000000E+01  3.924369E-03
 1.191919E+01  5.341383E-03
 1.383838E+01  6.833131E-03
 1.575758E+01  8.329186E-03
 1.767677E+01  9.704575E-03
 1.959596E+01  1.092293E-02
 2.151515E+01  1.189827E-02
 2.343434E+01  1.250584E-02
 2.535354E+01  1.264494E-02
 2.727273E+01  1.229645E-02
 2.919192E+01  1.142081E-02
 3.111111E+01  9.965179E-03
 3.303030E+01  7.965097E-03
 3.494949E+01  5.570010E-03
 3.686869E+01  2.955292E-03
 3.878788E+01  6.125526E-04
 4.070707E+01  4.000391E-08
 4.262626E+01  3.022173E-08
 4.454545E+01  2.510852E-08
 4.646465E+01  2.168103E-08
 4.838384E+01  1.919065E-08
 5.030303E+01  1.720646E-08
 5.222222E+01  1.565144E-08
 5.414141E+01  1.430388E-08
 5.606061E+01  1.317187E-08
 5.797980E+01  1.219939E-08
 5.989899E+01  1.132497E-08
 6.181818E+01  1.055579E-08
 6.373737E+01  9.889029E-09
 6.565657E+01  9.282364E-09
 6.757576E+01  8.715572E-09
 6.949495E+01  8.216913E-09
 7.141414E+01  7.738947E-09
 7.333333E+01  7.308281E-09
 7.525253E+01  6.922396E-09
 7.717172E+01  6.557672E-09
 7.909091E+01  6.215099E-09
 8.101010E+01  5.901187E-09
 8.292929E+01  5.612510E-09
 8.484848E+01  5.336450E-09
 8.676768E+01  5.073496E-09
 8.868687E+01  4.834777E-09
 9.060606E+01  4.602836E-09
 9.252525E+01  4.396953E-09
 9.444444E+01  4.194415E-09
 9.636364E+01  4.006885E-09
 9.828283E+01  3.827074E-09
 1.002020E+02  3.656401E-09
 1.021212E+02  3.496805E-09
 1.040404E+02  3.346514E-09
 1.059596E+02  3.199030E-09
 1.078788E+02  3.061338E-09
 1.097980E+02  2.942738E-09
 1.117172E+02  2.818826E-09
 1.136364E+02  2.699141E-09
 1.155556E+02  2.588869E-09
 1.174747E+02  2.482494E-09
 1.193939E+02  2.383931E-09
 1.213131E+02  2.287477E-09
 1.232323E+02  2.196330E-09
 1.251515E+02  2.110083E-09
 1.270707E+02  2.027983E-09
 1.289899E+02  1.947527E-09
 1.309091E+02  1.873476E-09
 1.328283E+02  1.802822E-09
 1.347475E+02  1.734953E-09
 1.366667E+02  1.667781E-09
 1.385859E+02  1.605681E-09
 1.405051E+02  1.545445E-09
 1.424242E+02  1.487762E-09
 1.443434E+02  1.432243E-09
 1.462626E+02  1.378854E-09
 1.481818E+02  1.330567E-09
 1.501010E+02  1.282174E-09
 1.520202E+02  1.235252E-09
 1.539394E+02  1.189906E-09
 1.558586E+02  1.147246E-09
 1.577778E+02  1.107412E-09
 1.596970E+02  1.067751E-09
 1.616162E+02  1.031537E-09
 1.635354E+02  9.941350E-10
 1.654545E+02  9.589120E-10
 1.673737E+02  9.267170E-10
 1.692929E+02  8.944666E-10
 1.712121E+02  8.632315E-10
 1.731313E+02  8.342299E-10
 1.750505E+02  8.042305E-10
 1.769697E+02  7.787919E-10
 1.788889E+02  7.522462E-10
 1.808081E+02  7.271677E-10
 1.827273E+02  7.018328E-10
 1.846465E+02  6.784691E-10
 1.865657E+02  6.568733E-10
 1.884848E+02  6.347433E-10
 1.904040E+02  6.137660E-10
 1.923232E+02  5.933236E-10
 1.942424E+02  5.740308E-10
 1.961616E+02  5.552179E-10
 1.980808E+02  5.377288E-10
 2.000000E+02  5.206934E-10
