 1.000000E+01  2.772774E-06
 1.081633E+01  2.980616E-06
 1.163265E+01  3.144103E-06
 1.244898E+01  3.258110E-06
 1.326531E+01  3.315885E-06
 1.408163E+01  3.315868E-06
 1.489796E+01  3.237121E-06
 1.571429E+01  3.115375E-06
 1.653061E+01  2.922624E-06
 1.734694E+01  2.691303E-06
 1.816327E+01  2.399445E-06
 1.897959E+01  2.073857E-06
 1.979592E+01  1.715864E-06
 2.061224E+01  1.347153E-06
 2.142857E+01  9.807973E-07
 2.224490E+01  6.405619E-07
 2.306122E+01  3.474697E-07
 2.387755E+01  1.271370E-07
 2.469388E+01  1.029549E-08
 2.551020E+01  1.825542E-11
 2.632653E+01  1.546117E-11
 2.714286E+01  1.361379E-11
 2.795918E+01  1.224518E-11
 2.877551E+01  1.118450E-11
 2.959184E+01  1.030255E-11
 3.040816E+01  9.552018E-12
 3.122449E+01  8.903285E-12
 3.204082E+01  8.336627E-12
 3.285714E+01  7.830690E-12
 3.367347E+01  7.392204E-12
 3.448980E+01  6.972839E-12
 3.530612E+01  6.616790E-12
 3.612245E+01  6.290873E-12
 3.693878E+01  5.966683E-12
 3.775510E+01  5.699600E-12
 3.857143E+01  5.422483E-12
 3.938776E+01  5.176673E-12
 4.020408E+01  4.946805E-12
 4.102041E+01  4.732623E-12
 4.183673E+01  4.539327E-12
 4.265306E+01  4.343829E-12
 4.346939E+01  4.167767E-12
 4.428571E+01  4.005839E-12
 4.510204E+01  3.840526E-12
 4.591837E+01  3.692967E-12
 4.673469E+01  3.558769E-12
 4.755102E+01  3.429371E-12
 4.836735E+01  3.294125E-12
 4.918367E+01  3.171687E-12
 5.000000E+01  3.061556E-12
