 1.000000E+01  4.876947E-05
 1.081633E+01  5.464466E-05
 1.163265E+01  6.059954E-05
 1.244898E+01  6.643703E-05
 1.326531E+01  7.196473E-05
 1.408163E+01  7.701081E-05
 1.489796E+01  8.181086E-05
 1.571429E+01  8.592459E-05
 1.653061E+01  8.943974E-05
 1.734694E+01  9.228329E-05
 1.816327E+01  9.468552E-05
 1.897959E+01  9.617544E-05
 1.979592E+01  9.674873E-05
 2.061224E+01  9.717520E-05
 2.142857E+01  9.633153E-05
 2.224490E+01  9.485516E-05
 2.306122E+01  9.239908E-05
 2.387755E+01  8.929030E-05
 2.469388E+01  8.559560E-05
 2.551020E+01  8.093365E-05
 2.632653E+01  7.571619E-05
 2.714286E+01  6.992691E-05
 2.795918E+01  6.361643E-05
 2.877551E+01  5.688579E-05
 2.959184E+01  5.003226E-05
 3.040816E+01  4.279596E-05
 3.122449E+01  3.569678E-05
 3.204082E+01  2.880096E-05
 3.285714E+01  2.207517E-05
 3.367347E+01  1.590466E-05
 3.448980E+01  1.041484E-05
 3.530612E+01  5.844797E-06
 3.612245E+01  2.438030E-06
 3.693878E+01  4.267751E-07
 3.775510E+01  5.828790E-10
 3.857143E+01  5.039691E-10
 3.938776E+01  4.532845E-10
 4.020408E+01  4.142059E-10
 4.102041E+01  3.842466E-10
 4.183673E+01  3.591326E-10
 4.265306E+01  3.370436E-10
 4.346939E+01  3.182524E-10
 4.428571E+01  3.015287E-10
 4.510204E+01  2.864764E-10
 4.591837E+01  2.728964E-10
 4.673469E+01  2.605992E-10
 4.755102E+01  2.490863E-10
 4.836735E+01  2.388569E-10
 4.918367E+01  2.289360E-10
 5.000000E+01  2.204871E-10
