 1.000000E+01  1.128167E-04
 1.081633E+01  1.235470E-04
 1.163265E+01  1.323825E-04
 1.244898E+01  1.397187E-04
 1.326531E+01  1.454216E-04
 1.408163E+01  1.488713E-04
 1.489796E+01  1.498102E-04
 1.571429E+01  1.488206E-04
 1.653061E+01  1.456151E-04
 1.734694E+01  1.397584E-04
 1.816327E+01  1.323476E-04
 1.897959E+01  1.222890E-04
 1.979592E+01  1.105453E-04
 2.061224E+01  9.759894E-05
 2.142857E+01  8.304530E-05
 2.224490E+01  6.803273E-05
 2.306122E+01  5.292551E-05
 2.387755E+01  3.822450E-05
 2.469388E+01  2.466953E-05
 2.551020E+01  1.327166E-05
 2.632653E+01  4.820360E-06
 2.714286E+01  3.935810E-07
 2.795918E+01  8.352507E-10
 2.877551E+01  7.124535E-10
 2.959184E+01  6.316834E-10
 3.040816E+01  5.719137E-10
 3.122449E+01  5.239899E-10
 3.204082E+01  4.841240E-10
 3.285714E+01  4.502660E-10
 3.367347E+01  4.216248E-10
 3.448980E+01  3.956304E-10
 3.530612E+01  3.725935E-10
 3.612245E+01  3.532935E-10
 3.693878E+01  3.339843E-10
 3.775510E+01  3.178994E-10
 3.857143E+01  3.021798E-10
 3.938776E+01  2.880498E-10
 4.020408E+01  2.746198E-10
 4.102041E+01  2.628190E-10
 4.183673E+01  2.512636E-10
 4.265306E+01  2.414818E-10
 4.346939E+01  2.310495E-10
 4.428571E+01  2.220864E-10
 4.510204E+01  2.131502E-10
 4.591837E+01  2.051703E-10
 4.673469E+01  1.968603E-10
 4.755102E+01  1.898451E-10
 4.836735E+01  1.829504E-10
 4.918367E+01  1.762394E-10
 5.000000E+01  1.699842E-10
