 1.000000E+01  1.027231E-05
 1.081633E+01  1.150056E-05
 1.163265E+01  1.262053E-05
 1.244898E+01  1.369374E-05
 1.326531E+01  1.468168E-05
 1.408163E+01  1.550635E-05
 1.489796E+01  1.624533E-05
 1.571429E+01  1.684687E-05
 1.653061E+01  1.729094E-05
 1.734694E+01  1.756841E-05
 1.816327E+01  1.764446E-05
 1.897959E+01  1.756860E-05
 1.979592E+01  1.733617E-05
 2.061224E+01  1.684806E-05
 2.142857E+01  1.628744E-05
 2.224490E+01  1.551451E-05
 2.306122E+01  1.452129E-05
 2.387755E+01  1.344539E-05
 2.469388E+01  1.221016E-05
 2.551020E+01  1.089542E-05
 2.632653E+01  9.500562E-06
 2.714286E+01  8.059473E-06
 2.795918E+01  6.599145E-06
 2.877551E+01  5.182669E-06
 2.959184E+01  3.829671E-06
 3.040816E+01  2.593572E-06
 3.122449E+01  1.532175E-06
 3.204082E+01  7.041093E-07
 3.285714E+01  1.698845E-07
 3.367347E+01  1.115928E-10
 3.448980E+01  9.297302E-11
 3.530612E+01  8.261404E-11
 3.612245E+01  7.494277E-11
 3.693878E+01  6.888312E-11
 3.775510E+01  6.390892E-11
 3.857143E+01  5.982577E-11
 3.938776E+01  5.612075E-11
 4.020408E+01  5.286885E-11
 4.102041E+01  5.009432E-11
 4.183673E+01  4.756335E-11
 4.265306E+01  4.531513E-11
 4.346939E+01  4.320039E-11
 4.428571E+01  4.124050E-11
 4.510204E+01  3.941162E-11
 4.591837E+01  3.786078E-11
 4.673469E+01  3.630605E-11
 4.755102E+01  3.487303E-11
 4.836735E+01  3.354248E-11
 4.918367E+01  3.230830E-11
 5.000000E+01  3.117324E-11
