 1.000000E+01  1.008231E-04
 1.081633E+01  1.138451E-04
 1.163265E+01  1.271373E-04
 1.244898E+01  1.400038E-04
 1.326531E+01  1.524263E-04
 1.408163E+01  1.643866E-04
 1.489796E+01  1.755697E-04
 1.571429E+01  1.860722E-04
 1.653061E+01  1.956079E-04
 1.734694E+01  2.042384E-04
 1.816327E+01  2.114254E-04
 1.897959E+01  2.174045E-04
 1.979592E+01  2.218035E-04
 2.061224E+01  2.245568E-04
 2.142857E+01  2.263700E-04
 2.224490E+01  2.257278E-04
 2.306122E+01  2.247728E-04
 2.387755E+01  2.211031E-04
 2.469388E+01  2.157241E-04
 2.551020E+01  2.093153E-04
 2.632653E+01  2.010843E-04
 2.714286E+01  1.918611E-04
 2.795918E+01  1.809689E-04
 2.877551E+01  1.687929E-04
 2.959184E+01  1.556730E-04
 3.040816E+01  1.413990E-04
 3.122449E+01  1.264815E-04
 3.204082E+01  1.114175E-04
 3.285714E+01  9.571524E-05
 3.367347E+01  8.022684E-05
 3.448980E+01  6.520425E-05
 3.530612E+01  5.058889E-05
 3.612245E+01  3.710307E-05
 3.693878E+01  2.498089E-05
 3.775510E+01  1.481455E-05
 3.857143E+01  6.895396E-06
 3.938776E+01  1.785063E-06
 4.020408E+01  1.465140E-09
 4.102041E+01  1.233450E-09
 4.183673E+01  1.106993E-09
 4.265306E+01  1.011712E-09
 4.346939E+01  9.369166E-10
 4.428571E+01  8.753507E-10
 4.510204E+01  8.215077E-10
 4.591837E+01  7.761426E-10
 4.673469E+01  7.352670E-10
 4.755102E+01  7.003281E-10
 4.836735E+01  6.672616E-10
 4.918367E+01  6.381839E-10
 5.000000E+01  6.099584E-10
