 1.000000E+01  1.031131E-05
 1.081633E+01  1.147172E-05
 1.163265E+01  1.263914E-05
 1.244898E+01  1.370189E-05
 1.326531E+01  1.463437E-05
 1.408163E+01  1.557106E-05
 1.489796E+01  1.623065E-05
 1.571429E+01  1.685342E-05
 1.653061E+01  1.729074E-05
 1.734694E+01  1.756832E-05
 1.816327E+01  1.764338E-05
 1.897959E+01  1.759253E-05
 1.979592E+01  1.732795E-05
 2.061224E+01  1.686760E-05
 2.142857E+01  1.626693E-05
 2.224490E+01  1.546455E-05
 2.306122E+01  1.450189E-05
 2.387755E+01  1.341637E-05
 2.469388E+01  1.221998E-05
 2.551020E+01  1.087636E-05
 2.632653E+01  9.496927E-06
 2.714286E+01  8.064067E-06
 2.795918E+01  6.602517E-06
 2.877551E+01  5.188552E-06
 2.959184E+01  3.829256E-06
 3.040816E+01  2.594828E-06
 3.122449E+01  1.534131E-06
 3.204082E+01  7.023333E-07
 3.285714E+01  1.700713E-07
 3.367347E+01  1.115546E-10
 3.448980E+01  9.302031E-11
 3.530612E+01  8.242158E-11
 3.612245E+01  7.470424E-11
 3.693878E+01  6.885612E-11
 3.775510E+01  6.399197E-11
 3.857143E+01  5.973225E-11
 3.938776E+01  5.608147E-11
 4.020408E+01  5.307587E-11
 4.102041E+01  5.007780E-11
 4.183673E+01  4.749397E-11
 4.265306E+01  4.525922E-11
 4.346939E+01  4.319756E-11
 4.428571E+01  4.120158E-11
 4.510204E+01  3.947698E-11
 4.591837E+01  3.786813E-11
 4.673469E+01  3.630623E-11
 4.755102E+01  3.486547E-11
 4.836735E+01  3.355596E-11
 4.918367E+01  3.234141E-11
 5.000000E+01  3.122489E-11
