 1.000000E+01  2.825979E-05
 1.081633E+01  3.106280E-05
 1.163265E+01  3.359329E-05
 1.244898E+01  3.574614E-05
 1.326531E+01  3.745266E-05
 1.408163E+01  3.874901E-05
 1.489796E+01  3.947488E-05
 1.571429E+01  3.979904E-05
 1.653061E+01  3.951938E-05
 1.734694E+01  3.878627E-05
 1.816327E+01  3.738584E-05
 1.897959E+01  3.538679E-05
 1.979592E+01  3.307449E-05
 2.061224E+01  3.019066E-05
 2.142857E+01  2.700662E-05
 2.224490E+01  2.346964E-05
 2.306122E+01  1.963884E-05
 2.387755E+01  1.581856E-05
 2.469388E+01  1.201931E-05
 2.551020E+01  8.422238E-06
 2.632653E+01  5.221944E-06
 2.714286E+01  2.599001E-06
 2.795918E+01  7.759324E-07
 2.877551E+01  8.823941E-09
 2.959184E+01  2.128097E-10
 3.040816E+01  1.850945E-10
 3.122449E+01  1.657544E-10
 3.204082E+01  1.508423E-10
 3.285714E+01  1.388971E-10
 3.367347E+01  1.287028E-10
 3.448980E+01  1.203606E-10
 3.530612E+01  1.131461E-10
 3.612245E+01  1.062584E-10
 3.693878E+01  1.004476E-10
 3.775510E+01  9.511178E-11
 3.857143E+01  9.033653E-11
 3.938776E+01  8.598639E-11
 4.020408E+01  8.197071E-11
 4.102041E+01  7.822657E-11
 4.183673E+01  7.489311E-11
 4.265306E+01  7.164645E-11
 4.346939E+01  6.868910E-11
 4.428571E+01  6.594094E-11
 4.510204E+01  6.328119E-11
 4.591837E+01  6.081458E-11
 4.673469E+01  5.850635E-11
 4.755102E+01  5.644039E-11
 4.836735E+01  5.423830E-11
 4.918367E+01  5.232861E-11
 5.000000E+01  5.046835E-11
