 1.000000E+01  1.008056E-04
 1.081633E+01  1.139524E-04
 1.163265E+01  1.270663E-04
 1.244898E+01  1.401767E-04
 1.326531E+01  1.526103E-04
 1.408163E+01  1.642907E-04
 1.489796E+01  1.755582E-04
 1.571429E+01  1.863702E-04
 1.653061E+01  1.957575E-04
 1.734694E+01  2.038533E-04
 1.816327E+01  2.114364E-04
 1.897959E+01  2.176318E-04
 1.979592E+01  2.219550E-04
 2.061224E+01  2.244999E-04
 2.142857E+01  2.260151E-04
 2.224490E+01  2.257559E-04
 2.306122E+01  2.247413E-04
 2.387755E+01  2.210562E-04
 2.469388E+01  2.159557E-04
 2.551020E+01  2.099565E-04
 2.632653E+01  2.012929E-04
 2.714286E+01  1.918245E-04
 2.795918E+01  1.809441E-04
 2.877551E+01  1.689771E-04
 2.959184E+01  1.556636E-04
 3.040816E+01  1.413307E-04
 3.122449E+01  1.266378E-04
 3.204082E+01  1.111676E-04
 3.285714E+01  9.571612E-05
 3.367347E+01  8.008716E-05
 3.448980E+01  6.500786E-05
 3.530612E+01  5.067113E-05
 3.612245E+01  3.705214E-05
 3.693878E+01  2.499694E-05
 3.775510E+01  1.477771E-05
 3.857143E+01  6.902276E-06
 3.938776E+01  1.788491E-06
 4.020408E+01  1.469264E-09
 4.102041E+01  1.235056E-09
 4.183673E+01  1.107028E-09
 4.265306E+01  1.012593E-09
 4.346939E+01  9.362005E-10
 4.428571E+01  8.745511E-10
 4.510204E+01  8.230705E-10
 4.591837E+01  7.760550E-10
 4.673469E+01  7.360376E-10
 4.755102E+01  6.991857E-10
 4.836735E+01  6.670811E-10
 4.918367E+01  6.387956E-10
 5.000000E+01  6.108726E-10
