 1.000000E+01  2.828411E-05
 1.081633E+01  3.102678E-05
 1.163265E+01  3.353564E-05
 1.244898E+01  3.565927E-05
 1.326531E+01  3.749456E-05
 1.408163E+01  3.871679E-05
 1.489796E+01  3.948666E-05
 1.571429E+01  3.975940E-05
 1.653061E+01  3.961636E-05
 1.734694E+01  3.867036E-05
 1.816327E+01  3.738652E-05
 1.897959E+01  3.544076E-05
 1.979592E+01  3.305848E-05
 2.061224E+01  3.029727E-05
 2.142857E+01  2.694450E-05
 2.224490E+01  2.338564E-05
 2.306122E+01  1.970660E-05
 2.387755E+01  1.578399E-05
 2.469388E+01  1.202571E-05
 2.551020E+01  8.431429E-06
 2.632653E+01  5.219662E-06
 2.714286E+01  2.598489E-06
 2.795918E+01  7.752145E-07
 2.877551E+01  8.820781E-09
 2.959184E+01  2.131681E-10
 3.040816E+01  1.847459E-10
 3.122449E+01  1.658566E-10
 3.204082E+01  1.508849E-10
 3.285714E+01  1.389211E-10
 3.367347E+01  1.288179E-10
 3.448980E+01  1.204601E-10
 3.530612E+01  1.129427E-10
 3.612245E+01  1.064351E-10
 3.693878E+01  1.003340E-10
 3.775510E+01  9.512015E-11
 3.857143E+01  9.051462E-11
 3.938776E+01  8.596439E-11
 4.020408E+01  8.210468E-11
 4.102041E+01  7.826669E-11
 4.183673E+01  7.475674E-11
 4.265306E+01  7.164107E-11
 4.346939E+01  6.874381E-11
 4.428571E+01  6.594788E-11
 4.510204E+01  6.336198E-11
 4.591837E+01  6.080068E-11
 4.673469E+01  5.857377E-11
 4.755102E+01  5.640257E-11
 4.836735E+01  5.428983E-11
 4.918367E+01  5.236478E-11
 5.000000E+01  5.043340E-11
