 1.000000E+01  4.038342E-06
 1.081633E+01  4.619608E-06
 1.163265E+01  5.218440E-06
 1.244898E+01  5.833427E-06
 1.326531E+01  6.435070E-06
 1.408163E+01  7.037747E-06
 1.489796E+01  7.674066E-06
 1.571429E+01  8.273822E-06
 1.653061E+01  8.839648E-06
 1.734694E+01  9.439191E-06
 1.816327E+01  9.946281E-06
 1.897959E+01  1.049475E-05
 1.979592E+01  1.096794E-05
 2.061224E+01  1.143348E-05
 2.142857E+01  1.182647E-05
 2.224490E+01  1.220085E-05
 2.306122E+01  1.249778E-05
 2.387755E+01  1.277196E-05
 2.469388E+01  1.296465E-05
 2.551020E+01  1.315079E-05
 2.632653E+01  1.325405E-05
 2.714286E+01  1.327969E-05
 2.795918E+01  1.325643E-05
 2.877551E+01  1.318806E-05
 2.959184E+01  1.300889E-05
 3.040816E+01  1.282075E-05
 3.122449E+01  1.255240E-05
 3.204082E+01  1.219946E-05
 3.285714E+01  1.184225E-05
 3.367347E+01  1.140493E-05
 3.448980E+01  1.088142E-05
 3.530612E+01  1.036427E-05
 3.612245E+01  9.767217E-06
 3.693878E+01  9.107918E-06
 3.775510E+01  8.471856E-06
 3.857143E+01  7.766703E-06
 3.938776E+01  7.042854E-06
 4.020408E+01  6.315601E-06
 4.102041E+01  5.583339E-06
 4.183673E+01  4.852434E-06
 4.265306E+01  4.112540E-06
 4.346939E+01  3.409908E-06
 4.428571E+01  2.729150E-06
 4.510204E+01  2.101671E-06
 4.591837E+01  1.523788E-06
 4.673469E+01  1.020511E-06
 4.755102E+01  5.976362E-07
 4.836735E+01  2.779552E-07
 4.918367E+01  7.238002E-08
 5.000000E+01  8.748460E-11
