 1.000000E+01  4.038191E-06
 1.081633E+01  4.630164E-06
 1.163265E+01  5.209635E-06
 1.244898E+01  5.842933E-06
 1.326531E+01  6.448491E-06
 1.408163E+01  7.049277E-06
 1.489796E+01  7.672371E-06
 1.571429E+01  8.263476E-06
 1.653061E+01  8.839584E-06
 1.734694E+01  9.432539E-06
 1.816327E+01  9.989202E-06
 1.897959E+01  1.046625E-05
 1.979592E+01  1.096611E-05
 2.061224E+01  1.140283E-05
 2.142857E+01  1.183611E-05
 2.224490E+01  1.217830E-05
 2.306122E+01  1.249668E-05
 2.387755E+01  1.274635E-05
 2.469388E+01  1.301354E-05
 2.551020E+01  1.312246E-05
 2.632653E+01  1.326164E-05
 2.714286E+01  1.328302E-05
 2.795918E+01  1.323966E-05
 2.877551E+01  1.317792E-05
 2.959184E+01  1.300652E-05
 3.040816E+01  1.282877E-05
 3.122449E+01  1.255096E-05
 3.204082E+01  1.221819E-05
 3.285714E+01  1.184169E-05
 3.367347E+01  1.139959E-05
 3.448980E+01  1.091571E-05
 3.530612E+01  1.037072E-05
 3.612245E+01  9.764717E-06
 3.693878E+01  9.128259E-06
 3.775510E+01  8.461879E-06
 3.857143E+01  7.761611E-06
 3.938776E+01  7.038079E-06
 4.020408E+01  6.317537E-06
 4.102041E+01  5.583224E-06
 4.183673E+01  4.839300E-06
 4.265306E+01  4.106552E-06
 4.346939E+01  3.401078E-06
 4.428571E+01  2.729771E-06
 4.510204E+01  2.100468E-06
 4.591837E+01  1.526616E-06
 4.673469E+01  1.018645E-06
 4.755102E+01  5.984955E-07
 4.836735E+01  2.775247E-07
 4.918367E+01  7.247935E-08
 5.000000E+01  8.751327E-11
