 1.000000E+01  1.942684E-03
 1.081633E+01  1.741038E-03
 1.163265E+01  1.548956E-03
 1.244898E+01  1.357283E-03
 1.326531E+01  1.177295E-03
 1.408163E+01  1.007834E-03
 1.489796E+01  8.503687E-04
 1.571429E+01  7.035538E-04
 1.653061E+01  5.691542E-04
 1.734694E+01  4.524281E-04
 1.816327E+01  3.466464E-04
 1.897959E+01  2.600340E-04
 1.979592E+01  1.853857E-04
 2.061224E+01  1.254094E-04
 2.142857E+01  7.889494E-05
 2.224490E+01  4.493541E-05
 2.306122E+01  2.198384E-05
 2.387755E+01  8.424442E-06
 2.469388E+01  1.947198E-06
 2.551020E+01  9.312152E-08
 2.632653E+01  5.334635E-09
 2.714286E+01  4.896323E-09
 2.795918E+01  4.515499E-09
 2.877551E+01  4.200939E-09
 2.959184E+01  3.914859E-09
 3.040816E+01  3.665965E-09
 3.122449E+01  3.427904E-09
 3.204082E+01  3.223860E-09
 3.285714E+01  3.037430E-09
 3.367347E+01  2.856962E-09
 3.448980E+01  2.703757E-09
 3.530612E+01  2.558844E-09
 3.612245E+01  2.418111E-09
 3.693878E+01  2.291377E-09
 3.775510E+01  2.170702E-09
 3.857143E+01  2.061212E-09
 3.938776E+01  1.962679E-09
 4.020408E+01  1.866435E-09
 4.102041E+01  1.777370E-09
 4.183673E+01  1.688676E-09
 4.265306E+01  1.609624E-09
 4.346939E+01  1.537677E-09
 4.428571E+01  1.468262E-09
 4.510204E+01  1.400575E-09
 4.591837E+01  1.338711E-09
 4.673469E+01  1.280609E-09
 4.755102E+01  1.226781E-09
 4.836735E+01  1.172055E-09
 4.918367E+01  1.123094E-09
 5.000000E+01  1.077205E-09
