 1.000000E+01  2.104468E-05
 1.081633E+01  1.905439E-05
 1.163265E+01  1.715556E-05
 1.244898E+01  1.529671E-05
 1.326531E+01  1.348625E-05
 1.408163E+01  1.178140E-05
 1.489796E+01  1.009920E-05
 1.571429E+01  8.571798E-06
 1.653061E+01  7.157191E-06
 1.734694E+01  5.878403E-06
 1.816327E+01  4.719032E-06
 1.897959E+01  3.679261E-06
 1.979592E+01  2.787729E-06
 2.061224E+01  2.041113E-06
 2.142857E+01  1.423830E-06
 2.224490E+01  9.338034E-07
 2.306122E+01  5.646584E-07
 2.387755E+01  3.026073E-07
 2.469388E+01  1.348972E-07
 2.551020E+01  4.306194E-08
 2.632653E+01  6.342129E-09
 2.714286E+01  6.099184E-11
 2.795918E+01  5.255335E-11
 2.877551E+01  4.859243E-11
 2.959184E+01  4.513630E-11
 3.040816E+01  4.208618E-11
 3.122449E+01  3.946922E-11
 3.204082E+01  3.693657E-11
 3.285714E+01  3.481427E-11
 3.367347E+01  3.284958E-11
 3.448980E+01  3.096320E-11
 3.530612E+01  2.925143E-11
 3.612245E+01  2.772587E-11
 3.693878E+01  2.622092E-11
 3.775510E+01  2.490197E-11
 3.857143E+01  2.362900E-11
 3.938776E+01  2.251993E-11
 4.020408E+01  2.144832E-11
 4.102041E+01  2.039636E-11
 4.183673E+01  1.949395E-11
 4.265306E+01  1.857453E-11
 4.346939E+01  1.770012E-11
 4.428571E+01  1.690601E-11
 4.510204E+01  1.616941E-11
 4.591837E+01  1.544038E-11
 4.673469E+01  1.478293E-11
 4.755102E+01  1.417089E-11
 4.836735E+01  1.356869E-11
 4.918367E+01  1.299645E-11
 5.000000E+01  1.246346E-11
