 1.000000E+01  2.510124E-05
 1.081633E+01  2.346062E-05
 1.163265E+01  2.171479E-05
 1.244898E+01  2.005114E-05
 1.326531E+01  1.839907E-05
 1.408163E+01  1.668259E-05
 1.489796E+01  1.504924E-05
 1.571429E+01  1.347917E-05
 1.653061E+01  1.191998E-05
 1.734694E+01  1.044704E-05
 1.816327E+01  9.087678E-06
 1.897959E+01  7.754681E-06
 1.979592E+01  6.569457E-06
 2.061224E+01  5.457022E-06
 2.142857E+01  4.459465E-06
 2.224490E+01  3.568589E-06
 2.306122E+01  2.792387E-06
 2.387755E+01  2.119807E-06
 2.469388E+01  1.539744E-06
 2.551020E+01  1.078435E-06
 2.632653E+01  7.114131E-07
 2.714286E+01  4.324129E-07
 2.795918E+01  2.338488E-07
 2.877551E+01  1.064116E-07
 2.959184E+01  3.556705E-08
 3.040816E+01  5.960879E-09
 3.122449E+01  8.697006E-11
 3.204082E+01  5.611798E-11
 3.285714E+01  5.234872E-11
 3.367347E+01  4.899844E-11
 3.448980E+01  4.604373E-11
 3.530612E+01  4.346624E-11
 3.612245E+01  4.103379E-11
 3.693878E+01  3.878250E-11
 3.775510E+01  3.682212E-11
 3.857143E+01  3.503509E-11
 3.938776E+01  3.319627E-11
 4.020408E+01  3.160555E-11
 4.102041E+01  3.013783E-11
 4.183673E+01  2.877758E-11
 4.265306E+01  2.752569E-11
 4.346939E+01  2.624671E-11
 4.428571E+01  2.512694E-11
 4.510204E+01  2.404001E-11
 4.591837E+01  2.301745E-11
 4.673469E+01  2.207245E-11
 4.755102E+01  2.110819E-11
 4.836735E+01  2.031375E-11
 4.918367E+01  1.948260E-11
 5.000000E+01  1.869477E-11
