 1.000000E+01  2.095010E-05
 1.081633E+01  1.905506E-05
 1.163265E+01  1.717760E-05
 1.244898E+01  1.530807E-05
 1.326531E+01  1.348129E-05
 1.408163E+01  1.178897E-05
 1.489796E+01  1.009566E-05
 1.571429E+01  8.575313E-06
 1.653061E+01  7.159244E-06
 1.734694E+01  5.860350E-06
 1.816327E+01  4.719151E-06
 1.897959E+01  3.677154E-06
 1.979592E+01  2.792544E-06
 2.061224E+01  2.047649E-06
 2.142857E+01  1.423732E-06
 2.224490E+01  9.335027E-07
 2.306122E+01  5.636322E-07
 2.387755E+01  3.030276E-07
 2.469388E+01  1.351716E-07
 2.551020E+01  4.314827E-08
 2.632653E+01  6.347948E-09
 2.714286E+01  6.096093E-11
 2.795918E+01  5.260302E-11
 2.877551E+01  4.870086E-11
 2.959184E+01  4.512972E-11
 3.040816E+01  4.209107E-11
 3.122449E+01  3.937433E-11
 3.204082E+01  3.699633E-11
 3.285714E+01  3.478108E-11
 3.367347E+01  3.275703E-11
 3.448980E+01  3.099910E-11
 3.530612E+01  2.927559E-11
 3.612245E+01  2.771872E-11
 3.693878E+01  2.624122E-11
 3.775510E+01  2.494131E-11
 3.857143E+01  2.368514E-11
 3.938776E+01  2.249516E-11
 4.020408E+01  2.145927E-11
 4.102041E+01  2.043978E-11
 4.183673E+01  1.943841E-11
 4.265306E+01  1.853421E-11
 4.346939E+01  1.770143E-11
 4.428571E+01  1.688797E-11
 4.510204E+01  1.616193E-11
 4.591837E+01  1.544913E-11
 4.673469E+01  1.479836E-11
 4.755102E+01  1.413682E-11
 4.836735E+01  1.354211E-11
 4.918367E+01  1.297978E-11
 5.000000E+01  1.244120E-11
