 1.000000E+01  2.518024E-05
 1.081633E+01  2.348821E-05
 1.163265E+01  2.174018E-05
 1.244898E+01  1.998600E-05
 1.326531E+01  1.835764E-05
 1.408163E+01  1.668485E-05
 1.489796E+01  1.503758E-05
 1.571429E+01  1.343301E-05
 1.653061E+01  1.187668E-05
 1.734694E+01  1.044461E-05
 1.816327E+01  9.050121E-06
 1.897959E+01  7.774848E-06
 1.979592E+01  6.577369E-06
 2.061224E+01  5.463271E-06
 2.142857E+01  4.460810E-06
 2.224490E+01  3.566763E-06
 2.306122E+01  2.791658E-06
 2.387755E+01  2.116346E-06
 2.469388E+01  1.545105E-06
 2.551020E+01  1.075812E-06
 2.632653E+01  7.102956E-07
 2.714286E+01  4.320428E-07
 2.795918E+01  2.335417E-07
 2.877551E+01  1.067116E-07
 2.959184E+01  3.548373E-08
 3.040816E+01  5.950305E-09
 3.122449E+01  8.689479E-11
 3.204082E+01  5.627625E-11
 3.285714E+01  5.244545E-11
 3.367347E+01  4.898194E-11
 3.448980E+01  4.609351E-11
 3.530612E+01  4.335611E-11
 3.612245E+01  4.099754E-11
 3.693878E+01  3.877134E-11
 3.775510E+01  3.686465E-11
 3.857143E+01  3.496873E-11
 3.938776E+01  3.329431E-11
 4.020408E+01  3.158941E-11
 4.102041E+01  3.016390E-11
 4.183673E+01  2.872270E-11
 4.265306E+01  2.746804E-11
 4.346939E+01  2.623210E-11
 4.428571E+01  2.507499E-11
 4.510204E+01  2.405335E-11
 4.591837E+01  2.301822E-11
 4.673469E+01  2.207392E-11
 4.755102E+01  2.114450E-11
 4.836735E+01  2.027424E-11
 4.918367E+01  1.949534E-11
 5.000000E+01  1.873910E-11
