 1.000000E+01  1.942500E-03
 1.081633E+01  1.743145E-03
 1.163265E+01  1.549365E-03
 1.244898E+01  1.360825E-03
 1.326531E+01  1.181816E-03
 1.408163E+01  1.008265E-03
 1.489796E+01  8.466324E-04
 1.571429E+01  7.034407E-04
 1.653061E+01  5.691687E-04
 1.734694E+01  4.525621E-04
 1.816327E+01  3.475211E-04
 1.897959E+01  2.587422E-04
 1.979592E+01  1.850433E-04
 2.061224E+01  1.249923E-04
 2.142857E+01  7.870715E-05
 2.224490E+01  4.477708E-05
 2.306122E+01  2.203754E-05
 2.387755E+01  8.412994E-06
 2.469388E+01  1.951623E-06
 2.551020E+01  9.280427E-08
 2.632653E+01  5.330929E-09
 2.714286E+01  4.900399E-09
 2.795918E+01  4.519197E-09
 2.877551E+01  4.210063E-09
 2.959184E+01  3.904633E-09
 3.040816E+01  3.657522E-09
 3.122449E+01  3.426387E-09
 3.204082E+01  3.228356E-09
 3.285714E+01  3.035419E-09
 3.367347E+01  2.860514E-09
 3.448980E+01  2.704261E-09
 3.530612E+01  2.553364E-09
 3.612245E+01  2.413842E-09
 3.693878E+01  2.292067E-09
 3.775510E+01  2.178730E-09
 3.857143E+01  2.068227E-09
 3.938776E+01  1.956834E-09
 4.020408E+01  1.866852E-09
 4.102041E+01  1.774151E-09
 4.183673E+01  1.691362E-09
 4.265306E+01  1.611018E-09
 4.346939E+01  1.538760E-09
 4.428571E+01  1.470146E-09
 4.510204E+01  1.399241E-09
 4.591837E+01  1.341496E-09
 4.673469E+01  1.284069E-09
 4.755102E+01  1.224587E-09
 4.836735E+01  1.175074E-09
 4.918367E+01  1.122181E-09
 5.000000E+01  1.075805E-09
