 1.000000E+01  4.574361E-08
 1.497487E+01  7.150206E-08
 1.994975E+01  1.068645E-07
 2.492462E+01  1.525984E-07
 2.989950E+01  2.110996E-07
 3.487437E+01  2.828350E-07
 3.984925E+01  3.684384E-07
 4.482412E+01  4.693862E-07
 4.979899E+01  5.825224E-07
 5.477387E+01  7.089246E-07
 5.974874E+01  8.421597E-07
 6.472362E+01  9.803206E-07
 6.969849E+01  1.113108E-06
 7.467337E+01  1.223614E-06
 7.964824E+01  1.296068E-06
 8.462312E+01  1.286551E-06
 8.959799E+01  1.110494E-06
 9.457286E+01  3.697855E-07
 9.954774E+01  1.811910E-09
 1.045226E+02  1.016405E-09
 1.094975E+02  7.076192E-10
 1.144724E+02  5.387398E-10
 1.194472E+02  4.315252E-10
 1.244221E+02  3.558746E-10
 1.293970E+02  3.007805E-10
 1.343719E+02  2.578664E-10
 1.393467E+02  2.231731E-10
 1.443216E+02  1.956304E-10
 1.492965E+02  1.726208E-10
 1.542714E+02  1.535009E-10
 1.592462E+02  1.370988E-10
 1.642211E+02  1.228533E-10
 1.691960E+02  1.105733E-10
 1.741709E+02  9.996289E-11
 1.791457E+02  9.057602E-11
 1.841206E+02  8.230614E-11
 1.890955E+02  7.500638E-11
 1.940704E+02  6.837360E-11
 1.990452E+02  6.257979E-11
 2.040201E+02  5.734993E-11
 2.089950E+02  5.256167E-11
 2.139698E+02  4.830922E-11
 2.189447E+02  4.447459E-11
 2.239196E+02  4.097467E-11
 2.288945E+02  3.772235E-11
 2.338693E+02  3.484446E-11
 2.388442E+02  3.221787E-11
 2.438191E+02  2.981722E-11
 2.487940E+02  2.758920E-11
 2.537688E+02  2.556681E-11
 2.587437E+02  2.369517E-11
 2.637186E+02  2.200823E-11
 2.686935E+02  2.041967E-11
 2.736683E+02  1.897361E-11
 2.786432E+02  1.765177E-11
 2.836181E+02  1.638127E-11
 2.885930E+02  1.528138E-11
 2.935678E+02  1.426432E-11
 2.985427E+02  1.326180E-11
 3.035176E+02  1.236211E-11
 3.084925E+02  1.153016E-11
 3.134673E+02  1.077103E-11
 3.184422E+02  1.005606E-11
 3.234171E+02  9.388441E-12
 3.283920E+02  8.776384E-12
 3.333668E+02  8.203435E-12
 3.383417E+02  7.681261E-12
 3.433166E+02  7.186423E-12
 3.482915E+02  6.720476E-12
 3.532663E+02  6.294189E-12
 3.582412E+02  5.893077E-12
 3.632161E+02  5.525112E-12
 3.681910E+02  5.171216E-12
 3.731658E+02  4.849455E-12
 3.781407E+02  4.543689E-12
 3.831156E+02  4.260979E-12
 3.880905E+02  3.992462E-12
 3.930653E+02  3.749633E-12
 3.980402E+02  3.518270E-12
 4.030151E+02  3.304867E-12
 4.079899E+02  3.103787E-12
 4.129648E+02  2.917082E-12
 4.179397E+02  2.740205E-12
 4.229146E+02  2.577125E-12
 4.278894E+02  2.419809E-12
 4.328643E+02  2.276638E-12
 4.378392E+02  2.139261E-12
 4.428141E+02  2.013407E-12
 4.477889E+02  1.890606E-12
 4.527638E+02  1.780293E-12
 4.577387E+02  1.676540E-12
 4.627136E+02  1.576315E-12
 4.676884E+02  1.484441E-12
 4.726633E+02  1.397216E-12
 4.776382E+02  1.317186E-12
 4.826131E+02  1.241201E-12
 4.875879E+02  1.168905E-12
 4.925628E+02  1.100773E-12
 4.975377E+02  1.037303E-12
 5.025126E+02  9.767170E-13
 5.074874E+02  9.216260E-13
 5.124623E+02  8.680439E-13
 5.174372E+02  8.181038E-13
 5.224121E+02  7.716107E-13
 5.273869E+02  7.281132E-13
 5.323618E+02  6.871842E-13
 5.373367E+02  6.475671E-13
 5.423116E+02  6.108815E-13
 5.472864E+02  5.763132E-13
 5.522613E+02  5.438164E-13
 5.572362E+02  5.126491E-13
 5.622111E+02  4.843589E-13
 5.671859E+02  4.573128E-13
 5.721608E+02  4.319165E-13
 5.771357E+02  4.071654E-13
 5.821106E+02  3.848345E-13
 5.870854E+02  3.635772E-13
 5.920603E+02  3.428925E-13
 5.970352E+02  3.241701E-13
 6.020101E+02  3.061068E-13
 6.069849E+02  2.891804E-13
 6.119598E+02  2.730555E-13
 6.169347E+02  2.579914E-13
 6.219095E+02  2.438992E-13
 6.268844E+02  2.305898E-13
 6.318593E+02  2.178000E-13
 6.368342E+02  2.058286E-13
 6.418090E+02  1.945276E-13
 6.467839E+02  1.837949E-13
 6.517588E+02  1.737477E-13
 6.567337E+02  1.641320E-13
 6.617085E+02  1.554561E-13
 6.666834E+02  1.469111E-13
 6.716583E+02  1.389639E-13
 6.766332E+02  1.313518E-13
 6.816080E+02  1.242417E-13
 6.865829E+02  1.173277E-13
 6.915578E+02  1.109780E-13
 6.965327E+02  1.050790E-13
 7.015075E+02  9.938795E-14
 7.064824E+02  9.398313E-14
 7.114573E+02  8.892576E-14
 7.164322E+02  8.414094E-14
 7.214070E+02  7.958061E-14
 7.263819E+02  7.521630E-14
 7.313568E+02  7.121619E-14
 7.363317E+02  6.741025E-14
 7.413065E+02  6.380273E-14
 7.462814E+02  6.038661E-14
 7.512563E+02  5.708416E-14
 7.562312E+02  5.397666E-14
 7.612060E+02  5.110419E-14
 7.661809E+02  4.842222E-14
 7.711558E+02  4.584477E-14
 7.761307E+02  4.336501E-14
 7.811055E+02  4.097927E-14
 7.860804E+02  3.882823E-14
 7.910553E+02  3.671445E-14
 7.960302E+02  3.482708E-14
 8.010050E+02  3.290839E-14
 8.059799E+02  3.115924E-14
 8.109548E+02  2.951395E-14
 8.159296E+02  2.792822E-14
 8.209045E+02  2.644290E-14
 8.258794E+02  2.503419E-14
 8.308543E+02  2.368125E-14
 8.358291E+02  2.249085E-14
 8.408040E+02  2.125904E-14
 8.457789E+02  2.009838E-14
 8.507538E+02  1.904657E-14
 8.557286E+02  1.802779E-14
 8.607035E+02  1.707675E-14
 8.656784E+02  1.616368E-14
 8.706533E+02  1.530745E-14
 8.756281E+02  1.450405E-14
 8.806030E+02  1.373187E-14
 8.855779E+02  1.299270E-14
 8.905528E+02  1.230208E-14
 8.955276E+02  1.165244E-14
 9.005025E+02  1.102814E-14
 9.054774E+02  1.045570E-14
 9.104523E+02  9.896928E-15
 9.154271E+02  9.371349E-15
 9.204020E+02  8.869150E-15
 9.253769E+02  8.394996E-15
 9.303518E+02  7.961226E-15
 9.353266E+02  7.539026E-15
 9.403015E+02  7.131147E-15
 9.452764E+02  6.750106E-15
 9.502513E+02  6.395876E-15
 9.552261E+02  6.058215E-15
 9.602010E+02  5.737657E-15
 9.651759E+02  5.428184E-15
 9.701508E+02  5.140292E-15
 9.751256E+02  4.867325E-15
 9.801005E+02  4.614265E-15
 9.850754E+02  4.361671E-15
 9.900503E+02  4.135440E-15
 9.950251E+02  3.911708E-15
 1.000000E+03  3.710152E-15
