 1.000000E+01  2.144185E-07
 1.497487E+01  3.304465E-07
 1.994975E+01  4.926312E-07
 2.492462E+01  7.089847E-07
 2.989950E+01  9.854480E-07
 3.487437E+01  1.329589E-06
 3.984925E+01  1.751225E-06
 4.482412E+01  2.249667E-06
 4.979899E+01  2.841409E-06
 5.477387E+01  3.513333E-06
 5.974874E+01  4.267618E-06
 6.472362E+01  5.105275E-06
 6.969849E+01  6.005808E-06
 7.467337E+01  6.950598E-06
 7.964824E+01  7.885486E-06
 8.462312E+01  8.804115E-06
 8.959799E+01  9.643768E-06
 9.457286E+01  1.022020E-05
 9.954774E+01  1.044580E-05
 1.045226E+02  9.952933E-06
 1.094975E+02  8.167920E-06
 1.144724E+02  1.401408E-07
 1.194472E+02  1.479145E-08
 1.244221E+02  8.734280E-09
 1.293970E+02  6.217436E-09
 1.343719E+02  4.807652E-09
 1.393467E+02  3.887845E-09
 1.443216E+02  3.244509E-09
 1.492965E+02  2.764712E-09
 1.542714E+02  2.390330E-09
 1.592462E+02  2.087059E-09
 1.642211E+02  1.844665E-09
 1.691960E+02  1.639671E-09
 1.741709E+02  1.468381E-09
 1.791457E+02  1.321745E-09
 1.841206E+02  1.194095E-09
 1.890955E+02  1.083467E-09
 1.940704E+02  9.867662E-10
 1.990452E+02  9.002716E-10
 2.040201E+02  8.245050E-10
 2.089950E+02  7.571848E-10
 2.139698E+02  6.946453E-10
 2.189447E+02  6.411495E-10
 2.239196E+02  5.906010E-10
 2.288945E+02  5.459272E-10
 2.338693E+02  5.053433E-10
 2.388442E+02  4.685001E-10
 2.438191E+02  4.346802E-10
 2.487940E+02  4.036051E-10
 2.537688E+02  3.753655E-10
 2.587437E+02  3.491756E-10
 2.637186E+02  3.253498E-10
 2.686935E+02  3.031140E-10
 2.736683E+02  2.827364E-10
 2.786432E+02  2.639863E-10
 2.836181E+02  2.467229E-10
 2.885930E+02  2.308450E-10
 2.935678E+02  2.157278E-10
 2.985427E+02  2.020046E-10
 3.035176E+02  1.891963E-10
 3.084925E+02  1.775636E-10
 3.134673E+02  1.662775E-10
 3.184422E+02  1.559565E-10
 3.234171E+02  1.465605E-10
 3.283920E+02  1.376509E-10
 3.333668E+02  1.293280E-10
 3.383417E+02  1.216932E-10
 3.433166E+02  1.143471E-10
 3.482915E+02  1.076512E-10
 3.532663E+02  1.012854E-10
 3.582412E+02  9.536500E-11
 3.632161E+02  8.974342E-11
 3.681910E+02  8.456140E-11
 3.731658E+02  7.973733E-11
 3.781407E+02  7.512787E-11
 3.831156E+02  7.090599E-11
 3.880905E+02  6.679473E-11
 3.930653E+02  6.304261E-11
 3.980402E+02  5.949343E-11
 4.030151E+02  5.616997E-11
 4.079899E+02  5.303430E-11
 4.129648E+02  5.015801E-11
 4.179397E+02  4.732077E-11
 4.229146E+02  4.476707E-11
 4.278894E+02  4.224396E-11
 4.328643E+02  3.998446E-11
 4.378392E+02  3.778384E-11
 4.428141E+02  3.576822E-11
 4.477889E+02  3.379650E-11
 4.527638E+02  3.196098E-11
 4.577387E+02  3.024831E-11
 4.627136E+02  2.863610E-11
 4.676884E+02  2.714613E-11
 4.726633E+02  2.569340E-11
 4.776382E+02  2.434131E-11
 4.826131E+02  2.307010E-11
 4.875879E+02  2.185007E-11
 4.925628E+02  2.070377E-11
 4.975377E+02  1.959989E-11
 5.025126E+02  1.856617E-11
 5.074874E+02  1.762674E-11
 5.124623E+02  1.671047E-11
 5.174372E+02  1.584293E-11
 5.224121E+02  1.501592E-11
 5.273869E+02  1.426381E-11
 5.323618E+02  1.353710E-11
 5.373367E+02  1.282942E-11
 5.423116E+02  1.217208E-11
 5.472864E+02  1.155485E-11
 5.522613E+02  1.097578E-11
 5.572362E+02  1.040674E-11
 5.622111E+02  9.894900E-12
 5.671859E+02  9.389357E-12
 5.721608E+02  8.913402E-12
 5.771357E+02  8.470254E-12
 5.821106E+02  8.044474E-12
 5.870854E+02  7.646069E-12
 5.920603E+02  7.257691E-12
 5.970352E+02  6.896600E-12
 6.020101E+02  6.555724E-12
 6.069849E+02  6.224447E-12
 6.119598E+02  5.918477E-12
 6.169347E+02  5.635825E-12
 6.219095E+02  5.348141E-12
 6.268844E+02  5.090122E-12
 6.318593E+02  4.839896E-12
 6.368342E+02  4.596761E-12
 6.418090E+02  4.372943E-12
 6.467839E+02  4.160177E-12
 6.517588E+02  3.960113E-12
 6.567337E+02  3.758323E-12
 6.617085E+02  3.580810E-12
 6.666834E+02  3.407158E-12
 6.716583E+02  3.240650E-12
 6.766332E+02  3.081778E-12
 6.816080E+02  2.933410E-12
 6.865829E+02  2.792064E-12
 6.915578E+02  2.657816E-12
 6.965327E+02  2.531723E-12
 7.015075E+02  2.406869E-12
 7.064824E+02  2.292327E-12
 7.114573E+02  2.181050E-12
 7.164322E+02  2.075680E-12
 7.214070E+02  1.976852E-12
 7.263819E+02  1.880327E-12
 7.313568E+02  1.793300E-12
 7.363317E+02  1.706946E-12
 7.413065E+02  1.623807E-12
 7.462814E+02  1.546790E-12
 7.512563E+02  1.473141E-12
 7.562312E+02  1.404715E-12
 7.612060E+02  1.337930E-12
 7.661809E+02  1.273719E-12
 7.711558E+02  1.213945E-12
 7.761307E+02  1.156820E-12
 7.811055E+02  1.100063E-12
 7.860804E+02  1.049693E-12
 7.910553E+02  9.986782E-13
 7.960302E+02  9.515984E-13
 8.010050E+02  9.071006E-13
 8.059799E+02  8.654671E-13
 8.109548E+02  8.244177E-13
 8.159296E+02  7.858338E-13
 8.209045E+02  7.482306E-13
 8.258794E+02  7.128748E-13
 8.308543E+02  6.796545E-13
 8.358291E+02  6.471110E-13
 8.408040E+02  6.174412E-13
 8.457789E+02  5.882479E-13
 8.507538E+02  5.608311E-13
 8.557286E+02  5.345771E-13
 8.607035E+02  5.090752E-13
 8.656784E+02  4.853006E-13
 8.706533E+02  4.630764E-13
 8.756281E+02  4.415858E-13
 8.806030E+02  4.211994E-13
 8.855779E+02  4.018777E-13
 8.905528E+02  3.825888E-13
 8.955276E+02  3.650900E-13
 9.005025E+02  3.480245E-13
 9.054774E+02  3.317667E-13
 9.104523E+02  3.161229E-13
 9.154271E+02  3.018143E-13
 9.204020E+02  2.876456E-13
 9.253769E+02  2.741457E-13
 9.303518E+02  2.612273E-13
 9.353266E+02  2.491463E-13
 9.403015E+02  2.376795E-13
 9.452764E+02  2.268150E-13
 9.502513E+02  2.163744E-13
 9.552261E+02  2.061199E-13
 9.602010E+02  1.967017E-13
 9.651759E+02  1.878044E-13
 9.701508E+02  1.789580E-13
 9.751256E+02  1.706249E-13
 9.801005E+02  1.626929E-13
 9.850754E+02  1.552156E-13
 9.900503E+02  1.481305E-13
 9.950251E+02  1.410995E-13
 1.000000E+03  1.346470E-13
