 1.000000E+01  4.998599E-07
 1.497487E+01  2.471719E-06
 1.994975E+01  7.600031E-06
 2.492462E+01  1.792637E-05
 2.989950E+01  3.558402E-05
 3.487437E+01  6.200316E-05
 3.984925E+01  9.842205E-05
 4.482412E+01  1.423857E-04
 4.979899E+01  1.878532E-04
 5.477387E+01  2.196397E-04
 5.974874E+01  1.893903E-04
 6.472362E+01  1.791910E-07
 6.969849E+01  2.188858E-07
 7.467337E+01  2.817924E-07
 7.964824E+01  3.585304E-07
 8.462312E+01  4.527755E-07
 8.959799E+01  5.625160E-07
 9.457286E+01  6.945488E-07
 9.954774E+01  8.430608E-07
 1.045226E+02  1.012807E-06
 1.094975E+02  1.206637E-06
 1.144724E+02  1.426829E-06
 1.194472E+02  1.671154E-06
 1.244221E+02  1.938105E-06
 1.293970E+02  2.240575E-06
 1.343719E+02  2.574604E-06
 1.393467E+02  2.921156E-06
 1.443216E+02  3.307366E-06
 1.492965E+02  3.722442E-06
 1.542714E+02  4.155586E-06
 1.592462E+02  4.637190E-06
 1.642211E+02  5.127484E-06
 1.691960E+02  5.637408E-06
 1.741709E+02  6.172126E-06
 1.791457E+02  6.699948E-06
 1.841206E+02  7.260833E-06
 1.890955E+02  7.811055E-06
 1.940704E+02  8.353164E-06
 1.990452E+02  8.866178E-06
 2.040201E+02  9.358282E-06
 2.089950E+02  9.754561E-06
 2.139698E+02  1.011766E-05
 2.189447E+02  1.035011E-05
 2.239196E+02  1.040809E-05
 2.288945E+02  1.031363E-05
 2.338693E+02  9.873690E-06
 2.388442E+02  8.951532E-06
 2.438191E+02  7.282938E-06
 2.487940E+02  3.496152E-06
 2.537688E+02  2.692835E-08
 2.587437E+02  1.494473E-08
 2.637186E+02  1.058897E-08
 2.686935E+02  8.267200E-09
 2.736683E+02  6.766007E-09
 2.786432E+02  5.723783E-09
 2.836181E+02  4.953915E-09
 2.885930E+02  4.349447E-09
 2.935678E+02  3.869168E-09
 2.985427E+02  3.476609E-09
 3.035176E+02  3.148382E-09
 3.084925E+02  2.869492E-09
 3.134673E+02  2.627276E-09
 3.184422E+02  2.416959E-09
 3.234171E+02  2.231549E-09
 3.283920E+02  2.071824E-09
 3.333668E+02  1.925662E-09
 3.383417E+02  1.795890E-09
 3.433166E+02  1.679936E-09
 3.482915E+02  1.572866E-09
 3.532663E+02  1.475327E-09
 3.582412E+02  1.388994E-09
 3.632161E+02  1.305619E-09
 3.681910E+02  1.233289E-09
 3.731658E+02  1.163708E-09
 3.781407E+02  1.100289E-09
 3.831156E+02  1.041639E-09
 3.880905E+02  9.873917E-10
 3.930653E+02  9.362303E-10
 3.980402E+02  8.882890E-10
 4.030151E+02  8.439999E-10
 4.079899E+02  8.024013E-10
 4.129648E+02  7.632611E-10
 4.179397E+02  7.286027E-10
 4.229146E+02  6.925075E-10
 4.278894E+02  6.609347E-10
 4.328643E+02  6.301345E-10
 4.378392E+02  6.020097E-10
 4.428141E+02  5.747070E-10
 4.477889E+02  5.494842E-10
 4.527638E+02  5.253308E-10
 4.577387E+02  5.022049E-10
 4.627136E+02  4.804606E-10
 4.676884E+02  4.597785E-10
 4.726633E+02  4.405529E-10
 4.776382E+02  4.224434E-10
 4.826131E+02  4.039394E-10
 4.875879E+02  3.880857E-10
 4.925628E+02  3.718449E-10
 4.975377E+02  3.567592E-10
 5.025126E+02  3.424287E-10
 5.074874E+02  3.288001E-10
 5.124623E+02  3.154137E-10
 5.174372E+02  3.030299E-10
 5.224121E+02  2.907921E-10
 5.273869E+02  2.796971E-10
 5.323618E+02  2.688412E-10
 5.373367E+02  2.584186E-10
 5.423116E+02  2.483033E-10
 5.472864E+02  2.392453E-10
 5.522613E+02  2.295674E-10
 5.572362E+02  2.213124E-10
 5.622111E+02  2.129717E-10
 5.671859E+02  2.048925E-10
 5.721608E+02  1.974016E-10
 5.771357E+02  1.901515E-10
 5.821106E+02  1.831356E-10
 5.870854E+02  1.762586E-10
 5.920603E+02  1.700759E-10
 5.970352E+02  1.637704E-10
 6.020101E+02  1.579817E-10
 6.069849E+02  1.519868E-10
 6.119598E+02  1.467514E-10
 6.169347E+02  1.416713E-10
 6.219095E+02  1.365267E-10
 6.268844E+02  1.316600E-10
 6.318593E+02  1.269817E-10
 6.368342E+02  1.225662E-10
 6.418090E+02  1.183661E-10
 6.467839E+02  1.140922E-10
 6.517588E+02  1.102503E-10
 6.567337E+02  1.063833E-10
 6.617085E+02  1.028012E-10
 6.666834E+02  9.929824E-11
 6.716583E+02  9.575674E-11
 6.766332E+02  9.258920E-11
 6.816080E+02  8.938767E-11
 6.865829E+02  8.633586E-11
 6.915578E+02  8.341096E-11
 6.965327E+02  8.063867E-11
 7.015075E+02  7.793470E-11
 7.064824E+02  7.534755E-11
 7.114573E+02  7.281766E-11
 7.164322E+02  7.037704E-11
 7.214070E+02  6.816996E-11
 7.263819E+02  6.577023E-11
 7.313568E+02  6.362927E-11
 7.363317E+02  6.153533E-11
 7.413065E+02  5.951110E-11
 7.462814E+02  5.753948E-11
 7.512563E+02  5.572816E-11
 7.562312E+02  5.384631E-11
 7.612060E+02  5.214309E-11
 7.661809E+02  5.046649E-11
 7.711558E+02  4.874580E-11
 7.761307E+02  4.719946E-11
 7.811055E+02  4.574207E-11
 7.860804E+02  4.423455E-11
 7.910553E+02  4.282698E-11
 7.960302E+02  4.145798E-11
 8.010050E+02  4.009122E-11
 8.059799E+02  3.886732E-11
 8.109548E+02  3.760828E-11
 8.159296E+02  3.643080E-11
 8.209045E+02  3.527423E-11
 8.258794E+02  3.418443E-11
 8.308543E+02  3.313949E-11
 8.358291E+02  3.206066E-11
 8.408040E+02  3.107291E-11
 8.457789E+02  3.007861E-11
 8.507538E+02  2.915843E-11
 8.557286E+02  2.821434E-11
 8.607035E+02  2.734333E-11
 8.656784E+02  2.649029E-11
 8.706533E+02  2.568460E-11
 8.756281E+02  2.488712E-11
 8.806030E+02  2.411147E-11
 8.855779E+02  2.337496E-11
 8.905528E+02  2.265305E-11
 8.955276E+02  2.194653E-11
 9.005025E+02  2.127580E-11
 9.054774E+02  2.062140E-11
 9.104523E+02  2.001480E-11
 9.154271E+02  1.941583E-11
 9.204020E+02  1.881263E-11
 9.253769E+02  1.823797E-11
 9.303518E+02  1.769812E-11
 9.353266E+02  1.715224E-11
 9.403015E+02  1.661989E-11
 9.452764E+02  1.613037E-11
 9.502513E+02  1.565171E-11
 9.552261E+02  1.517525E-11
 9.602010E+02  1.469878E-11
 9.651759E+02  1.427673E-11
 9.701508E+02  1.386193E-11
 9.751256E+02  1.343226E-11
 9.801005E+02  1.303018E-11
 9.850754E+02  1.264385E-11
 9.900503E+02  1.228099E-11
 9.950251E+02  1.190927E-11
 1.000000E+03  1.155089E-11
