 1.000000E+01  5.781843E-06
 1.497487E+01  7.000906E-06
 1.994975E+01  8.259950E-06
 2.492462E+01  9.459128E-06
 2.989950E+01  1.060820E-05
 3.487437E+01  1.160078E-05
 3.984925E+01  1.248878E-05
 4.482412E+01  1.306435E-05
 4.979899E+01  1.346707E-05
 5.477387E+01  1.356459E-05
 5.974874E+01  1.334866E-05
 6.472362E+01  1.273548E-05
 6.969849E+01  1.176954E-05
 7.467337E+01  1.043408E-05
 7.964824E+01  8.773320E-06
 8.462312E+01  6.832983E-06
 8.959799E+01  4.665171E-06
 9.457286E+01  2.473196E-06
 9.954774E+01  5.933600E-07
 1.045226E+02  9.211565E-09
 1.094975E+02  6.347169E-09
 1.144724E+02  4.937270E-09
 1.194472E+02  4.030765E-09
 1.244221E+02  3.384135E-09
 1.293970E+02  2.888566E-09
 1.343719E+02  2.495266E-09
 1.393467E+02  2.181114E-09
 1.443216E+02  1.919438E-09
 1.492965E+02  1.699708E-09
 1.542714E+02  1.514350E-09
 1.592462E+02  1.352052E-09
 1.642211E+02  1.211799E-09
 1.691960E+02  1.090689E-09
 1.741709E+02  9.850187E-10
 1.791457E+02  8.899710E-10
 1.841206E+02  8.066152E-10
 1.890955E+02  7.331115E-10
 1.940704E+02  6.674616E-10
 1.990452E+02  6.082316E-10
 2.040201E+02  5.556216E-10
 2.089950E+02  5.080386E-10
 2.139698E+02  4.649401E-10
 2.189447E+02  4.259338E-10
 2.239196E+02  3.914225E-10
 2.288945E+02  3.594981E-10
 2.338693E+02  3.309940E-10
 2.388442E+02  3.043301E-10
 2.438191E+02  2.801947E-10
 2.487940E+02  2.590661E-10
 2.537688E+02  2.387050E-10
 2.587437E+02  2.205222E-10
 2.637186E+02  2.039659E-10
 2.686935E+02  1.887979E-10
 2.736683E+02  1.747971E-10
 2.786432E+02  1.618457E-10
 2.836181E+02  1.497915E-10
 2.885930E+02  1.389788E-10
 2.935678E+02  1.291818E-10
 2.985427E+02  1.197550E-10
 3.035176E+02  1.113827E-10
 3.084925E+02  1.033424E-10
 3.134673E+02  9.611469E-11
 3.184422E+02  8.937064E-11
 3.234171E+02  8.320163E-11
 3.283920E+02  7.747924E-11
 3.333668E+02  7.219458E-11
 3.383417E+02  6.730371E-11
 3.433166E+02  6.269266E-11
 3.482915E+02  5.856726E-11
 3.532663E+02  5.449876E-11
 3.582412E+02  5.090805E-11
 3.632161E+02  4.752113E-11
 3.681910E+02  4.441019E-11
 3.731658E+02  4.151528E-11
 3.781407E+02  3.878211E-11
 3.831156E+02  3.624754E-11
 3.880905E+02  3.383674E-11
 3.930653E+02  3.163791E-11
 3.980402E+02  2.962870E-11
 4.030151E+02  2.772802E-11
 4.079899E+02  2.595380E-11
 4.129648E+02  2.431525E-11
 4.179397E+02  2.276932E-11
 4.229146E+02  2.130953E-11
 4.278894E+02  1.997832E-11
 4.328643E+02  1.872832E-11
 4.378392E+02  1.755364E-11
 4.428141E+02  1.646100E-11
 4.477889E+02  1.542531E-11
 4.527638E+02  1.448455E-11
 4.577387E+02  1.358661E-11
 4.627136E+02  1.273339E-11
 4.676884E+02  1.198908E-11
 4.726633E+02  1.125030E-11
 4.776382E+02  1.055416E-11
 4.826131E+02  9.902682E-12
 4.875879E+02  9.304271E-12
 4.925628E+02  8.749176E-12
 4.975377E+02  8.215073E-12
 5.025126E+02  7.719113E-12
 5.074874E+02  7.264487E-12
 5.124623E+02  6.830718E-12
 5.174372E+02  6.416096E-12
 5.224121E+02  6.042680E-12
 5.273869E+02  5.676246E-12
 5.323618E+02  5.342513E-12
 5.373367E+02  5.030308E-12
 5.423116E+02  4.732510E-12
 5.472864E+02  4.450439E-12
 5.522613E+02  4.192130E-12
 5.572362E+02  3.945364E-12
 5.622111E+02  3.715291E-12
 5.671859E+02  3.496270E-12
 5.721608E+02  3.292274E-12
 5.771357E+02  3.104180E-12
 5.821106E+02  2.923007E-12
 5.870854E+02  2.752371E-12
 5.920603E+02  2.595560E-12
 5.970352E+02  2.442837E-12
 6.020101E+02  2.305652E-12
 6.069849E+02  2.170508E-12
 6.119598E+02  2.043749E-12
 6.169347E+02  1.928362E-12
 6.219095E+02  1.816853E-12
 6.268844E+02  1.715395E-12
 6.318593E+02  1.618010E-12
 6.368342E+02  1.525276E-12
 6.418090E+02  1.438440E-12
 6.467839E+02  1.356062E-12
 6.517588E+02  1.280350E-12
 6.567337E+02  1.206144E-12
 6.617085E+02  1.137980E-12
 6.666834E+02  1.074287E-12
 6.716583E+02  1.013248E-12
 6.766332E+02  9.557631E-13
 6.816080E+02  9.021809E-13
 6.865829E+02  8.514352E-13
 6.915578E+02  8.047567E-13
 6.965327E+02  7.592079E-13
 7.015075E+02  7.165174E-13
 7.064824E+02  6.769979E-13
 7.114573E+02  6.389436E-13
 7.164322E+02  6.032719E-13
 7.214070E+02  5.698805E-13
 7.263819E+02  5.385948E-13
 7.313568E+02  5.078539E-13
 7.363317E+02  4.795559E-13
 7.413065E+02  4.527979E-13
 7.462814E+02  4.285170E-13
 7.512563E+02  4.044927E-13
 7.562312E+02  3.818248E-13
 7.612060E+02  3.614577E-13
 7.661809E+02  3.409623E-13
 7.711558E+02  3.219941E-13
 7.761307E+02  3.041431E-13
 7.811055E+02  2.877415E-13
 7.860804E+02  2.720063E-13
 7.910553E+02  2.571675E-13
 7.960302E+02  2.427678E-13
 8.010050E+02  2.295523E-13
 8.059799E+02  2.168549E-13
 8.109548E+02  2.049820E-13
 8.159296E+02  1.937332E-13
 8.209045E+02  1.829532E-13
 8.258794E+02  1.730433E-13
 8.308543E+02  1.636102E-13
 8.358291E+02  1.548010E-13
 8.408040E+02  1.462997E-13
 8.457789E+02  1.384949E-13
 8.507538E+02  1.306707E-13
 8.557286E+02  1.235763E-13
 8.607035E+02  1.168443E-13
 8.656784E+02  1.104983E-13
 8.706533E+02  1.045316E-13
 8.756281E+02  9.879853E-14
 8.806030E+02  9.326989E-14
 8.855779E+02  8.846258E-14
 8.905528E+02  8.355042E-14
 8.955276E+02  7.900085E-14
 9.005025E+02  7.476367E-14
 9.054774E+02  7.064140E-14
 9.104523E+02  6.684865E-14
 9.154271E+02  6.316420E-14
 9.204020E+02  5.978415E-14
 9.253769E+02  5.652397E-14
 9.303518E+02  5.350424E-14
 9.353266E+02  5.062272E-14
 9.403015E+02  4.781999E-14
 9.452764E+02  4.527087E-14
 9.502513E+02  4.273969E-14
 9.552261E+02  4.045231E-14
 9.602010E+02  3.829839E-14
 9.651759E+02  3.620803E-14
 9.701508E+02  3.428294E-14
 9.751256E+02  3.238638E-14
 9.801005E+02  3.063013E-14
 9.850754E+02  2.898784E-14
 9.900503E+02  2.744720E-14
 9.950251E+02  2.595608E-14
 1.000000E+03  2.453831E-14
