 1.000000E+01  5.783244E-06
 1.497487E+01  7.022369E-06
 1.994975E+01  8.265282E-06
 2.492462E+01  9.471432E-06
 2.989950E+01  1.058813E-05
 3.487437E+01  1.162911E-05
 3.984925E+01  1.246121E-05
 4.482412E+01  1.311069E-05
 4.979899E+01  1.345528E-05
 5.477387E+01  1.353844E-05
 5.974874E+01  1.332369E-05
 6.472362E+01  1.272536E-05
 6.969849E+01  1.179738E-05
 7.467337E+01  1.045204E-05
 7.964824E+01  8.785139E-06
 8.462312E+01  6.821303E-06
 8.959799E+01  4.666539E-06
 9.457286E+01  2.474497E-06
 9.954774E+01  5.938239E-07
 1.045226E+02  9.203231E-09
 1.094975E+02  6.341135E-09
 1.144724E+02  4.936319E-09
 1.194472E+02  4.033281E-09
 1.244221E+02  3.381398E-09
 1.293970E+02  2.888097E-09
 1.343719E+02  2.498510E-09
 1.393467E+02  2.183270E-09
 1.443216E+02  1.919931E-09
 1.492965E+02  1.699634E-09
 1.542714E+02  1.514055E-09
 1.592462E+02  1.349841E-09
 1.642211E+02  1.212059E-09
 1.691960E+02  1.090376E-09
 1.741709E+02  9.836411E-10
 1.791457E+02  8.900026E-10
 1.841206E+02  8.067334E-10
 1.890955E+02  7.323513E-10
 1.940704E+02  6.679939E-10
 1.990452E+02  6.075649E-10
 2.040201E+02  5.548896E-10
 2.089950E+02  5.075356E-10
 2.139698E+02  4.647774E-10
 2.189447E+02  4.261101E-10
 2.239196E+02  3.916838E-10
 2.288945E+02  3.595534E-10
 2.338693E+02  3.307545E-10
 2.388442E+02  3.045536E-10
 2.438191E+02  2.805901E-10
 2.487940E+02  2.586837E-10
 2.537688E+02  2.391340E-10
 2.587437E+02  2.204535E-10
 2.637186E+02  2.039158E-10
 2.686935E+02  1.886151E-10
 2.736683E+02  1.745898E-10
 2.786432E+02  1.618664E-10
 2.836181E+02  1.499393E-10
 2.885930E+02  1.390687E-10
 2.935678E+02  1.287949E-10
 2.985427E+02  1.197902E-10
 3.035176E+02  1.112888E-10
 3.084925E+02  1.032727E-10
 3.134673E+02  9.622047E-11
 3.184422E+02  8.948303E-11
 3.234171E+02  8.314478E-11
 3.283920E+02  7.752948E-11
 3.333668E+02  7.215136E-11
 3.383417E+02  6.719083E-11
 3.433166E+02  6.269993E-11
 3.482915E+02  5.850984E-11
 3.532663E+02  5.454930E-11
 3.582412E+02  5.087841E-11
 3.632161E+02  4.755026E-11
 3.681910E+02  4.443498E-11
 3.731658E+02  4.149962E-11
 3.781407E+02  3.870339E-11
 3.831156E+02  3.621415E-11
 3.880905E+02  3.387518E-11
 3.930653E+02  3.167489E-11
 3.980402E+02  2.964413E-11
 4.030151E+02  2.773992E-11
 4.079899E+02  2.595990E-11
 4.129648E+02  2.426772E-11
 4.179397E+02  2.276578E-11
 4.229146E+02  2.132160E-11
 4.278894E+02  1.998079E-11
 4.328643E+02  1.872242E-11
 4.378392E+02  1.755970E-11
 4.428141E+02  1.646082E-11
 4.477889E+02  1.544892E-11
 4.527638E+02  1.446515E-11
 4.577387E+02  1.359513E-11
 4.627136E+02  1.275434E-11
 4.676884E+02  1.197295E-11
 4.726633E+02  1.122431E-11
 4.776382E+02  1.055881E-11
 4.826131E+02  9.909704E-12
 4.875879E+02  9.305856E-12
 4.925628E+02  8.763394E-12
 4.975377E+02  8.219911E-12
 5.025126E+02  7.722321E-12
 5.074874E+02  7.257594E-12
 5.124623E+02  6.829703E-12
 5.174372E+02  6.415070E-12
 5.224121E+02  6.039203E-12
 5.273869E+02  5.680177E-12
 5.323618E+02  5.345751E-12
 5.373367E+02  5.027753E-12
 5.423116E+02  4.732434E-12
 5.472864E+02  4.449674E-12
 5.522613E+02  4.189245E-12
 5.572362E+02  3.942735E-12
 5.622111E+02  3.711114E-12
 5.671859E+02  3.491782E-12
 5.721608E+02  3.290648E-12
 5.771357E+02  3.100028E-12
 5.821106E+02  2.922298E-12
 5.870854E+02  2.750829E-12
 5.920603E+02  2.592964E-12
 5.970352E+02  2.444613E-12
 6.020101E+02  2.302788E-12
 6.069849E+02  2.168917E-12
 6.119598E+02  2.044336E-12
 6.169347E+02  1.928887E-12
 6.219095E+02  1.820241E-12
 6.268844E+02  1.713549E-12
 6.318593E+02  1.615654E-12
 6.368342E+02  1.524465E-12
 6.418090E+02  1.438730E-12
 6.467839E+02  1.356357E-12
 6.517588E+02  1.279434E-12
 6.567337E+02  1.206715E-12
 6.617085E+02  1.137433E-12
 6.666834E+02  1.074609E-12
 6.716583E+02  1.013322E-12
 6.766332E+02  9.568706E-13
 6.816080E+02  9.025590E-13
 6.865829E+02  8.518621E-13
 6.915578E+02  8.037369E-13
 6.965327E+02  7.588975E-13
 7.015075E+02  7.172273E-13
 7.064824E+02  6.759071E-13
 7.114573E+02  6.391511E-13
 7.164322E+02  6.034370E-13
 7.214070E+02  5.697699E-13
 7.263819E+02  5.378350E-13
 7.313568E+02  5.078504E-13
 7.363317E+02  4.798125E-13
 7.413065E+02  4.532728E-13
 7.462814E+02  4.283517E-13
 7.512563E+02  4.041435E-13
 7.562312E+02  3.822123E-13
 7.612060E+02  3.609749E-13
 7.661809E+02  3.408540E-13
 7.711558E+02  3.224432E-13
 7.761307E+02  3.047985E-13
 7.811055E+02  2.876273E-13
 7.860804E+02  2.720313E-13
 7.910553E+02  2.570184E-13
 7.960302E+02  2.426306E-13
 8.010050E+02  2.295968E-13
 8.059799E+02  2.170335E-13
 8.109548E+02  2.049698E-13
 8.159296E+02  1.934323E-13
 8.209045E+02  1.829083E-13
 8.258794E+02  1.729931E-13
 8.308543E+02  1.636607E-13
 8.358291E+02  1.546122E-13
 8.408040E+02  1.462273E-13
 8.457789E+02  1.383758E-13
 8.507538E+02  1.306795E-13
 8.557286E+02  1.235854E-13
 8.607035E+02  1.169610E-13
 8.656784E+02  1.103616E-13
 8.706533E+02  1.046112E-13
 8.756281E+02  9.868112E-14
 8.806030E+02  9.342850E-14
 8.855779E+02  8.833989E-14
 8.905528E+02  8.359405E-14
 8.955276E+02  7.900870E-14
 9.005025E+02  7.474401E-14
 9.054774E+02  7.069169E-14
 9.104523E+02  6.688731E-14
 9.154271E+02  6.322228E-14
 9.204020E+02  5.981551E-14
 9.253769E+02  5.657083E-14
 9.303518E+02  5.343897E-14
 9.353266E+02  5.058393E-14
 9.403015E+02  4.784114E-14
 9.452764E+02  4.521720E-14
 9.502513E+02  4.280775E-14
 9.552261E+02  4.049924E-14
 9.602010E+02  3.832956E-14
 9.651759E+02  3.622236E-14
 9.701508E+02  3.420825E-14
 9.751256E+02  3.240878E-14
 9.801005E+02  3.063063E-14
 9.850754E+02  2.899038E-14
 9.900503E+02  2.742443E-14
 9.950251E+02  2.595703E-14
 1.000000E+03  2.448961E-14
