 1.000000E+01  1.035312E-03
 1.030612E+01  1.165378E-03
 1.061224E+01  1.297079E-03
 1.091837E+01  1.446735E-03
 1.122449E+01  1.604237E-03
 1.153061E+01  1.772698E-03
 1.183673E+01  1.956706E-03
 1.214286E+01  2.151504E-03
 1.244898E+01  2.357283E-03
 1.275510E+01  2.576084E-03
 1.306122E+01  2.807190E-03
 1.336735E+01  3.054297E-03
 1.367347E+01  3.310676E-03
 1.397959E+01  3.584540E-03
 1.428571E+01  3.866284E-03
 1.459184E+01  4.159608E-03
 1.489796E+01  4.471951E-03
 1.520408E+01  4.799449E-03
 1.551020E+01  5.134447E-03
 1.581633E+01  5.486937E-03
 1.612245E+01  5.836890E-03
 1.642857E+01  6.209278E-03
 1.673469E+01  6.589494E-03
 1.704082E+01  6.972995E-03
 1.734694E+01  7.378887E-03
 1.765306E+01  7.782067E-03
 1.795918E+01  8.182929E-03
 1.826531E+01  8.603282E-03
 1.857143E+01  9.005791E-03
 1.887755E+01  9.412855E-03
 1.918367E+01  9.822430E-03
 1.948980E+01  1.021657E-02
 1.979592E+01  1.061768E-02
 2.010204E+01  1.098274E-02
 2.040816E+01  1.132596E-02
 2.071429E+01  1.166160E-02
 2.102041E+01  1.195107E-02
 2.132653E+01  1.220182E-02
 2.163265E+01  1.241855E-02
 2.193878E+01  1.258067E-02
 2.224490E+01  1.264653E-02
 2.255102E+01  1.263476E-02
 2.285714E+01  1.250688E-02
 2.316327E+01  1.225854E-02
 2.346939E+01  1.181608E-02
 2.377551E+01  1.116798E-02
 2.408163E+01  1.022529E-02
 2.438776E+01  8.801018E-03
 2.469388E+01  6.558883E-03
 2.500000E+01  3.964837E-05
