 1.000000E+01  4.771562E-03
 1.030612E+01  5.361320E-03
 1.061224E+01  6.005522E-03
 1.091837E+01  6.696581E-03
 1.122449E+01  7.441954E-03
 1.153061E+01  8.243150E-03
 1.183673E+01  9.117757E-03
 1.214286E+01  1.004918E-02
 1.244898E+01  1.104264E-02
 1.275510E+01  1.209142E-02
 1.306122E+01  1.319907E-02
 1.336735E+01  1.439060E-02
 1.367347E+01  1.569448E-02
 1.397959E+01  1.698642E-02
 1.428571E+01  1.843287E-02
 1.459184E+01  1.989139E-02
 1.489796E+01  2.146014E-02
 1.520408E+01  2.313311E-02
 1.551020E+01  2.486732E-02
 1.581633E+01  2.665791E-02
 1.612245E+01  2.853016E-02
 1.642857E+01  3.047090E-02
 1.673469E+01  3.257700E-02
 1.704082E+01  3.465567E-02
 1.734694E+01  3.685186E-02
 1.765306E+01  3.906965E-02
 1.795918E+01  4.144453E-02
 1.826531E+01  4.386478E-02
 1.857143E+01  4.635631E-02
 1.887755E+01  4.891206E-02
 1.918367E+01  5.149894E-02
 1.948980E+01  5.423349E-02
 1.979592E+01  5.692287E-02
 2.010204E+01  5.972566E-02
 2.040816E+01  6.243678E-02
 2.071429E+01  6.530816E-02
 2.102041E+01  6.809540E-02
 2.132653E+01  7.104273E-02
 2.163265E+01  7.382025E-02
 2.193878E+01  7.663085E-02
 2.224490E+01  7.960802E-02
 2.255102E+01  8.218377E-02
 2.285714E+01  8.489277E-02
 2.316327E+01  8.739200E-02
 2.346939E+01  9.000937E-02
 2.377551E+01  9.218657E-02
 2.408163E+01  9.442829E-02
 2.438776E+01  9.651322E-02
 2.469388E+01  9.804493E-02
 2.500000E+01  9.951107E-02
