 1.000000E+01  5.538356E-04
 1.030612E+01  6.242567E-04
 1.061224E+01  7.023336E-04
 1.091837E+01  7.843366E-04
 1.122449E+01  8.754221E-04
 1.153061E+01  9.740324E-04
 1.183673E+01  1.079993E-03
 1.214286E+01  1.192823E-03
 1.244898E+01  1.316630E-03
 1.275510E+01  1.449506E-03
 1.306122E+01  1.588990E-03
 1.336735E+01  1.740673E-03
 1.367347E+01  1.900653E-03
 1.397959E+01  2.070790E-03
 1.428571E+01  2.258792E-03
 1.459184E+01  2.455657E-03
 1.489796E+01  2.658157E-03
 1.520408E+01  2.879030E-03
 1.551020E+01  3.108060E-03
 1.581633E+01  3.361896E-03
 1.612245E+01  3.624148E-03
 1.642857E+01  3.888007E-03
 1.673469E+01  4.180196E-03
 1.704082E+01  4.477268E-03
 1.734694E+01  4.802064E-03
 1.765306E+01  5.134072E-03
 1.795918E+01  5.483939E-03
 1.826531E+01  5.869487E-03
 1.857143E+01  6.254595E-03
 1.887755E+01  6.653563E-03
 1.918367E+01  7.070008E-03
 1.948980E+01  7.512510E-03
 1.979592E+01  7.982094E-03
 2.010204E+01  8.455790E-03
 2.040816E+01  8.965156E-03
 2.071429E+01  9.484910E-03
 2.102041E+01  1.001062E-02
 2.132653E+01  1.056959E-02
 2.163265E+01  1.116383E-02
 2.193878E+01  1.178567E-02
 2.224490E+01  1.239865E-02
 2.255102E+01  1.305447E-02
 2.285714E+01  1.371957E-02
 2.316327E+01  1.443960E-02
 2.346939E+01  1.514954E-02
 2.377551E+01  1.592066E-02
 2.408163E+01  1.666411E-02
 2.438776E+01  1.748058E-02
 2.469388E+01  1.827904E-02
 2.500000E+01  1.911016E-02
