 1.000000E+01  8.022628E-02
 1.030612E+01  8.402222E-02
 1.061224E+01  8.740697E-02
 1.091837E+01  9.092717E-02
 1.122449E+01  9.443358E-02
 1.153061E+01  9.807376E-02
 1.183673E+01  1.010483E-01
 1.214286E+01  1.044834E-01
 1.244898E+01  1.075063E-01
 1.275510E+01  1.105684E-01
 1.306122E+01  1.133584E-01
 1.336735E+01  1.158609E-01
 1.367347E+01  1.187407E-01
 1.397959E+01  1.207997E-01
 1.428571E+01  1.228932E-01
 1.459184E+01  1.248100E-01
 1.489796E+01  1.266106E-01
 1.520408E+01  1.278216E-01
 1.551020E+01  1.293657E-01
 1.581633E+01  1.300396E-01
 1.612245E+01  1.307427E-01
 1.642857E+01  1.313629E-01
 1.673469E+01  1.314443E-01
 1.704082E+01  1.312592E-01
 1.734694E+01  1.306734E-01
 1.765306E+01  1.301660E-01
 1.795918E+01  1.290877E-01
 1.826531E+01  1.274995E-01
 1.857143E+01  1.258814E-01
 1.887755E+01  1.239537E-01
 1.918367E+01  1.215518E-01
 1.948980E+01  1.187152E-01
 1.979592E+01  1.155310E-01
 2.010204E+01  1.121402E-01
 2.040816E+01  1.083914E-01
 2.071429E+01  1.044681E-01
 2.102041E+01  9.996362E-02
 2.132653E+01  9.524551E-02
 2.163265E+01  9.020156E-02
 2.193878E+01  8.493741E-02
 2.224490E+01  7.939137E-02
 2.255102E+01  7.348179E-02
 2.285714E+01  6.742973E-02
 2.316327E+01  6.120418E-02
 2.346939E+01  5.478165E-02
 2.377551E+01  4.814960E-02
 2.408163E+01  4.162675E-02
 2.438776E+01  3.500011E-02
 2.469388E+01  2.847369E-02
 2.500000E+01  2.214000E-02
