 1.000000E+01  8.018675E-02
 1.030612E+01  8.389739E-02
 1.061224E+01  8.742344E-02
 1.091837E+01  9.105895E-02
 1.122449E+01  9.459829E-02
 1.153061E+01  9.796519E-02
 1.183673E+01  1.011985E-01
 1.214286E+01  1.044882E-01
 1.244898E+01  1.076138E-01
 1.275510E+01  1.104704E-01
 1.306122E+01  1.131268E-01
 1.336735E+01  1.159041E-01
 1.367347E+01  1.185078E-01
 1.397959E+01  1.206651E-01
 1.428571E+01  1.227115E-01
 1.459184E+01  1.248342E-01
 1.489796E+01  1.265904E-01
 1.520408E+01  1.280213E-01
 1.551020E+01  1.290508E-01
 1.581633E+01  1.300972E-01
 1.612245E+01  1.307977E-01
 1.642857E+01  1.313014E-01
 1.673469E+01  1.312779E-01
 1.704082E+01  1.312784E-01
 1.734694E+01  1.309272E-01
 1.765306E+01  1.301269E-01
 1.795918E+01  1.290892E-01
 1.826531E+01  1.273705E-01
 1.857143E+01  1.257723E-01
 1.887755E+01  1.237031E-01
 1.918367E+01  1.212690E-01
 1.948980E+01  1.186889E-01
 1.979592E+01  1.155434E-01
 2.010204E+01  1.121265E-01
 2.040816E+01  1.085741E-01
 2.071429E+01  1.043857E-01
 2.102041E+01  1.000784E-01
 2.132653E+01  9.514832E-02
 2.163265E+01  9.018014E-02
 2.193878E+01  8.484703E-02
 2.224490E+01  7.935973E-02
 2.255102E+01  7.339309E-02
 2.285714E+01  6.740520E-02
 2.316327E+01  6.118575E-02
 2.346939E+01  5.471821E-02
 2.377551E+01  4.816421E-02
 2.408163E+01  4.156122E-02
 2.438776E+01  3.504488E-02
 2.469388E+01  2.845249E-02
 2.500000E+01  2.216390E-02
