 1.000000E+01  2.460202E-03
 1.191919E+01  2.960956E-03
 1.383838E+01  3.278022E-03
 1.575758E+01  3.236825E-03
 1.767677E+01  3.054290E-03
 1.959596E+01  2.521317E-03
 2.151515E+01  1.809991E-03
 2.343434E+01  1.010586E-03
 2.535354E+01  3.382192E-04
 2.727273E+01  2.821528E-06
 2.919192E+01  9.458121E-09
 3.111111E+01  8.098632E-09
 3.303030E+01  7.209329E-09
 3.494949E+01  6.534765E-09
 3.686869E+01  6.038126E-09
 3.878788E+01  5.629169E-09
 4.070707E+01  5.290443E-09
 4.262626E+01  4.990152E-09
 4.454545E+01  4.735889E-09
 4.646465E+01  4.502985E-09
 4.838384E+01  4.286973E-09
 5.030303E+01  4.109681E-09
 5.222222E+01  3.917964E-09
 5.414141E+01  3.764170E-09
 5.606061E+01  3.622546E-09
 5.797980E+01  3.468726E-09
 5.989899E+01  3.345989E-09
 6.181818E+01  3.220439E-09
 6.373737E+01  3.118471E-09
 6.565657E+01  3.007567E-09
 6.757576E+01  2.901959E-09
 6.949495E+01  2.795914E-09
 7.141414E+01  2.710302E-09
 7.333333E+01  2.623841E-09
 7.525253E+01  2.540780E-09
 7.717172E+01  2.463445E-09
 7.909091E+01  2.387966E-09
 8.101010E+01  2.319262E-09
 8.292929E+01  2.248516E-09
 8.484848E+01  2.184488E-09
 8.676768E+01  2.122451E-09
 8.868687E+01  2.066995E-09
 9.060606E+01  2.007903E-09
 9.252525E+01  1.953695E-09
 9.444444E+01  1.899913E-09
 9.636364E+01  1.846513E-09
 9.828283E+01  1.799427E-09
 1.002020E+02  1.748598E-09
 1.021212E+02  1.705619E-09
 1.040404E+02  1.661580E-09
 1.059596E+02  1.619271E-09
 1.078788E+02  1.574685E-09
 1.097980E+02  1.537783E-09
 1.117172E+02  1.500611E-09
 1.136364E+02  1.468905E-09
 1.155556E+02  1.429777E-09
 1.174747E+02  1.396169E-09
 1.193939E+02  1.357972E-09
 1.213131E+02  1.329509E-09
 1.232323E+02  1.299136E-09
 1.251515E+02  1.270344E-09
 1.270707E+02  1.240293E-09
 1.289899E+02  1.214071E-09
 1.309091E+02  1.184399E-09
 1.328283E+02  1.159291E-09
 1.347475E+02  1.132168E-09
 1.366667E+02  1.111581E-09
 1.385859E+02  1.081149E-09
 1.405051E+02  1.061234E-09
 1.424242E+02  1.041107E-09
 1.443434E+02  1.017839E-09
 1.462626E+02  9.931617E-10
 1.481818E+02  9.740421E-10
 1.501010E+02  9.541437E-10
 1.520202E+02  9.364017E-10
 1.539394E+02  9.149316E-10
 1.558586E+02  8.977946E-10
 1.577778E+02  8.803214E-10
 1.596970E+02  8.599914E-10
 1.616162E+02  8.456470E-10
 1.635354E+02  8.271782E-10
 1.654545E+02  8.097304E-10
 1.673737E+02  7.946181E-10
 1.692929E+02  7.796417E-10
 1.712121E+02  7.668199E-10
 1.731313E+02  7.505654E-10
 1.750505E+02  7.352609E-10
 1.769697E+02  7.223726E-10
 1.788889E+02  7.091539E-10
 1.808081E+02  6.960342E-10
 1.827273E+02  6.822530E-10
 1.846465E+02  6.699378E-10
 1.865657E+02  6.562287E-10
 1.884848E+02  6.458723E-10
 1.904040E+02  6.336340E-10
 1.923232E+02  6.219060E-10
 1.942424E+02  6.121857E-10
 1.961616E+02  5.996602E-10
 1.980808E+02  5.907219E-10
 2.000000E+02  5.791265E-10
