 1.000000E+01  6.119480E-05
 1.191919E+01  7.100613E-05
 1.383838E+01  7.352474E-05
 1.575758E+01  6.876120E-05
 1.767677E+01  5.775477E-05
 1.959596E+01  3.303196E-05
 2.151515E+01  2.090653E-05
 2.343434E+01  5.309953E-06
 2.535354E+01  2.473649E-10
 2.727273E+01  1.944913E-10
 2.919192E+01  1.684120E-10
 3.111111E+01  1.500761E-10
 3.303030E+01  1.367974E-10
 3.494949E+01  1.264328E-10
 3.686869E+01  1.182072E-10
 3.878788E+01  1.109922E-10
 4.070707E+01  1.044783E-10
 4.262626E+01  9.878540E-11
 4.454545E+01  9.361219E-11
 4.646465E+01  8.920661E-11
 4.838384E+01  8.526711E-11
 5.030303E+01  8.152872E-11
 5.222222E+01  7.800338E-11
 5.414141E+01  7.468077E-11
 5.606061E+01  7.152578E-11
 5.797980E+01  6.880087E-11
 5.989899E+01  6.623063E-11
 6.181818E+01  6.398507E-11
 6.373737E+01  6.156010E-11
 6.565657E+01  5.941003E-11
 6.757576E+01  5.729201E-11
 6.949495E+01  5.545895E-11
 7.141414E+01  5.336274E-11
 7.333333E+01  5.186018E-11
 7.525253E+01  5.000764E-11
 7.717172E+01  4.843057E-11
 7.909091E+01  4.696122E-11
 8.101010E+01  4.561977E-11
 8.292929E+01  4.406845E-11
 8.484848E+01  4.280406E-11
 8.676768E+01  4.141644E-11
 8.868687E+01  4.039857E-11
 9.060606E+01  3.909707E-11
 9.252525E+01  3.805071E-11
 9.444444E+01  3.696336E-11
 9.636364E+01  3.596059E-11
 9.828283E+01  3.493552E-11
 1.002020E+02  3.418162E-11
 1.021212E+02  3.305012E-11
 1.040404E+02  3.217033E-11
 1.059596E+02  3.135823E-11
 1.078788E+02  3.056841E-11
 1.097980E+02  2.969669E-11
 1.117172E+02  2.893292E-11
 1.136364E+02  2.827862E-11
 1.155556E+02  2.753021E-11
 1.174747E+02  2.684741E-11
 1.193939E+02  2.624539E-11
 1.213131E+02  2.555674E-11
 1.232323E+02  2.492229E-11
 1.251515E+02  2.436103E-11
 1.270707E+02  2.375262E-11
 1.289899E+02  2.323029E-11
 1.309091E+02  2.274069E-11
 1.328283E+02  2.212333E-11
 1.347475E+02  2.160680E-11
 1.366667E+02  2.114178E-11
 1.385859E+02  2.062590E-11
 1.405051E+02  2.021781E-11
 1.424242E+02  1.980075E-11
 1.443434E+02  1.933340E-11
 1.462626E+02  1.901375E-11
 1.481818E+02  1.845682E-11
 1.501010E+02  1.810412E-11
 1.520202E+02  1.769083E-11
 1.539394E+02  1.733220E-11
 1.558586E+02  1.699138E-11
 1.577778E+02  1.660080E-11
 1.596970E+02  1.620666E-11
 1.616162E+02  1.593745E-11
 1.635354E+02  1.555298E-11
 1.654545E+02  1.533433E-11
 1.673737E+02  1.497493E-11
 1.692929E+02  1.470941E-11
 1.712121E+02  1.437333E-11
 1.731313E+02  1.407387E-11
 1.750505E+02  1.379697E-11
 1.769697E+02  1.354185E-11
 1.788889E+02  1.325414E-11
 1.808081E+02  1.300014E-11
 1.827273E+02  1.274374E-11
 1.846465E+02  1.251481E-11
 1.865657E+02  1.229177E-11
 1.884848E+02  1.203288E-11
 1.904040E+02  1.177034E-11
 1.923232E+02  1.162027E-11
 1.942424E+02  1.141778E-11
 1.961616E+02  1.117869E-11
 1.980808E+02  1.094961E-11
 2.000000E+02  1.072126E-11
