 1.000000E+01  1.086728E-03
 1.191919E+01  1.357126E-03
 1.383838E+01  1.670155E-03
 1.575758E+01  1.896327E-03
 1.767677E+01  2.068187E-03
 1.959596E+01  1.957282E-03
 2.151515E+01  2.122553E-03
 2.343434E+01  2.077743E-03
 2.535354E+01  1.824972E-03
 2.727273E+01  1.525294E-03
 2.919192E+01  1.185246E-03
 3.111111E+01  7.981147E-04
 3.303030E+01  4.567037E-04
 3.494949E+01  1.729742E-04
 3.686869E+01  1.121975E-05
 3.878788E+01  6.631137E-09
 4.070707E+01  5.744157E-09
 4.262626E+01  5.182235E-09
 4.454545E+01  4.757541E-09
 4.646465E+01  4.427278E-09
 4.838384E+01  4.157908E-09
 5.030303E+01  3.912314E-09
 5.222222E+01  3.733476E-09
 5.414141E+01  3.564208E-09
 5.606061E+01  3.407738E-09
 5.797980E+01  3.245327E-09
 5.989899E+01  3.128585E-09
 6.181818E+01  3.014343E-09
 6.373737E+01  2.909979E-09
 6.565657E+01  2.807152E-09
 6.757576E+01  2.711811E-09
 6.949495E+01  2.618653E-09
 7.141414E+01  2.537684E-09
 7.333333E+01  2.470410E-09
 7.525253E+01  2.382929E-09
 7.717172E+01  2.315395E-09
 7.909091E+01  2.257436E-09
 8.101010E+01  2.197082E-09
 8.292929E+01  2.130565E-09
 8.484848E+01  2.077263E-09
 8.676768E+01  2.030379E-09
 8.868687E+01  1.975732E-09
 9.060606E+01  1.924782E-09
 9.252525E+01  1.868380E-09
 9.444444E+01  1.825606E-09
 9.636364E+01  1.784354E-09
 9.828283E+01  1.744153E-09
 1.002020E+02  1.700518E-09
 1.021212E+02  1.663998E-09
 1.040404E+02  1.622056E-09
 1.059596E+02  1.590384E-09
 1.078788E+02  1.555947E-09
 1.097980E+02  1.519110E-09
 1.117172E+02  1.485737E-09
 1.136364E+02  1.452238E-09
 1.155556E+02  1.419147E-09
 1.174747E+02  1.392597E-09
 1.193939E+02  1.360212E-09
 1.213131E+02  1.335465E-09
 1.232323E+02  1.306810E-09
 1.251515E+02  1.274849E-09
 1.270707E+02  1.254277E-09
 1.289899E+02  1.227874E-09
 1.309091E+02  1.206688E-09
 1.328283E+02  1.179531E-09
 1.347475E+02  1.157921E-09
 1.366667E+02  1.132499E-09
 1.385859E+02  1.111585E-09
 1.405051E+02  1.092323E-09
 1.424242E+02  1.072724E-09
 1.443434E+02  1.052640E-09
 1.462626E+02  1.033027E-09
 1.481818E+02  1.012775E-09
 1.501010E+02  9.951188E-10
 1.520202E+02  9.749743E-10
 1.539394E+02  9.571558E-10
 1.558586E+02  9.417601E-10
 1.577778E+02  9.256858E-10
 1.596970E+02  9.093679E-10
 1.616162E+02  8.920227E-10
 1.635354E+02  8.774472E-10
 1.654545E+02  8.614705E-10
 1.673737E+02  8.483592E-10
 1.692929E+02  8.339631E-10
 1.712121E+02  8.188393E-10
 1.731313E+02  8.058026E-10
 1.750505E+02  7.921008E-10
 1.769697E+02  7.798780E-10
 1.788889E+02  7.646095E-10
 1.808081E+02  7.548242E-10
 1.827273E+02  7.410903E-10
 1.846465E+02  7.290008E-10
 1.865657E+02  7.170865E-10
 1.884848E+02  7.074056E-10
 1.904040E+02  6.963716E-10
 1.923232E+02  6.832575E-10
 1.942424E+02  6.732764E-10
 1.961616E+02  6.624998E-10
 1.980808E+02  6.529637E-10
 2.000000E+02  6.416527E-10
