10.0 0.002192843
11.91919 0.002863535
13.83838 0.003356835
15.75758 0.003722815
17.67677 0.0047974799040462765
19.59596 0.004870328
21.51515 0.005035343
23.43434 0.004739165
25.35354 0.004733446
27.27273 0.004195383
29.19192 0.003631687
31.11111 0.002852185
33.0303 0.002063603
34.94949 0.001239577
36.86869 0.0005680246
38.78788 0.0001166624
40.70707 1.700117e-08
42.62626 1.428553e-08
44.54545 1.277293e-08
46.46465 1.164611e-08
48.38384 1.08419e-08
50.30303 1.013734e-08
52.22222 9.556923e-09
54.14141 9.116945e-09
56.06061 8.698502e-09
57.9798 8.296801e-09
59.89899 7.93463e-09
61.81818 7.619273e-09
63.73737 7.362575e-09
65.65657 7.096892e-09
67.57576 6.849984e-09
69.49495 6.639107e-09
71.41414 6.412346e-09
73.33333 6.202516e-09
75.25253 6.034557e-09
77.17172 5.872157e-09
79.09091 5.699319e-09
81.0101 5.544392e-09
82.92929 5.394013e-09
84.84848 5.256552e-09
86.76768 5.116784e-09
88.68687 4.9809e-09
90.60606 4.867239e-09
92.52525 4.744759e-09
94.44444 4.622864e-09
96.36364 4.523079e-09
98.28283 4.415771e-09
100.202 4.304553e-09
102.1212 4.216388e-09
104.0404 4.112033e-09
105.9596 4.025717e-09
107.8788 3.936369e-09
109.798 3.855489e-09
111.7172 3.784488e-09
113.6364 3.692263e-09
115.5556 3.61365e-09
117.4747 3.551759e-09
119.3939 3.477934e-09
121.3131 3.406789e-09
123.2323 3.330485e-09
125.1515 3.272819e-09
127.0707 3.196981e-09
128.9899 3.13436e-09
130.9091 3.080856e-09
132.8283 3.014813e-09
134.7475 2.965775e-09
136.6667 2.905195e-09
138.5859 2.853281e-09
140.5051 2.798547e-09
142.4242 2.747983e-09
144.3434 2.688636e-09
146.2626 2.65377e-09
148.1818 2.595683e-09
150.101 2.55897e-09
152.0202 2.514904e-09
153.9394 2.467743e-09
155.8586 2.423122e-09
157.7778 2.38723e-09
159.697 2.344643e-09
161.6162 2.304421e-09
163.5354 2.265426e-09
165.4545 2.221722e-09
167.3737 2.189888e-09
169.2929 2.151911e-09
171.2121 2.120542e-09
173.1313 2.080816e-09
175.0505 2.051622e-09
176.9697 2.017318e-09
178.8889 1.986368e-09
180.8081 1.949746e-09
182.7273 1.926628e-09
184.6465 1.893793e-09
186.5657 1.867331e-09
188.4848 1.836204e-09
190.404 1.806046e-09
192.3232 1.779204e-09
194.2424 1.746355e-09
196.1616 1.724066e-09
198.0808 1.697784e-09
200.0 1.675874e-09
