 1.000000E+01  2.311672E-04
 1.191919E+01  2.906540E-04
 1.383838E+01  3.349614E-04
 1.575758E+01  3.719885E-04
 1.767677E+01  3.876847E-04
 1.959596E+01  3.829311E-04
 2.151515E+01  3.520373E-04
 2.343434E+01  3.118676E-04
 2.535354E+01  2.458513E-04
 2.727273E+01  1.685312E-04
 2.919192E+01  9.990755E-05
 3.111111E+01  3.629018E-05
 3.303030E+01  2.267464E-06
 3.494949E+01  1.183313E-09
 3.686869E+01  1.016826E-09
 3.878788E+01  9.167575E-10
 4.070707E+01  8.335510E-10
 4.262626E+01  7.748191E-10
 4.454545E+01  7.239168E-10
 4.646465E+01  6.829987E-10
 4.838384E+01  6.450204E-10
 5.030303E+01  6.167506E-10
 5.222222E+01  5.866028E-10
 5.414141E+01  5.609286E-10
 5.606061E+01  5.398198E-10
 5.797980E+01  5.177698E-10
 5.989899E+01  4.981859E-10
 6.181818E+01  4.812413E-10
 6.373737E+01  4.655092E-10
 6.565657E+01  4.481116E-10
 6.757576E+01  4.337857E-10
 6.949495E+01  4.191854E-10
 7.141414E+01  4.057293E-10
 7.333333E+01  3.931911E-10
 7.525253E+01  3.819086E-10
 7.717172E+01  3.704962E-10
 7.909091E+01  3.602501E-10
 8.101010E+01  3.514956E-10
 8.292929E+01  3.402692E-10
 8.484848E+01  3.303333E-10
 8.676768E+01  3.223819E-10
 8.868687E+01  3.137929E-10
 9.060606E+01  3.051122E-10
 9.252525E+01  2.974001E-10
 9.444444E+01  2.900727E-10
 9.636364E+01  2.830312E-10
 9.828283E+01  2.750516E-10
 1.002020E+02  2.690664E-10
 1.021212E+02  2.628080E-10
 1.040404E+02  2.565573E-10
 1.059596E+02  2.506493E-10
 1.078788E+02  2.443528E-10
 1.097980E+02  2.392616E-10
 1.117172E+02  2.333151E-10
 1.136364E+02  2.276273E-10
 1.155556E+02  2.232605E-10
 1.174747E+02  2.181056E-10
 1.193939E+02  2.140229E-10
 1.213131E+02  2.086052E-10
 1.232323E+02  2.043991E-10
 1.251515E+02  2.006081E-10
 1.270707E+02  1.959851E-10
 1.289899E+02  1.916452E-10
 1.309091E+02  1.886129E-10
 1.328283E+02  1.843145E-10
 1.347475E+02  1.803316E-10
 1.366667E+02  1.768006E-10
 1.385859E+02  1.732042E-10
 1.405051E+02  1.695731E-10
 1.424242E+02  1.663290E-10
 1.443434E+02  1.632190E-10
 1.462626E+02  1.601797E-10
 1.481818E+02  1.573954E-10
 1.501010E+02  1.541870E-10
 1.520202E+02  1.509709E-10
 1.539394E+02  1.482222E-10
 1.558586E+02  1.460082E-10
 1.577778E+02  1.427605E-10
 1.596970E+02  1.400131E-10
 1.616162E+02  1.376699E-10
 1.635354E+02  1.353293E-10
 1.654545E+02  1.325928E-10
 1.673737E+02  1.305716E-10
 1.692929E+02  1.278958E-10
 1.712121E+02  1.254084E-10
 1.731313E+02  1.232738E-10
 1.750505E+02  1.214930E-10
 1.769697E+02  1.191392E-10
 1.788889E+02  1.172814E-10
 1.808081E+02  1.147774E-10
 1.827273E+02  1.129916E-10
 1.846465E+02  1.112691E-10
 1.865657E+02  1.094813E-10
 1.884848E+02  1.075847E-10
 1.904040E+02  1.057862E-10
 1.923232E+02  1.039365E-10
 1.942424E+02  1.021944E-10
 1.961616E+02  1.008750E-10
 1.980808E+02  9.897629E-11
 2.000000E+02  9.707010E-11
