10.0 0.0006308037
11.91919 0.000760489
13.83838 0.0008320087
15.75758 0.0008879176
17.67677 0.0008180827652096164
19.59596 0.0007445681
21.51515 0.0005884264
23.43434 0.0003993922
25.35354 0.0002007724
27.27273 4.925439e-05
29.19192 3.016966e-09
31.11111 2.40259e-09
33.0303 2.101028e-09
34.94949 1.889454e-09
36.86869 1.729447e-09
38.78788 1.608935e-09
40.70707 1.501325e-09
42.62626 1.424254e-09
44.54545 1.333126e-09
46.46465 1.27444e-09
48.38384 1.206474e-09
50.30303 1.157431e-09
52.22222 1.105902e-09
54.14141 1.064089e-09
56.06061 1.01775e-09
57.9798 9.783207e-10
59.89899 9.420836e-10
61.81818 9.084989e-10
63.73737 8.769344e-10
65.65657 8.46462e-10
67.57576 8.174318e-10
69.49495 7.897999e-10
71.41414 7.659015e-10
73.33333 7.407896e-10
75.25253 7.195183e-10
77.17172 6.971506e-10
79.09091 6.781708e-10
81.0101 6.563798e-10
82.92929 6.378458e-10
84.84848 6.194347e-10
86.76768 6.017753e-10
88.68687 5.857245e-10
90.60606 5.684663e-10
92.52525 5.534304e-10
94.44444 5.399229e-10
96.36364 5.246937e-10
98.28283 5.112224e-10
100.202 4.992405e-10
102.1212 4.845271e-10
104.0404 4.730573e-10
105.9596 4.611564e-10
107.8788 4.511016e-10
109.798 4.38991e-10
111.7172 4.282733e-10
113.6364 4.189625e-10
115.5556 4.087132e-10
117.4747 3.990953e-10
119.3939 3.895148e-10
121.3131 3.814828e-10
123.2323 3.724707e-10
125.1515 3.63954e-10
127.0707 3.556229e-10
128.9899 3.481285e-10
130.9091 3.405509e-10
132.8283 3.337357e-10
134.7475 3.258233e-10
136.6667 3.194282e-10
138.5859 3.115473e-10
140.5051 3.053918e-10
142.4242 2.991019e-10
144.3434 2.941108e-10
146.2626 2.875215e-10
148.1818 2.816618e-10
150.101 2.755865e-10
152.0202 2.702818e-10
153.9394 2.64257e-10
155.8586 2.589307e-10
157.7778 2.543914e-10
159.697 2.493421e-10
161.6162 2.436536e-10
163.5354 2.402061e-10
165.4545 2.348866e-10
167.3737 2.298323e-10
169.2929 2.259937e-10
171.2121 2.219258e-10
173.1313 2.173914e-10
175.0505 2.132316e-10
176.9697 2.099252e-10
178.8889 2.056421e-10
180.8081 2.018918e-10
182.7273 1.979831e-10
184.6465 1.946426e-10
186.5657 1.91413e-10
188.4848 1.876067e-10
190.404 1.847756e-10
192.3232 1.813243e-10
194.2424 1.780628e-10
196.1616 1.748349e-10
198.0808 1.719857e-10
200.0 1.688043e-10
