 1.000000E+01  1.945344E-03
 1.191919E+01  2.940947E-03
 1.383838E+01  3.526538E-03
 1.575758E+01  4.142342E-03
 1.767677E+01  4.643463E-03
 1.959596E+01  4.870087E-03
 2.151515E+01  5.164449E-03
 2.343434E+01  4.914007E-03
 2.535354E+01  4.667560E-03
 2.727273E+01  4.190436E-03
 2.919192E+01  3.586035E-03
 3.111111E+01  2.892524E-03
 3.303030E+01  2.065667E-03
 3.494949E+01  1.255682E-03
 3.686869E+01  5.690833E-04
 3.878788E+01  1.188711E-04
 4.070707E+01  1.686441E-08
 4.262626E+01  1.431374E-08
 4.454545E+01  1.274043E-08
 4.646465E+01  1.170473E-08
 4.838384E+01  1.086017E-08
 5.030303E+01  1.014636E-08
 5.222222E+01  9.609083E-09
 5.414141E+01  9.093460E-09
 5.606061E+01  8.658932E-09
 5.797980E+01  8.264904E-09
 5.989899E+01  7.968555E-09
 6.181818E+01  7.643793E-09
 6.373737E+01  7.359339E-09
 6.565657E+01  7.077696E-09
 6.757576E+01  6.856956E-09
 6.949495E+01  6.629239E-09
 7.141414E+01  6.393202E-09
 7.333333E+01  6.221100E-09
 7.525253E+01  6.051595E-09
 7.717172E+01  5.860495E-09
 7.909091E+01  5.686448E-09
 8.101010E+01  5.540120E-09
 8.292929E+01  5.389505E-09
 8.484848E+01  5.244794E-09
 8.676768E+01  5.132080E-09
 8.868687E+01  4.985387E-09
 9.060606E+01  4.856379E-09
 9.252525E+01  4.738589E-09
 9.444444E+01  4.621400E-09
 9.636364E+01  4.525797E-09
 9.828283E+01  4.427189E-09
 1.002020E+02  4.314465E-09
 1.021212E+02  4.219427E-09
 1.040404E+02  4.112304E-09
 1.059596E+02  4.032265E-09
 1.078788E+02  3.934441E-09
 1.097980E+02  3.858186E-09
 1.117172E+02  3.770541E-09
 1.136364E+02  3.699216E-09
 1.155556E+02  3.614177E-09
 1.174747E+02  3.542948E-09
 1.193939E+02  3.470398E-09
 1.213131E+02  3.398830E-09
 1.232323E+02  3.327931E-09
 1.251515E+02  3.272068E-09
 1.270707E+02  3.191732E-09
 1.289899E+02  3.137215E-09
 1.309091E+02  3.069758E-09
 1.328283E+02  3.022180E-09
 1.347475E+02  2.961193E-09
 1.366667E+02  2.910308E-09
 1.385859E+02  2.852896E-09
 1.405051E+02  2.796366E-09
 1.424242E+02  2.751121E-09
 1.443434E+02  2.698245E-09
 1.462626E+02  2.651077E-09
 1.481818E+02  2.597352E-09
 1.501010E+02  2.558456E-09
 1.520202E+02  2.516796E-09
 1.539394E+02  2.465248E-09
 1.558586E+02  2.429310E-09
 1.577778E+02  2.390294E-09
 1.596970E+02  2.343261E-09
 1.616162E+02  2.298671E-09
 1.635354E+02  2.269568E-09
 1.654545E+02  2.227654E-09
 1.673737E+02  2.191041E-09
 1.692929E+02  2.155933E-09
 1.712121E+02  2.116394E-09
 1.731313E+02  2.077653E-09
 1.750505E+02  2.048975E-09
 1.769697E+02  2.016924E-09
 1.788889E+02  1.987730E-09
 1.808081E+02  1.950290E-09
 1.827273E+02  1.926380E-09
 1.846465E+02  1.894402E-09
 1.865657E+02  1.858132E-09
 1.884848E+02  1.832234E-09
 1.904040E+02  1.808322E-09
 1.923232E+02  1.778349E-09
 1.942424E+02  1.753814E-09
 1.961616E+02  1.724660E-09
 1.980808E+02  1.702776E-09
 2.000000E+02  1.674676E-09
