10.0 0.0006269313
11.91919 0.0007074307
13.83838 0.0008324687
15.75758 0.0008796384
17.67677 0.0008443361518124735
19.59596 0.0007579808
21.51515 0.0005565573
23.43434 0.0003990195
25.35354 0.0001419224
27.27273 5.069362e-05
29.19192 3.015631e-09
31.11111 2.408577e-09
33.0303 2.104257e-09
34.94949 1.894757e-09
36.86869 1.732339e-09
38.78788 1.609267e-09
40.70707 1.502439e-09
42.62626 1.417509e-09
44.54545 1.343471e-09
46.46465 1.271579e-09
48.38384 1.210023e-09
50.30303 1.154109e-09
52.22222 1.104982e-09
54.14141 1.059883e-09
56.06061 1.020317e-09
57.9798 9.766644e-10
59.89899 9.44337e-10
61.81818 9.071572e-10
63.73737 8.750901e-10
65.65657 8.477713e-10
67.57576 8.201703e-10
69.49495 7.907694e-10
71.41414 7.654403e-10
73.33333 7.418192e-10
75.25253 7.209198e-10
77.17172 6.958636e-10
79.09091 6.767846e-10
81.0101 6.573847e-10
82.92929 6.364135e-10
84.84848 6.194929e-10
86.76768 6.010074e-10
88.68687 5.85507e-10
90.60606 5.68093e-10
92.52525 5.534469e-10
94.44444 5.392711e-10
96.36364 5.246523e-10
98.28283 5.09561e-10
100.202 4.977413e-10
102.1212 4.849034e-10
104.0404 4.738532e-10
105.9596 4.627675e-10
107.8788 4.494181e-10
109.798 4.397987e-10
111.7172 4.290105e-10
113.6364 4.178874e-10
115.5556 4.082921e-10
117.4747 3.984055e-10
119.3939 3.893192e-10
121.3131 3.807961e-10
123.2323 3.733874e-10
125.1515 3.648799e-10
127.0707 3.550654e-10
128.9899 3.479034e-10
130.9091 3.395655e-10
132.8283 3.332319e-10
134.7475 3.253906e-10
136.6667 3.189021e-10
138.5859 3.120499e-10
140.5051 3.052759e-10
142.4242 2.982662e-10
144.3434 2.930393e-10
146.2626 2.872728e-10
148.1818 2.805055e-10
150.101 2.753223e-10
152.0202 2.695132e-10
153.9394 2.643206e-10
155.8586 2.593521e-10
157.7778 2.537156e-10
159.697 2.490705e-10
161.6162 2.433855e-10
163.5354 2.39249e-10
165.4545 2.355197e-10
167.3737 2.308163e-10
169.2929 2.260848e-10
171.2121 2.21958e-10
173.1313 2.171827e-10
175.0505 2.13312e-10
176.9697 2.096581e-10
178.8889 2.055502e-10
180.8081 2.022862e-10
182.7273 1.987206e-10
184.6465 1.943247e-10
186.5657 1.911527e-10
188.4848 1.882123e-10
190.404 1.841557e-10
192.3232 1.812217e-10
194.2424 1.778489e-10
196.1616 1.746135e-10
198.0808 1.718931e-10
200.0 1.686493e-10
