 1.000000E+01  2.286944E-04
 1.191919E+01  2.872799E-04
 1.383838E+01  3.237136E-04
 1.575758E+01  3.716543E-04
 1.767677E+01  3.881222E-04
 1.959596E+01  3.825541E-04
 2.151515E+01  3.559064E-04
 2.343434E+01  3.139727E-04
 2.535354E+01  2.443481E-04
 2.727273E+01  1.736501E-04
 2.919192E+01  9.949109E-05
 3.111111E+01  3.695747E-05
 3.303030E+01  2.250470E-06
 3.494949E+01  1.150277E-09
 3.686869E+01  1.019091E-09
 3.878788E+01  9.167427E-10
 4.070707E+01  8.365416E-10
 4.262626E+01  7.719290E-10
 4.454545E+01  7.261955E-10
 4.646465E+01  6.854180E-10
 4.838384E+01  6.460725E-10
 5.030303E+01  6.154799E-10
 5.222222E+01  5.888230E-10
 5.414141E+01  5.616206E-10
 5.606061E+01  5.369109E-10
 5.797980E+01  5.175145E-10
 5.989899E+01  4.990530E-10
 6.181818E+01  4.806370E-10
 6.373737E+01  4.626409E-10
 6.565657E+01  4.476080E-10
 6.757576E+01  4.341417E-10
 6.949495E+01  4.192087E-10
 7.141414E+01  4.055636E-10
 7.333333E+01  3.940969E-10
 7.525253E+01  3.834607E-10
 7.717172E+01  3.696397E-10
 7.909091E+01  3.606993E-10
 8.101010E+01  3.500750E-10
 8.292929E+01  3.412286E-10
 8.484848E+01  3.303950E-10
 8.676768E+01  3.215602E-10
 8.868687E+01  3.134891E-10
 9.060606E+01  3.055130E-10
 9.252525E+01  2.980642E-10
 9.444444E+01  2.899861E-10
 9.636364E+01  2.832480E-10
 9.828283E+01  2.756924E-10
 1.002020E+02  2.689952E-10
 1.021212E+02  2.631086E-10
 1.040404E+02  2.561039E-10
 1.059596E+02  2.504568E-10
 1.078788E+02  2.448274E-10
 1.097980E+02  2.388884E-10
 1.117172E+02  2.331064E-10
 1.136364E+02  2.288905E-10
 1.155556E+02  2.232139E-10
 1.174747E+02  2.187836E-10
 1.193939E+02  2.139439E-10
 1.213131E+02  2.095760E-10
 1.232323E+02  2.045765E-10
 1.251515E+02  2.002828E-10
 1.270707E+02  1.960821E-10
 1.289899E+02  1.920714E-10
 1.309091E+02  1.877135E-10
 1.328283E+02  1.843947E-10
 1.347475E+02  1.803312E-10
 1.366667E+02  1.765975E-10
 1.385859E+02  1.737349E-10
 1.405051E+02  1.696705E-10
 1.424242E+02  1.664321E-10
 1.443434E+02  1.630773E-10
 1.462626E+02  1.600540E-10
 1.481818E+02  1.571476E-10
 1.501010E+02  1.539570E-10
 1.520202E+02  1.512419E-10
 1.539394E+02  1.484509E-10
 1.558586E+02  1.452429E-10
 1.577778E+02  1.428232E-10
 1.596970E+02  1.400520E-10
 1.616162E+02  1.377286E-10
 1.635354E+02  1.349697E-10
 1.654545E+02  1.325567E-10
 1.673737E+02  1.302543E-10
 1.692929E+02  1.280051E-10
 1.712121E+02  1.254212E-10
 1.731313E+02  1.233595E-10
 1.750505E+02  1.213056E-10
 1.769697E+02  1.191357E-10
 1.788889E+02  1.173429E-10
 1.808081E+02  1.154851E-10
 1.827273E+02  1.130841E-10
 1.846465E+02  1.113938E-10
 1.865657E+02  1.097843E-10
 1.884848E+02  1.078760E-10
 1.904040E+02  1.060152E-10
 1.923232E+02  1.041821E-10
 1.942424E+02  1.026069E-10
 1.961616E+02  1.002281E-10
 1.980808E+02  9.919537E-11
 2.000000E+02  9.742130E-11
