 1.000000E+01  8.521534E-05
 1.191919E+01  1.206379E-04
 1.383838E+01  1.522321E-04
 1.575758E+01  1.848323E-04
 1.767677E+01  2.134976E-04
 1.959596E+01  2.360487E-04
 2.151515E+01  2.674108E-04
 2.343434E+01  2.870223E-04
 2.535354E+01  2.899833E-04
 2.727273E+01  2.914196E-04
 2.919192E+01  2.905819E-04
 3.111111E+01  2.666086E-04
 3.303030E+01  2.591229E-04
 3.494949E+01  2.278941E-04
 3.686869E+01  2.001053E-04
 3.878788E+01  1.675966E-04
 4.070707E+01  1.280671E-04
 4.262626E+01  9.039678E-05
 4.454545E+01  5.508925E-05
 4.646465E+01  2.617238E-05
 4.838384E+01  6.061069E-06
 5.030303E+01  1.038690E-09
 5.222222E+01  8.802921E-10
 5.414141E+01  7.945323E-10
 5.606061E+01  7.308822E-10
 5.797980E+01  6.819802E-10
 5.989899E+01  6.402611E-10
 6.181818E+01  6.072738E-10
 6.373737E+01  5.803053E-10
 6.565657E+01  5.542213E-10
 6.757576E+01  5.300219E-10
 6.949495E+01  5.105084E-10
 7.141414E+01  4.891762E-10
 7.333333E+01  4.774480E-10
 7.525253E+01  4.607327E-10
 7.717172E+01  4.462277E-10
 7.909091E+01  4.332491E-10
 8.101010E+01  4.200936E-10
 8.292929E+01  4.071035E-10
 8.484848E+01  3.983431E-10
 8.676768E+01  3.867653E-10
 8.868687E+01  3.782484E-10
 9.060606E+01  3.675348E-10
 9.252525E+01  3.589575E-10
 9.444444E+01  3.494508E-10
 9.636364E+01  3.431999E-10
 9.828283E+01  3.345474E-10
 1.002020E+02  3.279032E-10
 1.021212E+02  3.204732E-10
 1.040404E+02  3.137867E-10
 1.059596E+02  3.070911E-10
 1.078788E+02  3.006523E-10
 1.097980E+02  2.938122E-10
 1.117172E+02  2.881801E-10
 1.136364E+02  2.825747E-10
 1.155556E+02  2.773125E-10
 1.174747E+02  2.719855E-10
 1.193939E+02  2.665080E-10
 1.213131E+02  2.616145E-10
 1.232323E+02  2.560861E-10
 1.251515E+02  2.518644E-10
 1.270707E+02  2.470165E-10
 1.289899E+02  2.422630E-10
 1.309091E+02  2.386160E-10
 1.328283E+02  2.335838E-10
 1.347475E+02  2.309809E-10
 1.366667E+02  2.258582E-10
 1.385859E+02  2.226091E-10
 1.405051E+02  2.181514E-10
 1.424242E+02  2.144066E-10
 1.443434E+02  2.110721E-10
 1.462626E+02  2.075952E-10
 1.481818E+02  2.046396E-10
 1.501010E+02  2.008542E-10
 1.520202E+02  1.978720E-10
 1.539394E+02  1.944175E-10
 1.558586E+02  1.919231E-10
 1.577778E+02  1.885305E-10
 1.596970E+02  1.857590E-10
 1.616162E+02  1.824592E-10
 1.635354E+02  1.798625E-10
 1.654545E+02  1.773156E-10
 1.673737E+02  1.743914E-10
 1.692929E+02  1.719521E-10
 1.712121E+02  1.688806E-10
 1.731313E+02  1.665709E-10
 1.750505E+02  1.641181E-10
 1.769697E+02  1.617452E-10
 1.788889E+02  1.592196E-10
 1.808081E+02  1.569818E-10
 1.827273E+02  1.549942E-10
 1.846465E+02  1.526743E-10
 1.865657E+02  1.503754E-10
 1.884848E+02  1.481023E-10
 1.904040E+02  1.461752E-10
 1.923232E+02  1.440626E-10
 1.942424E+02  1.421645E-10
 1.961616E+02  1.405339E-10
 1.980808E+02  1.380228E-10
 2.000000E+02  1.363667E-10
