 1.000000E+01  8.997584E-05
 1.191919E+01  1.103214E-04
 1.383838E+01  1.569269E-04
 1.575758E+01  1.731443E-04
 1.767677E+01  2.150083E-04
 1.959596E+01  2.402952E-04
 2.151515E+01  2.607369E-04
 2.343434E+01  2.805872E-04
 2.535354E+01  2.896928E-04
 2.727273E+01  2.925025E-04
 2.919192E+01  2.913124E-04
 3.111111E+01  2.849246E-04
 3.303030E+01  2.601411E-04
 3.494949E+01  2.301339E-04
 3.686869E+01  1.983701E-04
 3.878788E+01  1.693461E-04
 4.070707E+01  1.295211E-04
 4.262626E+01  9.127260E-05
 4.454545E+01  5.579987E-05
 4.646465E+01  2.617036E-05
 4.838384E+01  6.020000E-06
 5.030303E+01  1.039997E-09
 5.222222E+01  8.809319E-10
 5.414141E+01  7.945912E-10
 5.606061E+01  7.288138E-10
 5.797980E+01  6.777055E-10
 5.989899E+01  6.410016E-10
 6.181818E+01  6.071705E-10
 6.373737E+01  5.815297E-10
 6.565657E+01  5.538386E-10
 6.757576E+01  5.310463E-10
 6.949495E+01  5.112711E-10
 7.141414E+01  4.922552E-10
 7.333333E+01  4.760664E-10
 7.525253E+01  4.616827E-10
 7.717172E+01  4.465958E-10
 7.909091E+01  4.337072E-10
 8.101010E+01  4.181413E-10
 8.292929E+01  4.083304E-10
 8.484848E+01  3.979993E-10
 8.676768E+01  3.868397E-10
 8.868687E+01  3.769623E-10
 9.060606E+01  3.690020E-10
 9.252525E+01  3.588804E-10
 9.444444E+01  3.525416E-10
 9.636364E+01  3.422850E-10
 9.828283E+01  3.351697E-10
 1.002020E+02  3.270920E-10
 1.021212E+02  3.200157E-10
 1.040404E+02  3.135998E-10
 1.059596E+02  3.068024E-10
 1.078788E+02  3.003139E-10
 1.097980E+02  2.953442E-10
 1.117172E+02  2.883866E-10
 1.136364E+02  2.818832E-10
 1.155556E+02  2.762311E-10
 1.174747E+02  2.711813E-10
 1.193939E+02  2.654989E-10
 1.213131E+02  2.614246E-10
 1.232323E+02  2.565723E-10
 1.251515E+02  2.514818E-10
 1.270707E+02  2.472936E-10
 1.289899E+02  2.429722E-10
 1.309091E+02  2.383999E-10
 1.328283E+02  2.343125E-10
 1.347475E+02  2.297875E-10
 1.366667E+02  2.260179E-10
 1.385859E+02  2.221495E-10
 1.405051E+02  2.184352E-10
 1.424242E+02  2.144970E-10
 1.443434E+02  2.116235E-10
 1.462626E+02  2.076387E-10
 1.481818E+02  2.036781E-10
 1.501010E+02  2.007854E-10
 1.520202E+02  1.973702E-10
 1.539394E+02  1.946999E-10
 1.558586E+02  1.916239E-10
 1.577778E+02  1.881965E-10
 1.596970E+02  1.857011E-10
 1.616162E+02  1.824869E-10
 1.635354E+02  1.798982E-10
 1.654545E+02  1.769161E-10
 1.673737E+02  1.744844E-10
 1.692929E+02  1.716199E-10
 1.712121E+02  1.693142E-10
 1.731313E+02  1.666090E-10
 1.750505E+02  1.637967E-10
 1.769697E+02  1.615005E-10
 1.788889E+02  1.595280E-10
 1.808081E+02  1.566254E-10
 1.827273E+02  1.547796E-10
 1.846465E+02  1.524468E-10
 1.865657E+02  1.504133E-10
 1.884848E+02  1.485856E-10
 1.904040E+02  1.461137E-10
 1.923232E+02  1.437831E-10
 1.942424E+02  1.419958E-10
 1.961616E+02  1.402896E-10
 1.980808E+02  1.379886E-10
 2.000000E+02  1.362842E-10
