 1.000000E+01  4.402248E-04
 1.191919E+01  3.420031E-04
 1.383838E+01  2.693340E-04
 1.575758E+01  1.879040E-04
 1.767677E+01  1.217540E-04
 1.959596E+01  6.421336E-05
 2.151515E+01  2.892541E-05
 2.343434E+01  9.441090E-06
 2.535354E+01  1.241196E-06
 2.727273E+01  1.341630E-09
 2.919192E+01  1.205057E-09
 3.111111E+01  1.097170E-09
 3.303030E+01  1.013004E-09
 3.494949E+01  9.351036E-10
 3.686869E+01  8.716854E-10
 3.878788E+01  8.032011E-10
 4.070707E+01  7.611828E-10
 4.262626E+01  7.122362E-10
 4.454545E+01  6.714070E-10
 4.646465E+01  6.346785E-10
 4.838384E+01  5.976869E-10
 5.030303E+01  5.668236E-10
 5.222222E+01  5.370056E-10
 5.414141E+01  5.111949E-10
 5.606061E+01  4.863023E-10
 5.797980E+01  4.621211E-10
 5.989899E+01  4.424846E-10
 6.181818E+01  4.206500E-10
 6.373737E+01  4.029676E-10
 6.565657E+01  3.846586E-10
 6.757576E+01  3.682211E-10
 6.949495E+01  3.512688E-10
 7.141414E+01  3.382931E-10
 7.333333E+01  3.241834E-10
 7.525253E+01  3.122168E-10
 7.717172E+01  2.992883E-10
 7.909091E+01  2.871245E-10
 8.101010E+01  2.772629E-10
 8.292929E+01  2.660263E-10
 8.484848E+01  2.572726E-10
 8.676768E+01  2.470976E-10
 8.868687E+01  2.378597E-10
 9.060606E+01  2.308564E-10
 9.252525E+01  2.212577E-10
 9.444444E+01  2.140667E-10
 9.636364E+01  2.065856E-10
 9.828283E+01  2.002482E-10
 1.002020E+02  1.941816E-10
 1.021212E+02  1.860978E-10
 1.040404E+02  1.805877E-10
 1.059596E+02  1.753760E-10
 1.078788E+02  1.696880E-10
 1.097980E+02  1.635375E-10
 1.117172E+02  1.589070E-10
 1.136364E+02  1.544830E-10
 1.155556E+02  1.497800E-10
 1.174747E+02  1.446544E-10
 1.193939E+02  1.406191E-10
 1.213131E+02  1.369187E-10
 1.232323E+02  1.329428E-10
 1.251515E+02  1.284364E-10
 1.270707E+02  1.251116E-10
 1.289899E+02  1.214273E-10
 1.309091E+02  1.183660E-10
 1.328283E+02  1.149907E-10
 1.347475E+02  1.119538E-10
 1.366667E+02  1.090529E-10
 1.385859E+02  1.064425E-10
 1.405051E+02  1.028093E-10
 1.424242E+02  1.001233E-10
 1.443434E+02  9.738015E-11
 1.462626E+02  9.509056E-11
 1.481818E+02  9.259237E-11
 1.501010E+02  9.011108E-11
 1.520202E+02  8.823238E-11
 1.539394E+02  8.581681E-11
 1.558586E+02  8.372788E-11
 1.577778E+02  8.167145E-11
 1.596970E+02  7.967848E-11
 1.616162E+02  7.794971E-11
 1.635354E+02  7.576951E-11
 1.654545E+02  7.403611E-11
 1.673737E+02  7.239701E-11
 1.692929E+02  7.029164E-11
 1.712121E+02  6.892680E-11
 1.731313E+02  6.725476E-11
 1.750505E+02  6.568533E-11
 1.769697E+02  6.408000E-11
 1.788889E+02  6.253522E-11
 1.808081E+02  6.108710E-11
 1.827273E+02  5.980720E-11
 1.846465E+02  5.826666E-11
 1.865657E+02  5.717857E-11
 1.884848E+02  5.581243E-11
 1.904040E+02  5.464953E-11
 1.923232E+02  5.322374E-11
 1.942424E+02  5.234270E-11
 1.961616E+02  5.108214E-11
 1.980808E+02  5.005140E-11
 2.000000E+02  4.913178E-11
