 1.000000E+01  5.606713E-04
 1.191919E+01  4.619206E-04
 1.383838E+01  3.813895E-04
 1.575758E+01  2.958335E-04
 1.767677E+01  2.182175E-04
 1.959596E+01  1.508915E-04
 2.151515E+01  9.343283E-05
 2.343434E+01  5.432870E-05
 2.535354E+01  2.579380E-05
 2.727273E+01  8.623377E-06
 2.919192E+01  1.320821E-06
 3.111111E+01  4.300708E-09
 3.303030E+01  1.283308E-09
 3.494949E+01  1.177818E-09
 3.686869E+01  1.077994E-09
 3.878788E+01  1.023924E-09
 4.070707E+01  9.523035E-10
 4.262626E+01  8.966971E-10
 4.454545E+01  8.478402E-10
 4.646465E+01  7.978609E-10
 4.838384E+01  7.604953E-10
 5.030303E+01  7.156682E-10
 5.222222E+01  6.824393E-10
 5.414141E+01  6.483711E-10
 5.606061E+01  6.178665E-10
 5.797980E+01  5.902052E-10
 5.989899E+01  5.645996E-10
 6.181818E+01  5.366482E-10
 6.373737E+01  5.152638E-10
 6.565657E+01  4.935297E-10
 6.757576E+01  4.721412E-10
 6.949495E+01  4.564937E-10
 7.141414E+01  4.365835E-10
 7.333333E+01  4.218917E-10
 7.525253E+01  4.029011E-10
 7.717172E+01  3.869257E-10
 7.909091E+01  3.749459E-10
 8.101010E+01  3.607172E-10
 8.292929E+01  3.488748E-10
 8.484848E+01  3.367843E-10
 8.676768E+01  3.243668E-10
 8.868687E+01  3.141334E-10
 9.060606E+01  3.026547E-10
 9.252525E+01  2.917881E-10
 9.444444E+01  2.822258E-10
 9.636364E+01  2.739776E-10
 9.828283E+01  2.650778E-10
 1.002020E+02  2.583383E-10
 1.021212E+02  2.479024E-10
 1.040404E+02  2.405126E-10
 1.059596E+02  2.340292E-10
 1.078788E+02  2.262883E-10
 1.097980E+02  2.203622E-10
 1.117172E+02  2.135597E-10
 1.136364E+02  2.072650E-10
 1.155556E+02  2.015629E-10
 1.174747E+02  1.958186E-10
 1.193939E+02  1.906706E-10
 1.213131E+02  1.843639E-10
 1.232323E+02  1.802060E-10
 1.251515E+02  1.742658E-10
 1.270707E+02  1.697420E-10
 1.289899E+02  1.656153E-10
 1.309091E+02  1.614895E-10
 1.328283E+02  1.567618E-10
 1.347475E+02  1.536411E-10
 1.366667E+02  1.491158E-10
 1.385859E+02  1.455437E-10
 1.405051E+02  1.414337E-10
 1.424242E+02  1.381643E-10
 1.443434E+02  1.348902E-10
 1.462626E+02  1.310857E-10
 1.481818E+02  1.278661E-10
 1.501010E+02  1.251700E-10
 1.520202E+02  1.224019E-10
 1.539394E+02  1.192573E-10
 1.558586E+02  1.165143E-10
 1.577778E+02  1.134535E-10
 1.596970E+02  1.111474E-10
 1.616162E+02  1.083392E-10
 1.635354E+02  1.056129E-10
 1.654545E+02  1.031827E-10
 1.673737E+02  1.012281E-10
 1.692929E+02  9.886877E-11
 1.712121E+02  9.639220E-11
 1.731313E+02  9.423219E-11
 1.750505E+02  9.218493E-11
 1.769697E+02  9.060359E-11
 1.788889E+02  8.858447E-11
 1.808081E+02  8.650773E-11
 1.827273E+02  8.482659E-11
 1.846465E+02  8.298132E-11
 1.865657E+02  8.094718E-11
 1.884848E+02  7.959818E-11
 1.904040E+02  7.779502E-11
 1.923232E+02  7.606503E-11
 1.942424E+02  7.437369E-11
 1.961616E+02  7.288725E-11
 1.980808E+02  7.141479E-11
 2.000000E+02  6.986682E-11
