 1.000000E+01  4.295572E-02
 1.191919E+01  3.110428E-02
 1.383838E+01  2.304946E-02
 1.575758E+01  1.546134E-02
 1.767677E+01  8.842662E-03
 1.959596E+01  4.561999E-03
 2.151515E+01  1.493079E-03
 2.343434E+01  3.284314E-04
 2.535354E+01  4.919433E-06
 2.727273E+01  1.225312E-07
 2.919192E+01  1.112125E-07
 3.111111E+01  1.008895E-07
 3.303030E+01  9.292543E-08
 3.494949E+01  8.611959E-08
 3.686869E+01  8.019372E-08
 3.878788E+01  7.495732E-08
 4.070707E+01  7.041524E-08
 4.262626E+01  6.581341E-08
 4.454545E+01  6.156547E-08
 4.646465E+01  5.833960E-08
 4.838384E+01  5.505144E-08
 5.030303E+01  5.226754E-08
 5.222222E+01  4.956673E-08
 5.414141E+01  4.696785E-08
 5.606061E+01  4.464933E-08
 5.797980E+01  4.238144E-08
 5.989899E+01  4.028161E-08
 6.181818E+01  3.854045E-08
 6.373737E+01  3.667042E-08
 6.565657E+01  3.520858E-08
 6.757576E+01  3.351415E-08
 6.949495E+01  3.206853E-08
 7.141414E+01  3.084331E-08
 7.333333E+01  2.954324E-08
 7.525253E+01  2.831256E-08
 7.717172E+01  2.723229E-08
 7.909091E+01  2.614396E-08
 8.101010E+01  2.509604E-08
 8.292929E+01  2.416003E-08
 8.484848E+01  2.316215E-08
 8.676768E+01  2.243196E-08
 8.868687E+01  2.161623E-08
 9.060606E+01  2.076403E-08
 9.252525E+01  2.014491E-08
 9.444444E+01  1.937764E-08
 9.636364E+01  1.871145E-08
 9.828283E+01  1.801284E-08
 1.002020E+02  1.737731E-08
 1.021212E+02  1.680418E-08
 1.040404E+02  1.623783E-08
 1.059596E+02  1.576914E-08
 1.078788E+02  1.522525E-08
 1.097980E+02  1.474082E-08
 1.117172E+02  1.427156E-08
 1.136364E+02  1.386286E-08
 1.155556E+02  1.343959E-08
 1.174747E+02  1.308241E-08
 1.193939E+02  1.262623E-08
 1.213131E+02  1.224146E-08
 1.232323E+02  1.191221E-08
 1.251515E+02  1.153720E-08
 1.270707E+02  1.124728E-08
 1.289899E+02  1.086790E-08
 1.309091E+02  1.059563E-08
 1.328283E+02  1.028473E-08
 1.347475E+02  1.000118E-08
 1.366667E+02  9.681547E-09
 1.385859E+02  9.434470E-09
 1.405051E+02  9.169345E-09
 1.424242E+02  8.940059E-09
 1.443434E+02  8.719867E-09
 1.462626E+02  8.469127E-09
 1.481818E+02  8.244238E-09
 1.501010E+02  8.047691E-09
 1.520202E+02  7.799234E-09
 1.539394E+02  7.599379E-09
 1.558586E+02  7.438977E-09
 1.577778E+02  7.241280E-09
 1.596970E+02  7.044932E-09
 1.616162E+02  6.855759E-09
 1.635354E+02  6.701123E-09
 1.654545E+02  6.564396E-09
 1.673737E+02  6.376434E-09
 1.692929E+02  6.247213E-09
 1.712121E+02  6.088834E-09
 1.731313E+02  5.952930E-09
 1.750505E+02  5.785857E-09
 1.769697E+02  5.643759E-09
 1.788889E+02  5.530333E-09
 1.808081E+02  5.414832E-09
 1.827273E+02  5.265225E-09
 1.846465E+02  5.164883E-09
 1.865657E+02  5.040960E-09
 1.884848E+02  4.913244E-09
 1.904040E+02  4.811186E-09
 1.923232E+02  4.706312E-09
 1.942424E+02  4.600478E-09
 1.961616E+02  4.530620E-09
 1.980808E+02  4.393022E-09
 2.000000E+02  4.316682E-09
