 1.000000E+01  5.578860E-04
 1.191919E+01  4.679356E-04
 1.383838E+01  3.947162E-04
 1.575758E+01  2.921840E-04
 1.767677E+01  2.252189E-04
 1.959596E+01  1.379923E-04
 2.151515E+01  9.500770E-05
 2.343434E+01  5.494699E-05
 2.535354E+01  2.567950E-05
 2.727273E+01  8.789476E-06
 2.919192E+01  1.431237E-06
 3.111111E+01  4.289146E-09
 3.303030E+01  1.284731E-09
 3.494949E+01  1.175590E-09
 3.686869E+01  1.093350E-09
 3.878788E+01  1.020119E-09
 4.070707E+01  9.617668E-10
 4.262626E+01  8.974113E-10
 4.454545E+01  8.475247E-10
 4.646465E+01  7.974000E-10
 4.838384E+01  7.595467E-10
 5.030303E+01  7.144850E-10
 5.222222E+01  6.824097E-10
 5.414141E+01  6.484935E-10
 5.606061E+01  6.190129E-10
 5.797980E+01  5.895420E-10
 5.989899E+01  5.647263E-10
 6.181818E+01  5.390437E-10
 6.373737E+01  5.174961E-10
 6.565657E+01  4.942772E-10
 6.757576E+01  4.741950E-10
 6.949495E+01  4.532058E-10
 7.141414E+01  4.354551E-10
 7.333333E+01  4.195492E-10
 7.525253E+01  4.044736E-10
 7.717172E+01  3.891431E-10
 7.909091E+01  3.752152E-10
 8.101010E+01  3.608146E-10
 8.292929E+01  3.493945E-10
 8.484848E+01  3.351383E-10
 8.676768E+01  3.228686E-10
 8.868687E+01  3.132479E-10
 9.060606E+01  3.033132E-10
 9.252525E+01  2.922286E-10
 9.444444E+01  2.829272E-10
 9.636364E+01  2.733887E-10
 9.828283E+01  2.655009E-10
 1.002020E+02  2.561357E-10
 1.021212E+02  2.492906E-10
 1.040404E+02  2.401240E-10
 1.059596E+02  2.339770E-10
 1.078788E+02  2.268464E-10
 1.097980E+02  2.203601E-10
 1.117172E+02  2.135414E-10
 1.136364E+02  2.077351E-10
 1.155556E+02  2.014104E-10
 1.174747E+02  1.952483E-10
 1.193939E+02  1.906918E-10
 1.213131E+02  1.852169E-10
 1.232323E+02  1.801488E-10
 1.251515E+02  1.748219E-10
 1.270707E+02  1.704865E-10
 1.289899E+02  1.649915E-10
 1.309091E+02  1.610460E-10
 1.328283E+02  1.574217E-10
 1.347475E+02  1.535661E-10
 1.366667E+02  1.491456E-10
 1.385859E+02  1.449696E-10
 1.405051E+02  1.415276E-10
 1.424242E+02  1.375144E-10
 1.443434E+02  1.347119E-10
 1.462626E+02  1.315812E-10
 1.481818E+02  1.282373E-10
 1.501010E+02  1.252861E-10
 1.520202E+02  1.223718E-10
 1.539394E+02  1.198096E-10
 1.558586E+02  1.161285E-10
 1.577778E+02  1.133454E-10
 1.596970E+02  1.108167E-10
 1.616162E+02  1.080498E-10
 1.635354E+02  1.060542E-10
 1.654545E+02  1.034324E-10
 1.673737E+02  1.008390E-10
 1.692929E+02  9.874126E-11
 1.712121E+02  9.668967E-11
 1.731313E+02  9.413514E-11
 1.750505E+02  9.225137E-11
 1.769697E+02  9.041701E-11
 1.788889E+02  8.877128E-11
 1.808081E+02  8.674405E-11
 1.827273E+02  8.464546E-11
 1.846465E+02  8.278010E-11
 1.865657E+02  8.103484E-11
 1.884848E+02  7.942213E-11
 1.904040E+02  7.783879E-11
 1.923232E+02  7.630571E-11
 1.942424E+02  7.492317E-11
 1.961616E+02  7.274967E-11
 1.980808E+02  7.154562E-11
 2.000000E+02  7.028823E-11
