 1.000000E+01  4.659498E-04
 1.191919E+01  3.410204E-04
 1.383838E+01  2.721797E-04
 1.575758E+01  1.898880E-04
 1.767677E+01  1.149302E-04
 1.959596E+01  6.568459E-05
 2.151515E+01  3.024721E-05
 2.343434E+01  6.865640E-06
 2.535354E+01  1.273570E-06
 2.727273E+01  1.338217E-09
 2.919192E+01  1.202910E-09
 3.111111E+01  1.098938E-09
 3.303030E+01  1.007136E-09
 3.494949E+01  9.359451E-10
 3.686869E+01  8.682248E-10
 3.878788E+01  8.123285E-10
 4.070707E+01  7.634597E-10
 4.262626E+01  7.157192E-10
 4.454545E+01  6.731353E-10
 4.646465E+01  6.342993E-10
 4.838384E+01  5.973489E-10
 5.030303E+01  5.693926E-10
 5.222222E+01  5.365483E-10
 5.414141E+01  5.123334E-10
 5.606061E+01  4.846944E-10
 5.797980E+01  4.626850E-10
 5.989899E+01  4.412602E-10
 6.181818E+01  4.210520E-10
 6.373737E+01  4.036947E-10
 6.565657E+01  3.826769E-10
 6.757576E+01  3.679818E-10
 6.949495E+01  3.534846E-10
 7.141414E+01  3.375194E-10
 7.333333E+01  3.244616E-10
 7.525253E+01  3.120484E-10
 7.717172E+01  2.986195E-10
 7.909091E+01  2.872666E-10
 8.101010E+01  2.766385E-10
 8.292929E+01  2.652499E-10
 8.484848E+01  2.565403E-10
 8.676768E+01  2.472674E-10
 8.868687E+01  2.379481E-10
 9.060606E+01  2.298121E-10
 9.252525E+01  2.217859E-10
 9.444444E+01  2.136962E-10
 9.636364E+01  2.069111E-10
 9.828283E+01  1.998372E-10
 1.002020E+02  1.929757E-10
 1.021212E+02  1.861794E-10
 1.040404E+02  1.809166E-10
 1.059596E+02  1.748820E-10
 1.078788E+02  1.698373E-10
 1.097980E+02  1.639645E-10
 1.117172E+02  1.593601E-10
 1.136364E+02  1.537282E-10
 1.155556E+02  1.499776E-10
 1.174747E+02  1.447719E-10
 1.193939E+02  1.409549E-10
 1.213131E+02  1.365689E-10
 1.232323E+02  1.325756E-10
 1.251515E+02  1.289412E-10
 1.270707E+02  1.251579E-10
 1.289899E+02  1.213927E-10
 1.309091E+02  1.185513E-10
 1.328283E+02  1.141953E-10
 1.347475E+02  1.123656E-10
 1.366667E+02  1.088218E-10
 1.385859E+02  1.061042E-10
 1.405051E+02  1.033282E-10
 1.424242E+02  1.000379E-10
 1.443434E+02  9.755422E-11
 1.462626E+02  9.527501E-11
 1.481818E+02  9.313799E-11
 1.501010E+02  9.023773E-11
 1.520202E+02  8.804457E-11
 1.539394E+02  8.533516E-11
 1.558586E+02  8.374630E-11
 1.577778E+02  8.169790E-11
 1.596970E+02  7.951881E-11
 1.616162E+02  7.758103E-11
 1.635354E+02  7.597644E-11
 1.654545E+02  7.409699E-11
 1.673737E+02  7.206467E-11
 1.692929E+02  7.035293E-11
 1.712121E+02  6.864006E-11
 1.731313E+02  6.717302E-11
 1.750505E+02  6.548371E-11
 1.769697E+02  6.377135E-11
 1.788889E+02  6.255211E-11
 1.808081E+02  6.094187E-11
 1.827273E+02  6.000327E-11
 1.846465E+02  5.843742E-11
 1.865657E+02  5.715235E-11
 1.884848E+02  5.597960E-11
 1.904040E+02  5.465241E-11
 1.923232E+02  5.363869E-11
 1.942424E+02  5.227581E-11
 1.961616E+02  5.110475E-11
 1.980808E+02  5.002589E-11
 2.000000E+02  4.877185E-11
