 1.000000E+01  4.175311E-02
 1.191919E+01  3.091391E-02
 1.383838E+01  2.355453E-02
 1.575758E+01  1.525521E-02
 1.767677E+01  8.586186E-03
 1.959596E+01  4.465510E-03
 2.151515E+01  1.642905E-03
 2.343434E+01  3.224548E-04
 2.535354E+01  4.893575E-06
 2.727273E+01  1.222111E-07
 2.919192E+01  1.105678E-07
 3.111111E+01  1.014176E-07
 3.303030E+01  9.300538E-08
 3.494949E+01  8.646161E-08
 3.686869E+01  8.166348E-08
 3.878788E+01  7.498852E-08
 4.070707E+01  7.017784E-08
 4.262626E+01  6.595796E-08
 4.454545E+01  6.176824E-08
 4.646465E+01  5.822871E-08
 4.838384E+01  5.528800E-08
 5.030303E+01  5.225007E-08
 5.222222E+01  4.941025E-08
 5.414141E+01  4.683314E-08
 5.606061E+01  4.455788E-08
 5.797980E+01  4.216242E-08
 5.989899E+01  4.033746E-08
 6.181818E+01  3.851719E-08
 6.373737E+01  3.688486E-08
 6.565657E+01  3.513916E-08
 6.757576E+01  3.381001E-08
 6.949495E+01  3.221985E-08
 7.141414E+01  3.062417E-08
 7.333333E+01  2.950099E-08
 7.525253E+01  2.833979E-08
 7.717172E+01  2.721762E-08
 7.909091E+01  2.606733E-08
 8.101010E+01  2.503763E-08
 8.292929E+01  2.403256E-08
 8.484848E+01  2.321461E-08
 8.676768E+01  2.248059E-08
 8.868687E+01  2.157164E-08
 9.060606E+01  2.071393E-08
 9.252525E+01  2.006682E-08
 9.444444E+01  1.937383E-08
 9.636364E+01  1.870485E-08
 9.828283E+01  1.799274E-08
 1.002020E+02  1.742082E-08
 1.021212E+02  1.680698E-08
 1.040404E+02  1.624630E-08
 1.059596E+02  1.576357E-08
 1.078788E+02  1.519747E-08
 1.097980E+02  1.472047E-08
 1.117172E+02  1.427838E-08
 1.136364E+02  1.386698E-08
 1.155556E+02  1.348136E-08
 1.174747E+02  1.296944E-08
 1.193939E+02  1.263053E-08
 1.213131E+02  1.225467E-08
 1.232323E+02  1.183674E-08
 1.251515E+02  1.155309E-08
 1.270707E+02  1.119519E-08
 1.289899E+02  1.090042E-08
 1.309091E+02  1.058145E-08
 1.328283E+02  1.026767E-08
 1.347475E+02  9.962028E-09
 1.366667E+02  9.702645E-09
 1.385859E+02  9.437981E-09
 1.405051E+02  9.173852E-09
 1.424242E+02  8.911849E-09
 1.443434E+02  8.691553E-09
 1.462626E+02  8.452261E-09
 1.481818E+02  8.230884E-09
 1.501010E+02  8.007900E-09
 1.520202E+02  7.811139E-09
 1.539394E+02  7.627663E-09
 1.558586E+02  7.445413E-09
 1.577778E+02  7.236338E-09
 1.596970E+02  7.086282E-09
 1.616162E+02  6.871271E-09
 1.635354E+02  6.715294E-09
 1.654545E+02  6.481600E-09
 1.673737E+02  6.383178E-09
 1.692929E+02  6.234625E-09
 1.712121E+02  6.127015E-09
 1.731313E+02  5.905942E-09
 1.750505E+02  5.813244E-09
 1.769697E+02  5.692734E-09
 1.788889E+02  5.541044E-09
 1.808081E+02  5.395286E-09
 1.827273E+02  5.263363E-09
 1.846465E+02  5.160606E-09
 1.865657E+02  5.037690E-09
 1.884848E+02  4.900267E-09
 1.904040E+02  4.813265E-09
 1.923232E+02  4.700027E-09
 1.942424E+02  4.610735E-09
 1.961616E+02  4.504408E-09
 1.980808E+02  4.391751E-09
 2.000000E+02  4.305103E-09
