10.0 13.269000043816881
10.066889632107024 13.393765877745352
10.133779264214047 13.518531711673825
10.200668896321071 13.643297545602294
10.267558528428093 13.76806337953077
10.334448160535118 13.89282921345924
10.40133779264214 14.017595047387712
10.468227424749164 14.142670090475029
10.535117056856187 14.267780252247842
10.602006688963211 14.392890414020666
10.668896321070234 14.518000575793481
10.735785953177258 14.643110737566303
10.80267558528428 14.768220899339118
10.869565217391305 14.88890154123825
10.936454849498327 15.008446046115484
11.003344481605351 15.127990818577633
11.070234113712374 15.24754067515291
11.137123745819398 15.367090531728195
11.20401337792642 15.48664038830348
11.270903010033445 15.615801758398751
11.337792642140467 15.749203563013609
11.404682274247492 15.882605367628459
11.471571906354516 16.016007172243306
11.538461538461538 16.149408976858176
11.60535117056856 16.282810781473014
11.672240802675585 16.408777396754317
11.73913043478261 16.529617266637928
11.806020066889632 16.650457136521524
11.872909698996656 16.771297006405128
11.939799331103679 16.892136876288728
12.006688963210703 17.012977178205123
12.073578595317725 17.134664419398725
12.14046822742475 17.257230031713107
12.207357859531772 17.37979564402751
12.274247491638796 17.502361256341874
12.341137123745819 17.62492686865626
12.408026755852843 17.747492480970653
12.474916387959865 17.867492939009946
12.54180602006689 17.983443049349884
12.608695652173914 18.099393159689818
12.675585284280936 18.215343270029766
12.742474916387959 18.331293380369715
12.809364548494983 18.447243490709653
12.876254180602007 18.562642560425196
12.94314381270903 18.676664316868674
13.010033444816052 18.790686529938526
13.076923076923077 18.90471133055791
13.143812709030101 19.018736131177267
13.210702341137123 19.132760931796632
13.277591973244148 19.245475634755458
13.34448160535117 19.352365429558013
13.411371237458194 19.459255224360565
13.478260869565217 19.56614501916313
13.545150501672241 19.673034813965685
13.612040133779264 19.779924608768248
13.678929765886288 19.886392180468146
13.74581939799331 19.988109162261445
13.812709030100335 20.089826144054747
13.879598662207357 20.19154312584804
13.946488294314381 20.293260107641352
14.013377926421406 20.39497749970819
14.080267558528428 20.496696532869233
14.14715719063545 20.595148123961888
14.214046822742475 20.693531778392867
14.280936454849499 20.791915432823846
14.347826086956522 20.89029908725483
14.414715719063544 20.988682741685807
14.481605351170568 21.087066396116786
14.548494983277592 21.174865304590718
14.615384615384615 21.26118643300197
14.682274247491637 21.347507561413224
14.749163879598662 21.433828689824477
14.816053511705686 21.520149818235737
14.882943143812708 21.606470946646983
14.949832775919731 21.686944879843534
15.016722408026755 21.76572643096844
15.08361204013378 21.844509019265505
15.150501672240804 21.923291607562568
15.217391304347826 22.002074195859635
15.284280936454849 22.080856784156698
15.351170568561873 22.1554870241971
15.418060200668897 22.228104339643362
15.48494983277592 22.300721655089625
15.551839464882942 22.373338970535873
15.618729096989966 22.44595628598213
15.68561872909699 22.518573601428397
15.752508361204013 22.59072146804636
15.819397993311036 22.662517155918128
15.88628762541806 22.734312843789876
15.953177257525084 22.806108531661632
16.020066889632105 22.87790448627078
16.08695652173913 22.949701063267145
16.153846153846153 23.010442630423384
16.220735785953178 23.05868646447007
16.287625418060202 23.106930298516776
16.354515050167223 23.155174132563456
16.421404682274247 23.203417966610157
16.48829431438127 23.251661800656862
16.555183946488295 23.297461211330344
16.62207357859532 23.33905138963536
16.68896321070234 23.38064156794039
16.755852842809364 23.42223174624541
16.82274247491639 23.463821924550423
16.88963210702341 23.505412102855455
16.956521739130434 23.546329688123574
17.023411371237458 23.58538429011967
17.090301003344482 23.62443930740691
17.157190635451506 23.663494324694117
17.224080267558527 23.70254934198135
17.29096989966555 23.741604359268567
17.357859531772576 23.77786111823073
17.424749163879596 23.7997748813138
17.49163879598662 23.821688644396875
17.558528428093645 23.84360240747995
17.62541806020067 23.86551617056303
17.692307692307693 23.8874299336461
17.759197324414714 23.908643703450867
17.82608695652174 23.91912993770668
17.892976588628763 23.929616171962493
17.959866220735787 23.940102406218315
18.02675585284281 23.950588793158325
18.093645484949832 23.961075409124614
18.160535117056856 23.971562025090904
18.22742474916388 23.9680787135647
18.2943143812709 23.963999871436112
18.361204013377925 23.959921029307505
18.42809364548495 23.955842187178888
18.49498327759197 23.951763345050296
18.561872909698998 23.9476845029217
18.62876254180602 23.929982715827702
18.695652173913043 23.910010041884846
18.762541806020067 23.89003736794198
18.829431438127088 23.870064693999108
18.896321070234116 23.850092020056255
18.963210702341136 23.830119346113396
19.03010033444816 23.806071492749453
19.096989966555185 23.78070224256282
19.163879598662206 23.755332992376154
19.23076923076923 23.729963742189508
19.297658862876254 23.704594492002883
19.364548494983275 23.679225241816233
19.431438127090303 23.644764853543343
19.498327759197323 23.60547323711684
19.565217391304348 23.566181620690326
19.632107023411372 23.526890004263823
19.698996655518393 23.487598387837288
19.765886287625417 23.448306771410795
19.83277591973244 23.397935105928827
19.899665551839462 23.338534361567703
19.96655518394649 23.279133617206583
20.03344481605351 23.219732931677992
20.100334448160535 23.16033230498192
20.16722408026756 23.100931678285846
20.23411371237458 23.038180157917093
20.301003344481607 22.971316582844825
20.367892976588628 22.90445300777257
20.434782608695652 22.837589432700327
20.501672240802677 22.77072585762805
20.568561872909697 22.703862282555793
20.63545150501672 22.63051050503868
20.702341137123746 22.544949586805778
20.769230769230766 22.45938866857288
20.836120401337794 22.373827750339974
20.903010033444815 22.28826683210708
20.96989966555184 22.20270591387418
21.036789297658864 22.114082687167443
21.103678929765884 22.0160158309557
21.17056856187291 21.917948974743958
21.237458193979933 21.819882118532227
21.304347826086953 21.721815262320497
21.37123745819398 21.623748406108767
21.438127090301002 21.52349805784813
21.505016722408026 21.410149041976908
21.57190635451505 21.296800026105682
21.63879598662207 21.183451010234453
21.7056856187291 21.070101994363235
21.77257525083612 20.956752978492016
21.839464882943144 20.842849533840678
21.906354515050168 20.71594032621624
21.97324414715719 20.589031118591805
22.040133779264213 20.462121946710834
22.107023411371237 20.335212798658844
22.173913043478258 20.208303650606847
22.240802675585286 20.08139450255487
22.307692307692307 19.94080563039388
22.37458193979933 19.799324128711223
22.441471571906355 19.657842627028593
22.508361204013376 19.51636112534594
22.5752508361204 19.374879623663286
22.642140468227424 19.233398121980656
22.709030100334445 19.079398068407386
22.775919732441473 18.92295569787737
22.842809364548494 18.766513327347376
22.909698996655518 18.61007095681737
22.976588628762542 18.453628586287373
23.043478260869563 18.297186238486145
23.11036789297659 18.13441937574837
23.17725752508361 17.96936944237488
23.244147157190636 17.804319509001402
23.31103678929766 17.63926957562789
23.37792642140468 17.474219642254404
23.444816053511705 17.309169708880898
23.51170568561873 17.1372820732891
23.57859531772575 16.961423585613513
23.645484949832777 16.785565097937916
23.712374581939798 16.60970661026233
23.779264214046822 16.433848122586745
23.846153846153847 16.257989634911148
23.913043478260867 16.071737545950523
23.97993311036789 15.876291680528649
24.046822742474916 15.68084582468707
24.113712374581937 15.485399972951331
24.180602006688964 15.289954121215573
24.247491638795985 15.09450826947984
24.31438127090301 14.891984803620316
24.381270903010034 14.680026987467773
24.448160535117054 14.468069171315234
24.515050167224082 14.256111355162673
24.581939799331103 14.044153539010138
24.648829431438127 13.832195722857591
24.71571906354515 13.606252639286632
24.782608695652172 13.351460138826251
24.849498327759196 13.096667638365862
24.91638795986622 12.841875137905472
24.98327759197324 12.58708263744509
25.05016722408027 12.332290138139586
25.11705685618729 12.097468607023556
25.183946488294314 11.931632855947065
25.25083612040134 11.765797104870563
25.31772575250836 11.59996135379408
25.384615384615383 11.434125602717591
25.451505016722408 11.268289851641098
25.518394648829428 11.104159262047078
25.585284280936456 10.952242060333566
25.652173913043477 10.800324858620074
25.7190635451505 10.648407656906576
25.785953177257525 10.496490455193083
25.852842809364546 10.34457325347959
25.919732441471574 10.193385610951063
25.986622073578594 10.07728642160834
26.05351170568562 9.96118723227968
26.120401337792643 9.845088042954545
26.187290969899664 9.72898885362942
26.254180602006688 9.612889664304287
26.321070234113712 9.496790474979147
26.387959866220736 9.4619962550983
26.454849498327757 9.434428261251568
26.52173913043478 9.406860267404856
26.588628762541806 9.379292273558134
26.65551839464883 9.35172427971141
26.72240802675585 9.324156285864692
26.789297658862875 9.294218483935236
26.8561872909699 9.26374768132287
26.923076923076923 9.233276878710507
26.989966555183944 9.202806076098138
27.05685618729097 9.172335273497337
27.123745819397993 9.141864470898575
27.190635451505017 9.088402985961732
27.25752508361204 9.025743303194632
27.32441471571906 8.96308362042753
27.391304347826086 8.90042393766042
27.45819397993311 8.83776425489331
27.525083612040135 8.775104572126203
27.591973244147155 8.683932601684358
27.65886287625418 8.574703313192245
27.725752508361204 8.465474024700118
27.792642140468228 8.356244736208005
27.85953177257525 8.247015447715889
27.926421404682273 8.137786159223772
27.993311036789297 7.989679707966947
28.06020066889632 7.804259381668194
28.127090301003342 7.618839055370442
28.193979933110366 7.4334187290726765
28.26086956521739 7.247998402774916
28.327759197324415 7.062578076477153
28.394648829431436 6.790757853187541
28.46153846153846 6.393634042006469
28.528428093645484 5.9965102308254
28.59531772575251 5.5993864196443255
28.662207357859533 5.202262608463259
28.729096989966553 4.805138797282206
28.795986622073578 4.429131547523248
28.862876254180602 4.10098781615294
28.929765886287626 3.772844084782631
28.996655518394647 3.444700353412341
29.06354515050167 3.1165566220477956
29.130434782608695 2.788412890683552
29.19732441471572 2.5319607288684858
29.26421404682274 2.555016430959175
29.331103678929765 2.5780721330498655
29.39799331103679 2.6011278351405562
29.464882943143813 2.624183537231246
29.531772575250834 2.647239239321936
29.598662207357858 2.6701088522593124
29.665551839464882 2.691340007784444
29.732441471571907 2.712571163309573
29.799331103678927 2.733802318834702
29.86622073578595 2.7550334743598315
29.933110367892976 2.776264629884963
30.0 2.797495785410091
