10.0 4.344949020293291
10.133779264214047 4.42548776352494
10.267558528428093 4.5060265067565854
10.40133779264214 4.586565249988234
10.535117056856187 4.667103993219882
10.668896321070234 4.747642736451535
10.80267558528428 4.828181479683181
10.936454849498327 4.91085902313285
11.070234113712374 4.993781532549099
11.20401337792642 5.076705717309292
11.337792642140467 5.159629902069491
11.471571906354516 5.242554086829685
11.60535117056856 5.325478271589884
11.73913043478261 5.405457886180866
11.872909698996656 5.484682589139842
12.006688963210703 5.563907429186051
12.14046822742475 5.6431348738896645
12.274247491638796 5.722362318593272
12.408026755852843 5.801589763296888
12.54180602006689 5.877720942885882
12.675585284280936 5.952486103538679
12.809364548494983 6.02725126419148
12.94314381270903 6.102016424844278
13.076923076923077 6.176782789132242
13.210702341137123 6.251550043063589
13.34448160535117 6.323572510449937
13.478260869565217 6.393701794457777
13.612040133779264 6.463831078465611
13.74581939799331 6.533960362473449
13.879598662207357 6.6040896464812855
14.013377926421406 6.674219062021684
14.14715719063545 6.73901100659774
14.280936454849499 6.798242293776789
14.414715719063544 6.857473580955832
14.548494983277592 6.916704868134875
14.682274247491637 6.975936155313922
14.816053511705686 7.035167442492966
14.949832775919731 7.089933640742194
15.08361204013378 7.137650068072487
15.217391304347826 7.185366825830434
15.351170568561873 7.233083583588379
15.48494983277592 7.280800341346331
15.618729096989966 7.328517099104278
15.752508361204013 7.374271849672204
15.88628762541806 7.415120812213539
16.020066889632105 7.455969864598837
16.153846153846153 7.4968194260999415
16.287625418060202 7.537668987601044
16.421404682274247 7.578518549102145
16.555183946488295 7.61662653302946
16.68896321070234 7.64255109130479
16.82274247491639 7.6684756495801185
16.956521739130434 7.694400207855443
17.090301003344482 7.720325045337665
17.224080267558527 7.746250017252841
17.357859531772576 7.771029924481872
17.49163879598662 7.782926281033305
17.62541806020067 7.7948226375847405
17.759197324414714 7.806718994136177
17.892976588628763 7.818615350687608
18.02675585284281 7.830511756589908
18.160535117056856 7.842408359895654
18.2943143812709 7.833624566748099
18.42809364548495 7.824409175824519
18.561872909698998 7.815193784900934
18.695652173913043 7.805978393977356
18.829431438127088 7.796763003053771
18.963210702341136 7.78754761213019
19.096989966555185 7.7687762303384575
19.23076923076923 7.748671649143201
19.364548494983275 7.728567067947947
19.498327759197323 7.708462486752693
19.632107023411372 7.688357905557439
19.765886287625417 7.668253324362183
19.899665551839462 7.6285986965785915
20.03344481605351 7.583284468499401
20.16722408026756 7.5379703017323285
20.301003344481607 7.492656134965257
20.434782608695652 7.447341968198184
20.568561872909697 7.402027801431115
20.702341137123746 7.3488961277438065
20.836120401337794 7.291974778679565
20.96989966555184 7.235053429615322
21.103678929765884 7.178132122798596
21.237458193979933 7.121210828247268
21.37123745819398 7.064289533695945
21.505016722408026 6.994479152576347
21.63879598662207 6.91500237803607
21.77257525083612 6.835525603495795
21.906354515050168 6.75604882895552
22.040133779264213 6.676572066124914
22.173913043478258 6.597095330616875
22.307692307692307 6.510216904664702
22.441471571906355 6.4149708378811185
22.5752508361204 6.319724771097534
22.709030100334445 6.22447870431395
22.842809364548494 6.12923263753036
22.976588628762542 6.033986570746775
23.11036789297659 5.932203413287707
23.244147157190636 5.8191635301373354
23.37792642140468 5.706123646986959
23.51170568561873 5.593083763836586
23.645484949832777 5.480043880686211
23.779264214046822 5.367003997535839
23.913043478260867 5.248803891705392
24.046822742474916 5.116314500742157
24.180602006688964 4.983825115564884
24.31438127090301 4.8513357303876115
24.448160535117054 4.71884634521034
24.581939799331103 4.586356960033063
24.71571906354515 4.452947764483175
24.849498327759196 4.314823909008672
24.98327759197324 4.176700053534166
25.11705685618729 4.038576198932237
25.25083612040134 3.900452344454955
25.384615384615383 3.7623284899776785
25.518394648829428 3.6274180164157195
25.652173913043477 3.5417532414473323
25.785953177257525 3.4560884664789455
25.919732441471574 3.370423691510559
26.05351170568562 3.284758916542454
26.187290969899664 3.199094141574769
26.321070234113712 3.113429366607082
26.454849498327757 3.0901252625619833
26.588628762541806 3.069474493888251
26.72240802675585 3.0488237252145196
26.8561872909699 3.0281729565407858
26.989966555183944 3.0075221878670555
27.123745819397993 2.9868714191940375
27.25752508361204 2.935980982533545
27.391304347826086 2.880049722136211
27.525083612040135 2.824118461738876
27.65886287625418 2.768187201341542
27.792642140468228 2.7122559409442064
27.926421404682273 2.6563246805468728
28.06020066889632 2.498915981714517
28.193979933110366 2.308600568089322
28.327759197324415 2.118285154464122
28.46153846153846 1.9279697408389276
28.59531772575251 1.7376543272137268
28.729096989966553 1.5473389135885318
28.862876254180602 1.415773035518219
28.996655518394647 1.3154176380704694
29.130434782608695 1.2150622406231406
29.26421404682274 1.1147068431758258
29.39799331103679 1.0143514457285068
29.531772575250834 0.9139960482811914
29.665551839464882 0.8769219124784333
29.799331103678927 0.8914153735429059
29.933110367892976 0.9059088346073789
30.066889632107024 0.9204022956720533
30.20066889632107 0.9348957567369283
30.334448160535118 0.9493892178018039
30.468227424749163 0.963846711275703
30.60200668896321 0.9782600670609465
30.735785953177256 0.9926734228461891
30.869565217391305 1.007086778631433
31.00334448160535 1.0215001344166783
31.137123745819398 1.035913490202024
31.270903010033443 1.0506431164114853
31.40468227424749 1.0659680791923802
31.538461538461537 1.0812930419732738
31.672240802675585 1.096618004754169
31.80602006688963 1.111942967535063
31.93979933110368 1.1272679303159576
32.07357859531773 1.1427359641064894
32.20735785953177 1.1586451990212394
32.34113712374582 1.1745544339359892
32.474916387959865 1.1904636688507402
32.60869565217391 1.2063729037654898
32.74247491638796 1.2222821386802412
32.876254180602004 1.2382847698384563
33.01003344481605 1.2548476807329136
33.1438127090301 1.271410591627481
33.27759197324414 1.287973502522048
33.4113712374582 1.304536413416617
33.54515050167224 1.3210993243111837
33.67892976588629 1.3376520885801337
33.812709030100336 1.353966379270533
33.94648829431438 1.3702806699609313
34.080267558528426 1.386594960651478
34.214046822742475 1.402909251342121
34.347826086956516 1.419223542032764
34.48160535117057 1.4355378327234083
34.61538461538461 1.4530495362202207
34.74916387959866 1.4706393733118244
34.88294314381271 1.4882292104034287
35.01672240802675 1.5058190474950428
35.1505016722408 1.523408884586744
35.28428093645485 1.5409987216784458
35.41806020066889 1.5596706966600675
35.551839464882946 1.5785537922042912
35.68561872909699 1.5974368877485103
35.819397993311036 1.6163199832927329
35.953177257525084 1.6352030788369536
36.086956521739125 1.654086174381274
36.22073578595318 1.6724705423925794
36.35451505016722 1.6906748073026916
36.48829431438127 1.708879072212805
36.62207357859532 1.7270833371229184
36.75585284280936 1.7452876020330315
36.88963210702341 1.7634918669431445
37.02341137123746 1.7804105166945658
37.1571906354515 1.7965825724194813
37.290969899665555 1.8127546281443996
37.424749163879596 1.8289266838693157
37.558528428093645 1.8450987395942324
37.69230769230769 1.8612707953191494
37.826086956521735 1.8788726962881375
37.95986622073578 1.897739382887015
38.09364548494983 1.9166060694859766
38.22742474916387 1.9354727560849723
38.36120401337793 1.9543394426839702
38.49498327759197 1.9732061292829661
38.62876254180602 1.991330394795703
38.76254180602007 2.0084647223621483
38.89632107023411 2.0255990499285916
39.030100334448164 2.0427333774950616
39.163879598662206 2.0598677050616185
39.297658862876254 2.077002032628177
39.4314381270903 2.0938049591138266
39.565217391304344 2.109924257059907
39.69899665551839 2.1260435550059844
39.83277591973244 2.142162852952064
39.96655518394648 2.1582821508981453
40.10033444816054 2.1744014488443275
40.23411371237458 2.1900609976241188
40.36789297658863 2.204132433340039
40.50167224080268 2.218203869055959
40.63545150501672 2.232275304771879
40.76923076923077 2.2463467404877995
40.903010033444815 2.2604181762037197
41.036789297658856 2.2745343580414126
41.17056856187291 2.2889712613964406
41.30434782608695 2.303408164751467
41.438127090301 2.3178450681064944
41.57190635451505 2.3322819714615215
41.70568561872909 2.3467188748165473
41.83946488294315 2.3610975946582893
41.97324414715719 2.372688399017981
42.10702341137124 2.3842792033777127
42.240802675585286 2.3958700077374515
42.37458193979933 2.407460812097191
42.508361204013376 2.4190516164569313
42.642140468227424 2.4306424208166706
42.77591973244147 2.4389856848713327
42.909698996655514 2.447040313920533
43.04347826086956 2.455094942969763
43.17725752508361 2.463149572019055
43.31103678929766 2.4712042010683453
43.4448160535117 2.479258830117636
43.57859531772575 2.48536252771484
43.7123745819398 2.4910272166071175
43.84615384615385 2.4966919054993926
43.97993311036789 2.502356594391667
44.11371237458194 2.5080212832840703
44.247491638795985 2.5136859721764915
44.381270903010034 2.5153282592514308
44.51505016722408 2.515361838154658
44.64882943143812 2.5153954170578854
44.78260869565217 2.515428995961114
44.91638795986622 2.515462574864341
45.05016722408027 2.5154961537675833
45.18394648829431 2.51136813711015
45.31772575250836 2.5046045110097492
45.45150501672241 2.4978408849093485
45.585284280936456 2.4910772588089474
45.7190635451505 2.4843136327085475
45.852842809364546 2.477550006608146
45.986622073578594 2.4669058562253103
46.12040133779264 2.452536106881384
46.254180602006684 2.4381663575374666
46.38795986622073 2.4237966081935483
46.52173913043478 2.4094268588496264
46.65551839464883 2.3950571095057067
46.78929765886287 2.3758827638141984
46.92307692307692 2.349742589266006
47.05685618729097 2.32360241471784
47.19063545150502 2.2974622401697133
47.324414715719065 2.2713220656215887
47.45819397993311 2.245181891073465
47.591973244147155 2.2133232728131205
47.725752508361204 2.1685030349830527
47.85953177257525 2.1236827971529837
47.993311036789294 2.0788625593229155
48.12709030100334 2.034042321492922
48.26086956521739 1.9892220836629322
48.39464882943144 1.9376477885151406
48.52842809364548 1.8597289586482986
48.66220735785953 1.781810128781454
48.79598662207358 1.7038912989146082
48.929765886287626 1.6259724690477633
49.06354515050167 1.5480536391809263
49.197324414715716 1.453446440010174
49.331103678929765 1.2120231456245656
49.46488294314381 0.9705998512389572
49.598662207357854 0.729176556853362
49.7324414715719 0.4877532624677536
49.86622073578595 0.24632996808214525
50.0 0.004906673696536908
