10.0 0.6803649466900005
10.635451505016722 0.7449243044304359
11.270903010033445 0.8094841564523751
11.906354515050168 0.8740446736185634
12.54180602006689 0.9467015022561072
13.177257525083611 1.0195258827249214
13.812709030100335 1.0923513940633056
14.448160535117058 1.1662263984541164
15.08361204013378 1.240146207107469
15.719063545150501 1.3140672711337427
16.354515050167223 1.3884481068959709
16.989966555183948 1.4628593369931717
17.62541806020067 1.5372718687464637
18.26086956521739 1.6050141434164262
18.896321070234116 1.672170681747006
19.531772575250837 1.7393282090184836
20.16722408026756 1.8026695555719365
20.80267558528428 1.865582759959413
21.438127090301002 1.9284964842776389
22.073578595317727 1.9793849037626317
22.70903010033445 2.028615201993405
23.34448160535117 2.077845747826917
23.979933110367895 2.11189816236768
24.615384615384617 2.143451073977648
25.25083612040134 2.1750041065980334
25.88628762541806 2.1907205623121904
26.52173913043478 2.203384157017466
27.157190635451506 2.2160478224295095
27.792642140468228 2.2095386542015167
28.42809364548495 2.1987687922096266
29.063545150501675 2.1879989754103946
29.698996655518396 2.157507545556645
30.334448160535118 2.1220232741011937
30.96989966555184 2.0865390243863033
31.60535117056856 2.030425780647166
32.240802675585286 1.9684186012997733
32.876254180602004 1.9064114405159236
33.51170568561873 1.8270408706881076
34.147157190635454 1.7421141566415528
34.78260869565217 1.6571874554352728
35.4180602006689 1.5522097952949863
36.05351170568562 1.4400909865206954
36.68896321070234 1.327972182467043
37.324414715719065 1.2146582757602051
37.95986622073579 1.1008730498824126
38.59531772575251 0.9870878240326321
39.23076923076923 0.926616428059684
39.86622073578596 0.8893251674714122
40.50167224080268 0.8520339068834257
41.137123745819395 0.7914569587026287
41.77257525083612 0.7197585446601114
42.408026755852845 0.6480601306179058
43.04347826086956 0.5425939557571294
43.67892976588629 0.4194649682101484
44.31438127090301 0.2963359806633329
44.94983277591973 0.2595270465661731
45.585284280936456 0.27204233257439037
46.22073578595318 0.28455761858275697
46.8561872909699 0.29795406292606663
47.491638795986624 0.3118994384891019
48.12709030100335 0.32584481405218785
48.76254180602007 0.34011196680652206
49.39799331103679 0.35459727589320383
50.03344481605351 0.36908258498002805
50.668896321070235 0.3840954169319945
51.30434782608696 0.3994969491834374
51.93979933110368 0.41489848143488633
52.575250836120404 0.4305831320127342
53.21070234113712 0.4464942740435114
53.84615384615385 0.46240541607419
54.48160535117057 0.4783872352891021
55.11705685618729 0.4944303953584889
55.752508361204015 0.5104735554278504
56.38795986622074 0.5259289427819275
57.02341137123746 0.5408311185555866
57.65886287625418 0.5557332943292137
58.29431438127091 0.571055039322023
58.929765886287626 0.5868049216161405
59.56521739130435 0.602554803910342
60.20066889632107 0.6170082128131792
60.836120401337794 0.6300272247091273
61.47157190635452 0.6430462366051123
62.10702341137124 0.654825680284488
62.74247491638796 0.6651176592698971
63.37792642140468 0.6754096382553972
64.01337792642141 0.6842410508608237
64.64882943143813 0.6911703760398796
65.28428093645485 0.6980997012189747
65.91973244147158 0.7030394219543289
66.5551839464883 0.7051645010141947
67.19063545150502 0.7072895800740957
67.82608695652175 0.7057830751847557
68.46153846153847 0.6986894287896873
69.09698996655518 0.6915957823946428
69.73244147157192 0.6788570815259714
70.36789297658862 0.6566590680670592
71.00334448160535 0.6344610546081925
71.63879598662209 0.603140981021029
72.27424749163879 0.5551407313318328
72.90969899665552 0.5071404816426951
73.54515050167224 0.42270183539801875
74.18060200668897 0.2653881162910121
74.81605351170569 0.1080743971840466
75.45150501672241 1.8167491320920347e-05
76.08695652173913 1.4377526250560816e-05
76.72240802675586 1.0587561248150404e-05
77.35785953177258 7.748047212576094e-06
77.9933110367893 7.202774431718693e-06
78.62876254180603 6.657501688085911e-06
79.26421404682274 6.1893139607449596e-06
79.89966555183946 5.926687748695675e-06
80.5351170568562 5.664061627591671e-06
81.17056856187291 5.424848234779708e-06
81.80602006688963 5.2549358851136675e-06
82.44147157190636 5.085023591485816e-06
83.07692307692308 4.926370533618646e-06
83.7123745819398 4.804920896950988e-06
84.34782608695653 4.683471251804371e-06
84.98327759197325 4.568819990761174e-06
85.61872909698997 4.4794187988461195e-06
86.2541806020067 4.390017602933935e-06
86.88963210702342 4.303386499082136e-06
87.52508361204013 4.2284194553175586e-06
88.16053511705685 4.153452424810545e-06
88.79598662207358 4.0806728551943924e-06
89.4314381270903 4.018444863057656e-06
90.06688963210702 3.9562168956594434e-06
90.70234113712375 3.895317736077769e-06
91.33779264214047 3.841859535504804e-06
91.97324414715719 3.7884013201286344e-06
92.60869565217392 3.735775462846036e-06
93.24414715719064 3.6886553272020997e-06
93.87959866220736 3.6415352123117742e-06
94.51505016722409 3.5950356609332813e-06
95.15050167224081 3.5535003910801697e-06
95.78595317725753 3.5119651621632246e-06
96.42140468227424 3.470828012815958e-06
97.05685618729098 3.433671786374293e-06
97.6923076923077 3.396515598007845e-06
98.32775919732441 3.359545121668449e-06
98.96321070234114 3.3250156738980624e-06
99.59866220735786 3.2904862950380017e-06
100.23411371237458 3.2561336692509345e-06
100.86956521739131 3.225101913092156e-06
101.50501672240803 3.194070215285384e-06
102.14046822742475 3.1630817279885816e-06
102.77591973244148 3.1334747311628964e-06
103.4113712374582 3.1038677578843073e-06
104.04682274247492 3.074291717039683e-06
104.68227424749165 3.0477436865868273e-06
105.31772575250837 3.0211956571127915e-06
105.95317725752508 2.9946476286175705e-06
106.58862876254182 2.9681466465084836e-06
107.22408026755853 2.9416461550794413e-06
107.85953177257525 2.915145677657053e-06
108.49498327759197 2.891992466604124e-06
109.1304347826087 2.868943930287667e-06
109.76588628762542 2.8458954174123695e-06
110.40133779264214 2.8234864982233534e-06
111.03678929765887 2.801111623438184e-06
111.67224080267559 2.778736756661743e-06
112.3076923076923 2.757235535925888e-06
112.94314381270904 2.7358008622624257e-06
113.57859531772576 2.7143661536470046e-06
114.21404682274247 2.6932307927953104e-06
114.8494983277592 2.672125414512226e-06
115.48494983277592 2.651020032819365e-06
116.12040133779264 2.6318345742566508e-06
116.75585284280936 2.6128893052137675e-06
117.3913043478261 2.593944029044881e-06
118.02675585284281 2.5761230748573463e-06
118.66220735785953 2.558471993609362e-06
119.29765886287626 2.540820931671013e-06
119.93311036789298 2.523252977796561e-06
120.5685618729097 2.5056998095450505e-06
121.20401337792643 2.488146647526719e-06
121.83946488294315 2.4716467770762325e-06
122.47491638795987 2.455365227643373e-06
123.1103678929766 2.439083685860134e-06
123.74581939799332 2.4226838604431236e-06
124.38127090301003 2.4062559475384696e-06
125.01672240802677 2.3898280317662935e-06
125.65217391304348 2.3741198759129377e-06
126.2876254180602 2.3586054456406507e-06
126.92307692307693 2.3430910026994246e-06
127.55852842809365 2.3282723430522886e-06
128.19397993311037 2.3136642389576716e-06
128.82943143812707 2.2990561448185035e-06
129.46488294314383 2.284803931691525e-06
130.10033444816054 2.2706719529742772e-06
130.73578595317724 2.256539991228267e-06
131.371237458194 2.2419220033391867e-06
132.0066889632107 2.2271217424993676e-06
132.6421404682274 2.2123214976425015e-06
133.27759197324417 2.1997221769116233e-06
133.91304347826087 2.188034787443067e-06
134.54849498327758 2.1763474036096955e-06
135.18394648829434 2.1635765710140694e-06
135.81939799331104 2.150311722083277e-06
136.45484949832775 2.1370468835303777e-06
137.09030100334448 2.1244289922874403e-06
137.7257525083612 2.1121346613716873e-06
138.36120401337794 2.0998403275584277e-06
138.99665551839465 2.087530085960207e-06
139.63210702341138 2.0752111532592587e-06
140.2675585284281 2.0628922310639167e-06
140.90301003344482 2.0509817657688312e-06
141.53846153846155 2.0393151256892077e-06
142.17391304347825 2.0276484837339503e-06
142.80936454849498 2.0166356663852364e-06
143.44481605351172 2.006047740137655e-06
144.08026755852842 1.995459820426858e-06
144.71571906354515 1.9843113139461524e-06
145.35117056856188 1.972766652838039e-06
145.9866220735786 1.961222007950769e-06
146.62207357859532 1.9502544393109117e-06
147.25752508361205 1.9397299232248077e-06
147.89297658862876 1.9292054151413714e-06
148.5284280936455 1.918794669993877e-06
149.16387959866222 1.908478720340172e-06
149.79933110367892 1.898162776197492e-06
150.43478260869566 1.8879845968874538e-06
151.0702341137124 1.8779309231979176e-06
151.7056856187291 1.8678772527964206e-06
152.34113712374582 1.857940670267824e-06
152.97658862876256 1.8481188330917285e-06
153.61204013377926 1.838297019699637e-06
154.247491638796 1.8287149108101057e-06
154.88294314381272 1.8193874952531076e-06
155.51839464882943 1.81006009365259e-06
156.15384615384616 1.80072900186511e-06
156.7892976588629 1.7913936508136592e-06
157.4247491638796 1.7820583112166322e-06
158.06020066889633 1.7725765414891119e-06
158.69565217391306 1.7629116917647181e-06
159.33110367892976 1.753246851458172e-06
159.9665551839465 1.7441577617370446e-06
160.60200668896323 1.7358501938959995e-06
161.23745819397993 1.7275426214783003e-06
161.87290969899666 1.7192513253789582e-06
162.5083612040134 1.7109840745530605e-06
163.1438127090301 1.7027168299143775e-06
163.77926421404683 1.6941927551834575e-06
164.41471571906354 1.6852562629052336e-06
165.05016722408027 1.6763197682279618e-06
165.685618729097 1.6678794719947323e-06
166.3210702341137 1.6603072799009862e-06
166.95652173913044 1.6527350981961266e-06
167.59197324414717 1.6448575567556365e-06
168.22742474916387 1.6363963975346898e-06
168.8628762541806 1.6279352446770814e-06
169.49832775919734 1.6196800453683554e-06
170.13377926421404 1.6118559749435133e-06
170.76923076923077 1.6040319066566995e-06
171.4046822742475 1.5964257491213017e-06
172.0401337792642 1.5893207129786258e-06
172.67558528428094 1.582215700022682e-06
173.31103678929767 1.5748755593034622e-06
173.94648829431438 1.5669392692938116e-06
174.5819397993311 1.5590029878497898e-06
175.21739130434784 1.5512851821609889e-06
175.85284280936455 1.5441807628514882e-06
176.48829431438128 1.5370763389534364e-06
177.123745819398 1.5300077199096436e-06
177.7591973244147 1.5230510034883127e-06
178.39464882943145 1.516094279819374e-06
179.03010033444818 1.5091705900187816e-06
179.66555183946488 1.5023625495746007e-06
180.30100334448161 1.4955545141035668e-06
180.93645484949835 1.488672065271169e-06
181.57190635451505 1.4814955983874486e-06
182.20735785953178 1.4743191335487036e-06
182.8428093645485 1.467299492877905e-06
183.47826086956522 1.4609857397634106e-06
184.11371237458195 1.4546719882767494e-06
184.74916387959865 1.448342636830506e-06
185.3846153846154 1.4419323090847229e-06
186.02006688963212 1.4355219808747595e-06
186.65551839464882 1.4291387067310572e-06
187.29096989966555 1.422919695869744e-06
187.9264214046823 1.4167006773436114e-06
188.561872909699 1.4104549471907718e-06
189.19732441471572 1.4040156049667954e-06
189.83277591973246 1.397576260726867e-06
190.46822742474916 1.3911237375759156e-06
191.1036789297659 1.3845539470611644e-06
191.73913043478262 1.377984160101738e-06
192.37458193979933 1.3715096903283152e-06
193.01003344481606 1.3661187947517768e-06
193.6454849498328 1.3607279122271522e-06
194.2809364548495 1.355299992910455e-06
194.91638795986623 1.3492984000758815e-06
195.55183946488296 1.3432968098252423e-06
196.18729096989966 1.3373239860795723e-06
196.8227424749164 1.3320338845024602e-06
197.45819397993313 1.3267437859898413e-06
198.09364548494983 1.321441998216788e-06
198.72909698996656 1.3155735380162248e-06
199.3645484949833 1.3097050706929313e-06
200.0 1.3038365980766007e-06
