10.0 1.8482928729
10.234113712374581 1.9069136344046027
10.468227424749164 1.9655343959092058
10.702341137123746 2.024155157413809
10.936454849498327 2.083907759117701
11.17056856187291 2.1436836941721267
11.404682274247492 2.2034596292265514
11.638795986622073 2.2646093690521885
11.872909698996656 2.3258367414204693
12.107023411371237 2.3870641137887487
12.34113712374582 2.450624776797721
12.575250836120402 2.514335950730071
12.809364548494983 2.5780471246624193
13.043478260869566 2.6413376944854683
13.277591973244148 2.704750623468967
13.511705685618729 2.768163552452463
13.745819397993312 2.8341736176082053
13.979933110367893 2.900475447289968
14.214046822742475 2.966777276971731
14.448160535117058 3.033386410055815
14.68227424749164 3.100055599713808
14.91638795986622 3.1667247893718007
15.150501672240804 3.229731354941028
15.384615384615385 3.2921347698164167
15.618729096989966 3.354538184691805
15.85284280936455 3.4176195073845883
16.086956521739133 3.4811858186475555
16.321070234113712 3.5447521299105214
16.555183946488295 3.6109666465569576
16.78929765886288 3.6777697147356103
17.023411371237458 3.744572782914264
17.25752508361204 3.8046460229590466
17.491638795986624 3.863325010439372
17.725752508361204 3.922003997919697
17.959866220735787 3.9790038222070447
18.19397993311037 4.0355238592341065
18.42809364548495 4.0920438962611625
18.662207357859533 4.1519509969528565
18.896321070234116 4.213496504621103
19.130434782608695 4.275042012289358
19.36454849498328 4.326914684459973
19.59866220735786 4.375342175732614
19.83277591973244 4.423769667005255
20.066889632107024 4.474344188927945
20.301003344481607 4.5262188124757445
20.535117056856187 4.578093436023544
20.76923076923077 4.621650402667372
21.003344481605353 4.661591041070485
21.237458193979933 4.701531679473598
21.471571906354516 4.740158850529368
21.7056856187291 4.778557942366083
21.93979933110368 4.816957034202799
22.17391304347826 4.85164019522546
22.408026755852845 4.884379712974509
22.642140468227424 4.91711923072356
22.876254180602007 4.946564593864905
23.11036789297659 4.974461684112488
23.34448160535117 5.002358774360072
23.578595317725753 5.0250196558816524
23.812709030100336 5.044418839203237
24.046822742474916 5.06381802252482
24.2809364548495 5.078307185699339
24.515050167224082 5.0901089202671175
24.74916387959866 5.101923999980332
24.983277591973245 5.108508467249745
25.217391304347828 5.111239125800201
25.451505016722408 5.113969784350654
25.68561872909699 5.1151852118412044
25.919732441471574 5.115059446920735
26.153846153846153 5.114915690885487
26.387959866220736 5.107488026847987
26.62207357859532 5.093738074664735
26.8561872909699 5.079988122481485
27.090301003344482 5.064029923575845
27.324414715719065 5.046047464062701
27.558528428093645 5.028080694242117
27.792642140468228 5.004125337165996
28.02675585284281 4.9740589341755435
28.26086956521739 4.943992531185091
28.494983277591974 4.907631655904453
28.729096989966557 4.8643542181232595
28.963210702341136 4.8210999214920305
29.19732441471572 4.7791050735548595
29.431438127090303 4.7386215877211955
29.665551839464882 4.698138101887533
29.899665551839465 4.650627157436119
30.13377926421405 4.5939297439604845
30.367892976588628 4.537206532172305
30.60200668896321 4.476232759544116
30.836120401337794 4.409246051873709
31.070234113712374 4.342259344203304
31.304347826086957 4.275184357023521
31.53846153846154 4.207975041249346
31.77257525083612 4.140767401970871
32.006688963210706 4.073494881271302
32.240802675585286 4.006113644160366
32.474916387959865 3.938732407049429
32.709030100334445 3.8759438587167776
32.94314381270903 3.8216069158677537
33.17725752508362 3.7673628961409134
33.4113712374582 3.71166808222712
33.64548494983278 3.6530718658403925
33.87959866220736 3.594475649453665
34.11371237458194 3.5324408735669075
34.34782608695652 3.4628779619016083
34.58193979933111 3.393353554625333
34.81605351170569 3.317002643885403
35.05016722408027 3.2241755793279845
35.28428093645485 3.131348514770568
35.51839464882943 3.0205660185626475
35.752508361204015 2.861921371567823
35.9866220735786 2.7033981395490296
36.22073578595318 2.5674419322147073
36.45484949832776 2.498289920436703
36.68896321070234 2.4291379086586984
36.92307692307692 2.353799009402063
37.15719063545151 2.2580237573272224
37.39130434782609 2.1623835994001563
37.62541806020067 2.075658734732941
37.85953177257525 2.022049868272697
38.09364548494983 1.9684410018124527
38.32775919732441 1.9150096368407914
38.561872909699 1.8623256819062108
38.795986622073585 1.8098136627000336
39.030100334448164 1.7614021863284786
39.264214046822744 1.7327351014305306
39.49832775919732 1.7040680165325817
39.7324414715719 1.6792189842428211
39.96655518394649 1.6757512618334702
40.200668896321076 1.672405033032403
40.434782608695656 1.6675569987145382
40.668896321070235 1.6526401411316183
40.903010033444815 1.637723283548697
41.137123745819395 1.6211093954465716
41.37123745819398 1.5909199155499552
41.60535117056857 1.560731401994454
41.83946488294315 1.528005859383139
42.07357859531773 1.469909276411081
42.30769230769231 1.4118126934390232
42.54180602006689 1.346887981767052
42.77591973244147 1.1922368795295766
43.01003344481605 1.0375869662039372
43.24414715719064 0.8873906928432842
43.47826086956522 0.820886880754108
43.7123745819398 0.7543830686649323
43.946488294314385 0.6902682910449401
44.180602006688964 0.7025588630430372
44.414715719063544 0.7148512773728196
44.64882943143813 0.7271519385153571
44.88294314381271 0.7401123749776211
45.11705685618729 0.7530728114398851
45.35117056856188 0.7660332479021494
45.585284280936456 0.7784979439364108
45.819397993311036 0.7909592066683033
46.05351170568562 0.8034224765255084
46.2876254180602 0.8171420911181185
46.52173913043478 0.8309009889663258
46.75585284280937 0.844659886814534
46.98996655518395 0.8566112845558105
47.22408026755853 0.8684686559575476
47.458193979933114 0.8803300651570445
47.69230769230769 0.8937067089506301
47.92642140468227 0.907198661258842
48.16053511705686 0.9206906135670547
48.39464882943144 0.9345925772329682
48.62876254180602 0.9485373828756506
48.862876254180605 0.9624878527516667
49.096989966555185 0.974259061173514
49.331103678929765 0.9857578488233587
49.56521739130435 0.9972566364732037
49.79933110367893 1.0118957078607538
50.03344481605351 1.0270101105280975
50.2675585284281 1.0421282934623837
50.50167224080268 1.0567542415174114
50.735785953177256 1.0712922913718557
50.96989966555184 1.0858303412263015
51.20401337792642 1.0987026050521678
51.438127090301 1.111229533497206
51.67224080267559 1.123756462578871
51.90635451505017 1.1366718931737683
52.14046822742475 1.1496795885142466
52.374581939799334 1.1626872838547238
52.608695652173914 1.175249929393113
52.84280936454849 1.1876927612548587
53.07692307692308 1.2001355931483124
53.31103678929766 1.2129030215024357
53.54515050167224 1.2257686756285437
53.779264214046826 1.2386343297546527
54.013377926421406 1.2511344226911187
54.247491638795985 1.263511025952698
54.48160535117057 1.2758876295521455
54.71571906354515 1.287613451736934
54.94983277591973 1.2990952547544885
55.18394648829432 1.3105770577720428
55.4180602006689 1.321686276801832
55.652173913043484 1.332641124495256
55.88628762541806 1.3435959717532893
56.12040133779264 1.351794276397551
56.35451505016723 1.3587358211423088
56.58862876254181 1.3656773658870673
56.82274247491639 1.3738938515573815
57.056856187290975 1.3827478485349887
57.290969899665555 1.3916018458866177
57.525083612040135 1.3999922328966896
57.75919732441472 1.4081290704378036
57.9933110367893 1.4162659079789162
58.22742474916388 1.4211057854938285
58.46153846153847 1.4239780534354554
58.69565217391305 1.4268503214382902
58.929765886287626 1.428911496302475
59.16387959866221 1.4304454491583065
59.39799331103679 1.4319794020141383
59.63210702341137 1.4305637068888513
59.86622073578596 1.427062897237576
60.10033444816054 1.423562087600719
60.33444816053512 1.418576993165588
60.568561872909704 1.4124521840342459
60.802675585284284 1.4063273749029037
61.03678929765886 1.3953833422999995
61.27090301003345 1.380423353035527
61.50501672240803 1.3654633637880194
61.73913043478261 1.3377144989512446
61.973244147157196 1.2984067780682287
62.207357859531776 1.2590990571852128
62.441471571906355 1.2223368763678804
62.67558528428094 1.1880692257847345
62.90969899665552 1.1538015752203976
63.1438127090301 1.13976672331328
63.37792642140469 1.1472281058942788
63.61204013377927 1.1546894884752774
63.84615384615385 1.1612673021007376
64.08026755852843 1.1668271559563446
64.31438127090301 1.1723870098385054
64.54849498327759 1.1768793204467607
64.78260869565219 1.1800373043189563
65.01672240802677 1.183195288191152
65.25083612040135 1.1863951481976622
65.48494983277592 1.1896518449195417
65.7190635451505 1.192908541642551
65.95317725752508 1.1957187022915226
66.18729096989966 1.1978701737621182
66.42140468227424 1.2000216452327133
66.65551839464882 1.2021366430158114
66.88963210702342 1.2041930873003839
67.123745819398 1.206249531584956
67.35785953177258 1.2062983469192015
67.59197324414717 1.2028336345949533
67.82608695652175 1.1993689222707054
68.06020066889633 1.1959568594413472
68.29431438127091 1.1926454539100961
68.52842809364549 1.1893340483788453
68.76254180602007 1.1855483207926238
68.99665551839465 1.1807694558626949
69.23076923076923 1.1759905909327677
69.4648829431438 1.1693791325992826
69.6989966555184 1.1585526577737468
69.93311036789298 1.1477261829482137
70.16722408026756 1.1359020059391596
70.40133779264215 1.121547946591916
70.63545150501673 1.1071938872446743
70.86956521739131 1.0926993051982223
71.10367892976589 1.077810185682362
71.33779264214047 1.0629210661665023
71.57190635451505 1.0455333498399402
71.80602006688963 1.0203377934158193
72.04013377926421 0.9951422369916999
72.27424749163879 0.9684329102510927
72.50836120401338 0.9364256783586328
72.74247491638796 0.9044184464661746
72.97658862876254 0.8698381757385051
73.21070234113714 0.8250951904639706
73.44481605351172 0.7803522051894388
73.6789297658863 0.7312629183907532
73.91304347826087 0.6626173166997538
74.14715719063545 0.5939717150087541
74.38127090301003 0.5077169064762596
74.61538461538461 0.33012684337738263
74.8494983277592 0.152536780278495
75.08361204013379 5.4805218201861535e-05
75.31772575250837 4.1340950809571735e-05
75.55183946488295 2.787668341728192e-05
75.78595317725753 1.5967373558782707e-05
76.0200668896321 1.5333659897322567e-05
76.2541806020067 1.4699946235862384e-05
76.48829431438128 1.4112918372966016e-05
76.72240802675586 1.3941463224934945e-05
76.95652173913044 1.3770008076903877e-05
77.19063545150502 1.3608511812795136e-05
77.4247491638796 1.3559881420903879e-05
77.65886287625419 1.351125102901261e-05
77.89297658862877 1.3463730269640697e-05
78.12709030100335 1.3433411551913952e-05
78.36120401337793 1.3403092834187212e-05
78.59531772575251 1.3373310735465862e-05
78.82943143812709 1.3356467149804883e-05
79.06354515050168 1.3339623564143909e-05
79.29765886287626 1.3322832230254156e-05
79.53177257525084 1.3308575494002773e-05
79.76588628762542 1.3294318757751389e-05
80.0 1.3280062021499998e-05
