10.0 2.2427541016514003
10.133779264214047 2.284640574106982
10.267558528428093 2.326527046562564
10.40133779264214 2.3684135190181457
10.535117056856187 2.413522823466936
10.668896321070234 2.4586985679208198
10.80267558528428 2.5038743123747014
10.936454849498327 2.549817929498252
11.070234113712374 2.595940909252895
11.20401337792642 2.6420646263631156
11.337792642140467 2.6906428563944127
11.471571906354516 2.7393794168967442
11.60535117056856 2.788115977399073
11.73913043478261 2.833378440034594
11.872909698996656 2.878213586829849
12.006688963210703 2.92304882040557
12.14046822742475 2.975391606747325
12.274247491638796 3.0285776128355026
12.408026755852843 3.0817636189236794
12.54180602006689 3.126148237042835
12.675585284280936 3.1694153207020057
12.809364548494983 3.212682404361177
12.94314381270903 3.262587419257232
13.076923076923077 3.313586658509254
13.210702341137123 3.364586717013647
13.34448160535117 3.4161359816626775
13.478260869565217 3.4676792803312226
13.612040133779264 3.519222578999771
13.74581939799331 3.568319958872676
13.879598662207357 3.616873900548521
14.013377926421406 3.6654280217799897
14.14715719063545 3.714664813009792
14.280936454849499 3.7644001962535136
14.414715719063544 3.8141355794972336
14.548494983277592 3.867301295555321
14.682274247491637 3.9214469183229927
14.816053511705686 3.975592541090669
14.949832775919731 4.0277085951155795
15.08361204013378 4.078976978657983
15.217391304347826 4.1302459596217656
15.351170568561873 4.177840265114457
15.48494983277592 4.224125542233918
15.618729096989966 4.270410819353379
15.752508361204013 4.322369906462401
15.88628762541806 4.376982327226299
16.020066889632105 4.431594980641284
16.153846153846153 4.484544831060325
16.287625418060202 4.536771049574142
16.421404682274247 4.588997268087952
16.555183946488295 4.64419488544293
16.68896321070234 4.700480989823365
16.82274247491639 4.7567670942038
16.956521739130434 4.8062606774317445
17.090301003344482 4.85220179047802
17.224080267558527 4.898143341534776
17.357859531772576 4.945777701698347
17.49163879598662 4.995086043703875
17.62541806020067 5.044394385709405
17.759197324414714 5.0929857442296775
17.892976588628763 5.141130424502982
18.02675585284281 5.18927533945986
18.160535117056856 5.24124170426615
18.2943143812709 5.296182982403875
18.42809364548495 5.351132286728554
18.561872909698998 5.403248873576203
18.695652173913043 5.453278098131304
18.829431438127088 5.503307322686405
18.963210702341136 5.546937147384037
19.096989966555185 5.585753119324796
19.23076923076923 5.624611922745616
19.364548494983275 5.669453692412305
19.498327759197323 5.719488335570834
19.632107023411372 5.76952297872937
19.765886287625417 5.815601515862206
19.899665551839462 5.858019486286758
20.03344481605351 5.90045583442717
20.16722408026756 5.944754828410499
20.301003344481607 5.990953925132204
20.434782608695652 6.037153021853909
20.568561872909697 6.0794565570802535
20.702341137123746 6.117517692301716
20.836120401337794 6.155611557915827
20.96989966555184 6.196399797106556
21.103678929765884 6.240421635615168
21.237458193979933 6.284443601761942
21.37123745819398 6.325872284571163
21.505016722408026 6.364183969729366
21.63879598662207 6.40269077137006
21.77257525083612 6.439766550438877
21.906354515050168 6.474818063206222
22.040133779264213 6.509869697975716
22.173913043478258 6.543901986228355
22.307692307692307 6.576445947247822
22.441471571906355 6.609080610819933
22.5752508361204 6.641934123958019
22.709030100334445 6.675154328416671
22.842809364548494 6.708374532875325
22.976588628762542 6.741503537280212
23.11036789297659 6.774517732962015
23.244147157190636 6.807620975085394
23.37792642140468 6.840572243456816
23.51170568561873 6.873219598401899
23.645484949832777 6.905866953346981
23.779264214046822 6.934172770991139
23.913043478260867 6.952972651743414
24.046822742474916 6.971817475427697
24.180602006688964 6.991759630538644
24.31438127090301 7.014349727878385
24.448160535117054 7.03693982521813
24.581939799331103 7.058373286050797
24.71571906354515 7.076753124037116
24.849498327759196 7.095287823786799
24.98327759197324 7.113490516035199
25.11705685618729 7.130710829829983
25.25083612040134 7.147931168075395
25.384615384615383 7.165163142597724
25.518394648829428 7.182432287421765
25.652173913043477 7.19968170115047
25.785953177257525 7.215970974538189
25.919732441471574 7.228693335579305
26.05351170568562 7.241415752945601
26.187290969899664 7.252272731871255
26.321070234113712 7.255273424003518
26.454849498327757 7.258285751205521
26.588628762541806 7.262396576267491
26.72240802675585 7.271804606253961
26.8561872909699 7.281212636240442
26.989966555183944 7.289332287345676
27.123745819397993 7.290235839001389
27.25752508361204 7.291256377709741
27.391304347826086 7.292470738329748
27.525083612040135 7.294838504094583
27.65886287625418 7.297206269859417
27.792642140468228 7.298350395622833
27.926421404682273 7.289703754721083
28.06020066889632 7.280979360170638
28.193979933110366 7.272546114743167
28.327759197324415 7.267276735832132
28.46153846153846 7.2620073569210914
28.59531772575251 7.256103713015166
28.729096989966553 7.241862673627451
28.862876254180602 7.227657756547083
28.996655518394647 7.2135743753166475
29.130434782608695 7.20141544731236
29.26421404682274 7.189256520471237
29.39799331103679 7.1768205802576945
29.531772575250834 7.155518845277107
29.665551839464882 7.1341665726814245
29.799331103678927 7.112744028569105
29.933110367892976 7.088470365550584
30.066889632107024 7.064196718652756
30.20066889632107 7.039923087875622
30.334448160535118 7.010282288359722
30.468227424749163 6.980635170932724
30.60200668896321 6.951047497769445
30.735785953177256 6.9230792478381105
30.869565217391305 6.895161597080638
31.00334448160535 6.86724394694359
31.137123745819398 6.830972632842401
31.270903010033443 6.794209436400338
31.40468227424749 6.757356625823665
31.538461538461537 6.720205165397399
31.672240802675585 6.683030985268588
31.80602006688963 6.645856805139777
31.93979933110368 6.60814463315253
32.07357859531773 6.570406647626159
32.20735785953177 6.532754910368376
32.34113712374582 6.485835089645258
32.474916387959865 6.437756953332308
32.60869565217391 6.389678817019358
32.74247491638796 6.339585443183662
32.876254180602004 6.289187089640185
33.01003344481605 6.238786318492591
33.1438127090301 6.183476342620138
33.27759197324414 6.127289874852618
33.4113712374582 6.071103407085095
33.54515050167224 6.017713695014669
33.67892976588629 5.964900350378298
33.812709030100336 5.912008433200309
33.94648829431438 5.853509381568248
34.080267558528426 5.793678888809645
34.214046822742475 5.733848400679876
34.347826086956516 5.668178028186315
34.48160535117057 5.600935677460737
34.61538461538461 5.533790866730561
34.74916387959866 5.468874715733624
34.88294314381271 5.404630970431085
35.01672240802675 5.340387226040347
35.1505016722408 5.2690146707286045
35.28428093645485 5.195233259110047
35.41806020066889 5.121487705888032
35.551839464882946 5.047398026080836
35.68561872909699 4.9731766528141295
35.819397993311036 4.898955279547414
35.953177257525084 4.823452937674311
36.086956521739125 4.747419831809846
36.22073578595318 4.671391441154719
36.35451505016722 4.590567577267552
36.48829431438127 4.507556481622713
36.62207357859532 4.424545385977883
36.75585284280936 4.339442320946329
36.88963210702341 4.253293153935997
37.02341137123746 4.167203746793482
37.1571906354515 4.067562346857877
37.290969899665555 3.9604900097146656
37.424749163879596 3.8534176725714664
37.558528428093645 3.7605473692274094
37.69230769230769 3.6761531566948658
37.826086956521735 3.5917843013749597
37.95986622073578 3.520095109051897
38.09364548494983 3.456633664590547
38.22742474916387 3.393172220135493
38.36120401337793 3.329014608810137
38.49498327759197 3.2643648534894747
38.62876254180602 3.1997434255009876
38.76254180602007 3.14330260423671
38.89632107023411 3.093114567023984
39.030100334448164 3.0429265298114974
39.163879598662206 2.9955727664245986
39.297658862876254 2.9505809626280484
39.4314381270903 2.905616858474269
39.565217391304344 2.8757644710547963
39.69899665551839 2.859519310897747
39.83277591973244 2.843274150740697
39.96655518394648 2.8317124346900893
40.10033444816054 2.8247405077278276
40.23411371237458 2.8177777851892913
40.36789297658863 2.80765065352362
40.50167224080268 2.794127585907978
40.63545150501672 2.780604518292338
40.76923076923077 2.7608121630057587
40.903010033444815 2.7337966514879124
41.036789297658856 2.706781190080236
41.17056856187291 2.6788547429464704
41.30434782608695 2.6497891530136863
41.438127090301 2.6207235630808987
41.57190635451505 2.583438541432619
41.70568561872909 2.534999093954686
41.83946488294315 2.486559612157475
41.97324414715719 2.4317852417357426
42.10702341137124 2.3676698926736304
42.240802675585286 2.303554543611632
42.37458193979933 2.2261573244941926
42.508361204013376 2.127440774185518
42.642140468227424 2.028724223876842
42.77591973244147 1.902901939337836
42.909698996655514 1.7296460434495498
43.04347826086956 1.5563901475616198
43.17725752508361 1.3654326331837399
43.31103678929766 1.1406373019782308
43.4448160535117 0.9158419707727322
43.57859531772575 0.7661713965094424
43.7123745819398 0.7737724293969152
43.84615384615385 0.7813734622843892
43.97993311036789 0.7889702090821534
44.11371237458194 0.7965570992480473
44.247491638795985 0.8041439894139661
44.381270903010034 0.8123806880470394
44.51505016722408 0.8222664395798426
44.64882943143812 0.8321521911126445
44.78260869565217 0.8413948772675529
44.91638795986622 0.848832364529316
45.05016722408027 0.8562698517913796
45.18394648829431 0.8640342842742694
45.31772575250836 0.8728170717930155
45.45150501672241 0.8815998593117609
45.585284280936456 0.8907364935063247
45.7190635451505 0.9011118291521961
45.852842809364546 0.9114871647980684
45.986622073578594 0.9214172617360227
46.12040133779264 0.9295862512628899
46.254180602006684 0.9377552407897798
46.38795986622073 0.9461019349219724
46.52173913043478 0.9552484459174809
46.65551839464883 0.9643949569129903
46.78929765886287 0.974014209893093
46.92307692307692 0.986083045518648
47.05685618729097 0.9981518811445158
47.19063545150502 1.009519170896026
47.324414715719065 1.0166263332090677
47.45819397993311 1.0237334955221087
47.591973244147155 1.031196809491757
47.725752508361204 1.0412386134585654
47.85953177257525 1.0512804174253734
47.993311036789294 1.061214452347309
48.12709030100334 1.070189183242678
48.26086956521739 1.0791639141380607
48.39464882943144 1.0882233015163127
48.52842809364548 1.0982413297127056
48.66220735785953 1.1082593579090982
48.79598662207358 1.1181580895125733
48.929765886287626 1.1262074296069573
49.06354515050167 1.1342567697015409
49.197324414715716 1.14246503858754
49.331103678929765 1.1544439361630856
49.46488294314381 1.166422833738631
49.598662207357854 1.1783690677073568
49.7324414715719 1.188730874990409
49.86622073578595 1.1990926822734604
50.0 1.209454489556511
