10.0 0.053852701622000024
11.638795986622073 0.06731526473128055
13.277591973244148 0.08084072408785511
14.91638795986622 0.09442971476578266
16.555183946488295 0.10687231466110515
18.19397993311037 0.11770017086915119
19.83277591973244 0.12686268997981856
21.471571906354516 0.1315630103883884
23.11036789297659 0.13292977683209117
24.74916387959866 0.13083054159845017
26.387959866220736 0.12251799470766661
28.02675585284281 0.11044702415683005
29.665551839464882 0.09444530799312435
31.304347826086957 0.0734708579840714
32.94314381270903 0.05899269678263922
34.5819397993311 0.051732762213496854
36.22073578595318 0.031055689110576695
37.85953177257525 0.02123934382520904
39.49832775919732 0.023937482986774134
41.137123745819395 0.026961659546650085
42.77591973244147 0.03006816691747106
44.414715719063544 0.03325638631312358
46.05351170568562 0.03652743377015747
47.69230769230769 0.039765892348836575
49.331103678929765 0.04296248015024151
50.96989966555184 0.04596337578953654
52.608695652173914 0.048528350393480656
54.247491638795985 0.050585289172666525
55.88628762541806 0.051250306213603436
57.525083612040135 0.0505169598504177
59.163879598662206 0.048169399395534385
60.802675585284284 0.038514153952579046
62.441471571906355 0.026504084724908335
64.08026755852842 0.012060628633043935
65.7190635451505 0.011568799517132855
67.35785953177258 0.011882001755915441
68.99665551839465 0.012180304484170106
70.63545150501673 0.012499338466603664
72.27424749163879 0.012786836591004208
73.91304347826087 0.013031053793018962
75.55183946488295 0.01327311841002611
77.19063545150502 0.013509384830380083
78.82943143812709 0.013737496518479162
80.46822742474916 0.01391691815518075
82.10702341137124 0.014083231247684647
83.74581939799332 0.014236333151441115
85.38461538461539 0.014371265197120788
87.02341137123746 0.014466249266869749
88.66220735785953 0.014508314207669067
90.3010033444816 0.014549118374980437
91.93979933110369 0.014561152946987595
93.57859531772576 0.014532854042517248
95.21739130434783 0.014482272039368776
96.8561872909699 0.014406588012893453
98.49498327759197 0.014298336773121052
100.13377926421404 0.01412934593359891
101.77257525083613 0.01393413189634005
103.4113712374582 0.013709481660106524
105.05016722408027 0.01345346338159837
106.68896321070234 0.013171812089037973
108.32775919732441 0.012857029054416347
109.96655518394648 0.01249149374508711
111.60535117056857 0.012096392142952174
113.24414715719064 0.011664875788306401
114.88294314381271 0.011226774708934748
116.52173913043478 0.010754499299050167
118.16053511705685 0.010230246784575557
119.79933110367894 0.009683725665382706
121.43812709030101 0.009110317276054117
123.07692307692308 0.008498344583619848
124.71571906354515 0.007791365790331582
126.35451505016722 0.007158674915841158
127.9933110367893 0.006665781762121736
129.63210702341138 0.006242660481566657
131.27090301003346 0.0059171636749546595
132.90969899665552 0.0057366325749243505
134.54849498327758 0.005639878112022547
136.18729096989966 0.0055116929209747
137.82608695652175 0.005309631334026796
139.4648829431438 0.004950603144748599
141.1036789297659 0.004438514873953741
142.74247491638795 0.003702956944693107
144.38127090301003 0.002455083591322126
146.02006688963212 0.001621165669999272
147.65886287625418 0.001659163315418412
149.29765886287626 0.0017120029920154785
150.93645484949832 0.0017695036229701169
152.5752508361204 0.0018310134782369286
154.2140468227425 0.0018931703790371446
155.85284280936455 0.001957833954743327
157.49163879598663 0.002026890170655412
159.1304347826087 0.0020971387598528158
160.76923076923077 0.0021664015860140954
162.40802675585283 0.0022333752113058093
164.04682274247492 0.002304658400157325
165.685618729097 0.0023773570920877967
167.32441471571906 0.0024512092726578527
168.96321070234114 0.002525904435599218
170.6020066889632 0.0026020190745530596
172.2408026755853 0.0026806002083417705
173.87959866220737 0.0027636102667724775
175.51839464882943 0.0028460599676462146
177.1571906354515 0.0029256049254131554
178.79598662207357 0.003002574727768128
180.43478260869566 0.003082834358073401
182.07357859531774 0.0031709696549909626
183.7123745819398 0.003252029684550098
185.35117056856188 0.0033323853065584195
186.98996655518394 0.0034144392217254397
188.62876254180603 0.0034891494591196247
190.26755852842808 0.0035643633133850376
191.90635451505017 0.003644164344652524
193.54515050167225 0.0037278361290247353
195.1839464882943 0.0038069787388171606
196.8227424749164 0.0038741576893154125
198.46153846153845 0.003956538473794713
200.10033444816054 0.00403539842296008
201.73913043478262 0.004098174805658998
203.37792642140468 0.004163510965097435
205.01672240802677 0.004231279115593278
206.65551839464882 0.004303235192980326
208.2943143812709 0.004357213180332881
209.93311036789297 0.0044116636307764585
211.57190635451505 0.004477964598488107
213.21070234113714 0.004518497764777937
214.8494983277592 0.004555376229758438
216.48829431438128 0.004599623184173844
218.12709030100334 0.004630982126295441
219.76588628762542 0.004654928829011725
221.4046822742475 0.004668998886145776
223.04347826086956 0.004672673631308253
224.68227424749165 0.004668626204076011
226.3210702341137 0.004652176802930723
227.9598662207358 0.004630942119980616
229.59866220735788 0.004601142394555164
231.23745819397993 0.004552475493701818
232.87625418060202 0.004473589771532341
234.51505016722408 0.004377757900261757
236.15384615384616 0.004260126392650291
237.79264214046822 0.004112087465462244
239.4314381270903 0.0039412584228058515
241.0702341137124 0.0037328326936865385
242.70903010033445 0.0034573531659493235
244.34782608695653 0.0031267417045704343
245.9866220735786 0.0026988912332083833
247.62541806020067 0.002058343335199253
249.26421404682276 0.0012855222141298097
250.90301003344482 0.0003250641372499101
252.5418060200669 6.877172290545424e-05
254.18060200668896 4.7057978939891044e-05
255.81939799331104 3.8978166548918955e-05
257.45819397993307 3.380171285078536e-05
259.09698996655516 2.997374867430305e-05
260.73578595317724 2.729092021579265e-05
262.3745819397993 2.5219644291869842e-05
264.0133779264214 2.3459700613167396e-05
265.6521739130435 2.2015803036915487e-05
267.2909698996655 2.0843640374636056e-05
268.9297658862876 1.9808907666258805e-05
270.5685618729097 1.890767506177455e-05
272.2073578595318 1.811108025879521e-05
273.84615384615387 1.7378510909045206e-05
275.4849498327759 1.673235776594229e-05
277.123745819398 1.6158592228676327e-05
278.76254180602007 1.5627751129639618e-05
280.40133779264215 1.5151354153963889e-05
282.04013377926424 1.4703921371820973e-05
283.67892976588627 1.4280338774750171e-05
285.31772575250835 1.3901766172185513e-05
286.95652173913044 1.3548483382664318e-05
288.5953177257525 1.3210328043010818e-05
290.2341137123746 1.2890995046996568e-05
291.87290969899664 1.2593820947124909e-05
293.5117056856187 1.2310590922072427e-05
295.1505016722408 1.204596988061316e-05
296.7892976588629 1.1790486620812385e-05
298.428093645485 1.1544590603960562e-05
300.066889632107 1.1320954343938956e-05
301.7056856187291 1.1108738361062684e-05
303.3444816053512 1.0902411122168874e-05
304.98327759197326 1.070049036388322e-05
306.62207357859535 1.0513067905492121e-05
308.2608695652174 1.0332792644160444e-05
309.89966555183946 1.0155884018292439e-05
311.53846153846155 9.98712604122371e-06
313.17725752508363 9.82237949342819e-06
314.81605351170566 9.659228857783664e-06
316.45484949832775 9.50487891646539e-06
318.09364548494983 9.356868909997386e-06
319.7324414715719 9.219238269276338e-06
321.371237458194 9.084085946438073e-06
323.01003344481603 8.949609333115108e-06
324.6488294314381 8.812796454468732e-06
326.2876254180602 8.684575868289122e-06
327.9264214046823 8.562525730484029e-06
329.5652173913044 8.4500606126994e-06
331.2040133779264 8.3337461276136e-06
332.8428093645485 8.217637062947926e-06
334.4816053511706 8.111808613915327e-06
336.12040133779266 8.005165950705447e-06
337.75919732441474 7.899531793976834e-06
339.39799331103677 7.800799949696504e-06
341.03678929765886 7.706752554784448e-06
342.67558528428094 7.614158681815107e-06
344.314381270903 7.516697976592079e-06
345.9531772575251 7.42530351063174e-06
347.59197324414714 7.337531532997771e-06
349.2307692307692 7.252130737075265e-06
350.8695652173913 7.167946645500585e-06
352.5083612040134 7.084055808455133e-06
354.1471571906355 6.998215134575798e-06
355.7859531772575 6.919985466394121e-06
357.4247491638796 6.844563827007881e-06
359.0635451505017 6.761321024462923e-06
360.70234113712377 6.685225851650459e-06
362.3411371237458 6.6133729924687425e-06
363.9799331103679 6.543172004735829e-06
365.61872909698997 6.47127813981891e-06
367.25752508361205 6.39936141415373e-06
368.89632107023414 6.333333409120101e-06
370.53511705685617 6.2681248025604115e-06
372.17391304347825 6.203409768413299e-06
373.81270903010034 6.13881398553374e-06
375.4515050167224 6.075995975878798e-06
377.0903010033445 6.014068383642545e-06
378.72909698996654 5.9509396973941655e-06
380.3678929765886 5.892247732361241e-06
382.0066889632107 5.83582661405494e-06
383.6454849498328 5.77637488747895e-06
385.2842809364549 5.720622084480685e-06
386.9230769230769 5.667064594485327e-06
388.561872909699 5.612785486076225e-06
390.2006688963211 5.55783450253757e-06
391.83946488294316 5.502543821006169e-06
393.47826086956525 5.4478140234631715e-06
395.1170568561873 5.395424675358882e-06
396.75585284280936 5.344788281177276e-06
398.39464882943145 5.296210543724291e-06
400.03344481605353 5.246756774982492e-06
401.6722408026756 5.196970187863238e-06
403.31103678929765 5.149378684414265e-06
404.94983277591973 5.103314070564098e-06
406.5886287625418 5.058202069808669e-06
408.2274247491639 5.012305520497042e-06
409.86622073578593 4.967479963476696e-06
411.505016722408 4.92361291392453e-06
413.1438127090301 4.881950724238331e-06
414.7826086956522 4.8391030975956095e-06
416.4214046822743 4.795504192393918e-06
418.0602006688963 4.752740204997083e-06
419.6989966555184 4.71077834012078e-06
421.33779264214047 4.669675293468744e-06
422.97658862876256 4.631797855912551e-06
424.61538461538464 4.592777396112258e-06
426.25418060200667 4.552820522074629e-06
427.89297658862876 4.511624703068315e-06
429.53177257525084 4.472110351826431e-06
431.1705685618729 4.4343173212560645e-06
432.809364548495 4.402626071513352e-06
434.44816053511704 4.367206861650685e-06
436.0869565217391 4.329011883110656e-06
437.7257525083612 4.2917092070062545e-06
439.3645484949833 4.2570190962181236e-06
441.0033444816054 4.224216185841604e-06
442.6421404682274 4.189169068860169e-06
444.2809364548495 4.15386706065272e-06
445.9197324414716 4.1187029300511586e-06
447.55852842809367 4.089288054961749e-06
449.19732441471575 4.057375725676369e-06
450.8361204013378 4.023619178630609e-06
452.47491638795987 3.993204223018012e-06
454.11371237458195 3.960907992458866e-06
455.75250836120404 3.927228228084221e-06
457.39130434782606 3.89709935862006e-06
459.03010033444815 3.8672254038689854e-06
460.66889632107024 3.837622637477345e-06
462.3076923076923 3.8093711161135703e-06
463.9464882943144 3.78086137218806e-06
465.58528428093643 3.7520505776023025e-06
467.2240802675585 3.7210256648795857e-06
468.8628762541806 3.6929668161254722e-06
470.5016722408027 3.6673849978673913e-06
472.1404682274248 3.6377782864456113e-06
473.7792642140468 3.6096740603422334e-06
475.4180602006689 3.5828724500001684e-06
477.056856187291 3.554411632183406e-06
478.69565217391306 3.5281727169753386e-06
480.33444816053515 3.5039520300838593e-06
481.9732441471572 3.479112293100278e-06
483.61204013377926 3.4539115364621463e-06
485.25083612040135 3.4284027233425997e-06
486.88963210702343 3.4048021000145385e-06
488.5284280936455 3.379491031558386e-06
490.16722408026754 3.35259588279834e-06
491.80602006688963 3.3298282075719503e-06
493.4448160535117 3.3054041969994037e-06
495.0836120401338 3.279390985419697e-06
496.7224080267559 3.256934980979798e-06
498.3612040133779 3.2339114801686127e-06
500.0 3.210326142099999e-06
