 1.000000E+01  9.831916E-05
 1.100000E+01  8.604503E-05
 1.200000E+01  7.404143E-05
 1.300000E+01  6.301210E-05
 1.400000E+01  5.320244E-05
 1.500000E+01  4.412921E-05
 1.600000E+01  3.580203E-05
 1.700000E+01  2.863107E-05
 1.800000E+01  2.238345E-05
 1.900000E+01  1.700713E-05
 2.000000E+01  1.256557E-05
 2.100000E+01  8.922775E-06
 2.200000E+01  6.086528E-06
 2.300000E+01  3.923843E-06
 2.400000E+01  2.348523E-06
 2.500000E+01  1.270903E-06
 2.600000E+01  5.974600E-07
 2.700000E+01  2.222497E-07
 2.800000E+01  5.583640E-08
 2.900000E+01  5.572209E-09
 3.000000E+01  5.534543E-10
 3.100000E+01  5.270796E-10
 3.200000E+01  5.033318E-10
 3.300000E+01  4.815703E-10
 3.400000E+01  4.610431E-10
 3.500000E+01  4.426946E-10
 3.600000E+01  4.264044E-10
 3.700000E+01  4.096097E-10
 3.800000E+01  3.952746E-10
 3.900000E+01  3.809296E-10
 4.000000E+01  3.678523E-10
 4.100000E+01  3.553727E-10
 4.200000E+01  3.440911E-10
 4.300000E+01  3.325341E-10
 4.400000E+01  3.218353E-10
 4.500000E+01  3.119210E-10
 4.600000E+01  3.027781E-10
 4.700000E+01  2.933126E-10
 4.800000E+01  2.847609E-10
 4.900000E+01  2.763209E-10
 5.000000E+01  2.685962E-10
