 1.000000E+01  2.687636E-05
 1.100000E+01  2.257109E-05
 1.200000E+01  1.861663E-05
 1.300000E+01  1.501858E-05
 1.400000E+01  1.186449E-05
 1.500000E+01  9.173850E-06
 1.600000E+01  6.860201E-06
 1.700000E+01  4.933162E-06
 1.800000E+01  3.388638E-06
 1.900000E+01  2.226708E-06
 2.000000E+01  1.358273E-06
 2.100000E+01  7.526589E-07
 2.200000E+01  3.645635E-07
 2.300000E+01  1.439081E-07
 2.400000E+01  3.929751E-08
 2.500000E+01  4.804960E-09
 2.600000E+01  1.926231E-10
 2.700000E+01  1.764642E-10
 2.800000E+01  1.672238E-10
 2.900000E+01  1.592760E-10
 3.000000E+01  1.519353E-10
 3.100000E+01  1.449472E-10
 3.200000E+01  1.385387E-10
 3.300000E+01  1.325508E-10
 3.400000E+01  1.275322E-10
 3.500000E+01  1.223971E-10
 3.600000E+01  1.176179E-10
 3.700000E+01  1.133511E-10
 3.800000E+01  1.090751E-10
 3.900000E+01  1.053041E-10
 4.000000E+01  1.018012E-10
 4.100000E+01  9.797777E-11
 4.200000E+01  9.478144E-11
 4.300000E+01  9.161330E-11
 4.400000E+01  8.867192E-11
 4.500000E+01  8.594798E-11
 4.600000E+01  8.316304E-11
 4.700000E+01  8.059786E-11
 4.800000E+01  7.807595E-11
 4.900000E+01  7.595718E-11
 5.000000E+01  7.359913E-11
