 1.000000E+01  1.469604E-07
 1.100000E+01  1.018863E-07
 1.200000E+01  6.661852E-08
 1.300000E+01  3.996163E-08
 1.400000E+01  2.156639E-08
 1.500000E+01  9.893826E-09
 1.600000E+01  3.502022E-09
 1.700000E+01  7.546271E-10
 1.800000E+01  4.285186E-11
 1.900000E+01  2.166718E-12
 2.000000E+01  2.011618E-12
 2.100000E+01  1.873974E-12
 2.200000E+01  1.754996E-12
 2.300000E+01  1.650357E-12
 2.400000E+01  1.554733E-12
 2.500000E+01  1.468866E-12
 2.600000E+01  1.392393E-12
 2.700000E+01  1.320436E-12
 2.800000E+01  1.256432E-12
 2.900000E+01  1.195062E-12
 3.000000E+01  1.138839E-12
 3.100000E+01  1.086168E-12
 3.200000E+01  1.038459E-12
 3.300000E+01  9.941758E-13
 3.400000E+01  9.508944E-13
 3.500000E+01  9.116868E-13
 3.600000E+01  8.742237E-13
 3.700000E+01  8.397942E-13
 3.800000E+01  8.085672E-13
 3.900000E+01  7.760603E-13
 4.000000E+01  7.461997E-13
 4.100000E+01  7.184128E-13
 4.200000E+01  6.936170E-13
 4.300000E+01  6.679035E-13
 4.400000E+01  6.446546E-13
 4.500000E+01  6.217876E-13
 4.600000E+01  6.011445E-13
 4.700000E+01  5.806245E-13
 4.800000E+01  5.611297E-13
 4.900000E+01  5.427652E-13
 5.000000E+01  5.255405E-13
