 1.000000E+01  5.142508E-05
 1.100000E+01  3.887134E-05
 1.200000E+01  2.825737E-05
 1.300000E+01  1.949678E-05
 1.400000E+01  1.270166E-05
 1.500000E+01  7.593855E-06
 1.600000E+01  4.146357E-06
 1.700000E+01  1.927584E-06
 1.800000E+01  7.013970E-07
 1.900000E+01  1.602539E-07
 2.000000E+01  1.138332E-08
 2.100000E+01  5.599209E-10
 2.200000E+01  5.222275E-10
 2.300000E+01  4.904198E-10
 2.400000E+01  4.606979E-10
 2.500000E+01  4.354293E-10
 2.600000E+01  4.125244E-10
 2.700000E+01  3.919423E-10
 2.800000E+01  3.723492E-10
 2.900000E+01  3.546354E-10
 3.000000E+01  3.383046E-10
 3.100000E+01  3.227571E-10
 3.200000E+01  3.090741E-10
 3.300000E+01  2.956890E-10
 3.400000E+01  2.834036E-10
 3.500000E+01  2.722326E-10
 3.600000E+01  2.616372E-10
 3.700000E+01  2.512753E-10
 3.800000E+01  2.414273E-10
 3.900000E+01  2.324114E-10
 4.000000E+01  2.241686E-10
 4.100000E+01  2.159400E-10
 4.200000E+01  2.084039E-10
 4.300000E+01  2.006874E-10
 4.400000E+01  1.939416E-10
 4.500000E+01  1.875545E-10
 4.600000E+01  1.813613E-10
 4.700000E+01  1.754209E-10
 4.800000E+01  1.696604E-10
 4.900000E+01  1.643715E-10
 5.000000E+01  1.592453E-10
