 1.000000E+01  2.685935E-05
 1.100000E+01  2.259476E-05
 1.200000E+01  1.863506E-05
 1.300000E+01  1.505782E-05
 1.400000E+01  1.187096E-05
 1.500000E+01  9.128132E-06
 1.600000E+01  6.838715E-06
 1.700000E+01  4.933269E-06
 1.800000E+01  3.399425E-06
 1.900000E+01  2.219803E-06
 2.000000E+01  1.357816E-06
 2.100000E+01  7.540350E-07
 2.200000E+01  3.654451E-07
 2.300000E+01  1.433350E-07
 2.400000E+01  3.934543E-08
 2.500000E+01  4.815753E-09
 2.600000E+01  1.924170E-10
 2.700000E+01  1.765556E-10
 2.800000E+01  1.671302E-10
 2.900000E+01  1.590988E-10
 3.000000E+01  1.515623E-10
 3.100000E+01  1.449309E-10
 3.200000E+01  1.388009E-10
 3.300000E+01  1.328523E-10
 3.400000E+01  1.273423E-10
 3.500000E+01  1.224428E-10
 3.600000E+01  1.177488E-10
 3.700000E+01  1.133404E-10
 3.800000E+01  1.090976E-10
 3.900000E+01  1.052934E-10
 4.000000E+01  1.015973E-10
 4.100000E+01  9.817289E-11
 4.200000E+01  9.468303E-11
 4.300000E+01  9.161318E-11
 4.400000E+01  8.865022E-11
 4.500000E+01  8.578831E-11
 4.600000E+01  8.320804E-11
 4.700000E+01  8.067371E-11
 4.800000E+01  7.818319E-11
 4.900000E+01  7.579934E-11
 5.000000E+01  7.351878E-11
