 1.000000E+01  8.701395E-05
 1.100000E+01  6.940866E-05
 1.200000E+01  5.394027E-05
 1.300000E+01  4.065907E-05
 1.400000E+01  2.928501E-05
 1.500000E+01  2.073285E-05
 1.600000E+01  1.371818E-05
 1.700000E+01  8.425024E-06
 1.800000E+01  4.675793E-06
 1.900000E+01  2.309441E-06
 2.000000E+01  9.265939E-07
 2.100000E+01  2.595077E-07
 2.200000E+01  3.297783E-08
 2.300000E+01  8.239961E-10
 2.400000E+01  7.088474E-10
 2.500000E+01  6.671267E-10
 2.600000E+01  6.314865E-10
 2.700000E+01  5.984616E-10
 2.800000E+01  5.694733E-10
 2.900000E+01  5.421628E-10
 3.000000E+01  5.177775E-10
 3.100000E+01  4.938216E-10
 3.200000E+01  4.738792E-10
 3.300000E+01  4.525737E-10
 3.400000E+01  4.345719E-10
 3.500000E+01  4.168173E-10
 3.600000E+01  4.011353E-10
 3.700000E+01  3.857892E-10
 3.800000E+01  3.716105E-10
 3.900000E+01  3.575539E-10
 4.000000E+01  3.449739E-10
 4.100000E+01  3.332341E-10
 4.200000E+01  3.215213E-10
 4.300000E+01  3.106332E-10
 4.400000E+01  3.004191E-10
 4.500000E+01  2.902138E-10
 4.600000E+01  2.808776E-10
 4.700000E+01  2.720456E-10
 4.800000E+01  2.639308E-10
 4.900000E+01  2.553428E-10
 5.000000E+01  2.476226E-10
