 1.000000E+01  5.157571E-05
 1.100000E+01  3.891985E-05
 1.200000E+01  2.820057E-05
 1.300000E+01  1.948923E-05
 1.400000E+01  1.270557E-05
 1.500000E+01  7.663739E-06
 1.600000E+01  4.145539E-06
 1.700000E+01  1.928350E-06
 1.800000E+01  6.990533E-07
 1.900000E+01  1.604933E-07
 2.000000E+01  1.136878E-08
 2.100000E+01  5.598194E-10
 2.200000E+01  5.223737E-10
 2.300000E+01  4.901250E-10
 2.400000E+01  4.614010E-10
 2.500000E+01  4.359636E-10
 2.600000E+01  4.126396E-10
 2.700000E+01  3.916114E-10
 2.800000E+01  3.724509E-10
 2.900000E+01  3.547447E-10
 3.000000E+01  3.382011E-10
 3.100000E+01  3.229776E-10
 3.200000E+01  3.089430E-10
 3.300000E+01  2.958364E-10
 3.400000E+01  2.835060E-10
 3.500000E+01  2.721780E-10
 3.600000E+01  2.613772E-10
 3.700000E+01  2.508434E-10
 3.800000E+01  2.419045E-10
 3.900000E+01  2.325831E-10
 4.000000E+01  2.239357E-10
 4.100000E+01  2.157098E-10
 4.200000E+01  2.083165E-10
 4.300000E+01  2.009041E-10
 4.400000E+01  1.942128E-10
 4.500000E+01  1.877307E-10
 4.600000E+01  1.815947E-10
 4.700000E+01  1.753974E-10
 4.800000E+01  1.700793E-10
 4.900000E+01  1.645343E-10
 5.000000E+01  1.591658E-10
