 1.000000E+01  6.178797E-06
 1.100000E+01  5.080466E-06
 1.200000E+01  4.112964E-06
 1.300000E+01  3.231822E-06
 1.400000E+01  2.482417E-06
 1.500000E+01  1.849247E-06
 1.600000E+01  1.329854E-06
 1.700000E+01  9.108769E-07
 1.800000E+01  5.903326E-07
 1.900000E+01  3.562662E-07
 2.000000E+01  1.933186E-07
 2.100000E+01  9.127882E-08
 2.200000E+01  3.429406E-08
 2.300000E+01  8.561018E-09
 2.400000E+01  8.187559E-10
 2.500000E+01  4.606524E-11
 2.600000E+01  4.344078E-11
 2.700000E+01  4.114052E-11
 2.800000E+01  3.902976E-11
 2.900000E+01  3.715665E-11
 3.000000E+01  3.539151E-11
 3.100000E+01  3.384874E-11
 3.200000E+01  3.236680E-11
 3.300000E+01  3.100849E-11
 3.400000E+01  2.981351E-11
 3.500000E+01  2.859287E-11
 3.600000E+01  2.749021E-11
 3.700000E+01  2.646604E-11
 3.800000E+01  2.548633E-11
 3.900000E+01  2.458769E-11
 4.000000E+01  2.369399E-11
 4.100000E+01  2.288593E-11
 4.200000E+01  2.213120E-11
 4.300000E+01  2.136231E-11
 4.400000E+01  2.067579E-11
 4.500000E+01  1.999394E-11
 4.600000E+01  1.938322E-11
 4.700000E+01  1.875761E-11
 4.800000E+01  1.818330E-11
 4.900000E+01  1.761559E-11
 5.000000E+01  1.708986E-11
