 1.000000E+01  9.837255E-05
 1.100000E+01  8.603885E-05
 1.200000E+01  7.441928E-05
 1.300000E+01  6.300272E-05
 1.400000E+01  5.324388E-05
 1.500000E+01  4.407123E-05
 1.600000E+01  3.597789E-05
 1.700000E+01  2.859543E-05
 1.800000E+01  2.238401E-05
 1.900000E+01  1.699873E-05
 2.000000E+01  1.251417E-05
 2.100000E+01  8.911933E-06
 2.200000E+01  6.085775E-06
 2.300000E+01  3.924555E-06
 2.400000E+01  2.348578E-06
 2.500000E+01  1.269689E-06
 2.600000E+01  5.975299E-07
 2.700000E+01  2.237797E-07
 2.800000E+01  5.593507E-08
 2.900000E+01  5.565862E-09
 3.000000E+01  5.543957E-10
 3.100000E+01  5.257710E-10
 3.200000E+01  5.041258E-10
 3.300000E+01  4.817813E-10
 3.400000E+01  4.613297E-10
 3.500000E+01  4.435900E-10
 3.600000E+01  4.257678E-10
 3.700000E+01  4.097476E-10
 3.800000E+01  3.955057E-10
 3.900000E+01  3.808904E-10
 4.000000E+01  3.680899E-10
 4.100000E+01  3.551978E-10
 4.200000E+01  3.430642E-10
 4.300000E+01  3.321144E-10
 4.400000E+01  3.223976E-10
 4.500000E+01  3.119470E-10
 4.600000E+01  3.024787E-10
 4.700000E+01  2.938804E-10
 4.800000E+01  2.847938E-10
 4.900000E+01  2.766867E-10
 5.000000E+01  2.687384E-10
