 1.000000E+01  8.672483E-05
 1.100000E+01  6.963704E-05
 1.200000E+01  5.397525E-05
 1.300000E+01  4.089217E-05
 1.400000E+01  2.976296E-05
 1.500000E+01  2.074061E-05
 1.600000E+01  1.366706E-05
 1.700000E+01  8.419966E-06
 1.800000E+01  4.727529E-06
 1.900000E+01  2.323966E-06
 2.000000E+01  9.276846E-07
 2.100000E+01  2.593682E-07
 2.200000E+01  3.296478E-08
 2.300000E+01  8.245376E-10
 2.400000E+01  7.103043E-10
 2.500000E+01  6.673303E-10
 2.600000E+01  6.320368E-10
 2.700000E+01  5.987106E-10
 2.800000E+01  5.693566E-10
 2.900000E+01  5.425227E-10
 3.000000E+01  5.169474E-10
 3.100000E+01  4.946464E-10
 3.200000E+01  4.727013E-10
 3.300000E+01  4.528807E-10
 3.400000E+01  4.345123E-10
 3.500000E+01  4.169729E-10
 3.600000E+01  4.011801E-10
 3.700000E+01  3.855063E-10
 3.800000E+01  3.710586E-10
 3.900000E+01  3.576482E-10
 4.000000E+01  3.448585E-10
 4.100000E+01  3.331300E-10
 4.200000E+01  3.212546E-10
 4.300000E+01  3.105373E-10
 4.400000E+01  3.002767E-10
 4.500000E+01  2.901498E-10
 4.600000E+01  2.810891E-10
 4.700000E+01  2.716236E-10
 4.800000E+01  2.637750E-10
 4.900000E+01  2.552144E-10
 5.000000E+01  2.477263E-10
