 1.000000E+01  3.895154E-06
 1.100000E+01  2.853480E-06
 1.200000E+01  2.006149E-06
 1.300000E+01  1.331285E-06
 1.400000E+01  8.222638E-07
 1.500000E+01  4.592107E-07
 1.600000E+01  2.237363E-07
 1.700000E+01  8.794167E-08
 1.800000E+01  2.341584E-08
 1.900000E+01  2.566097E-09
 2.000000E+01  4.804338E-11
 2.100000E+01  4.419498E-11
 2.200000E+01  4.125205E-11
 2.300000E+01  3.876899E-11
 2.400000E+01  3.646505E-11
 2.500000E+01  3.451726E-11
 2.600000E+01  3.262927E-11
 2.700000E+01  3.103751E-11
 2.800000E+01  2.944794E-11
 2.900000E+01  2.805076E-11
 3.000000E+01  2.677044E-11
 3.100000E+01  2.554094E-11
 3.200000E+01  2.444575E-11
 3.300000E+01  2.342054E-11
 3.400000E+01  2.240308E-11
 3.500000E+01  2.147931E-11
 3.600000E+01  2.064125E-11
 3.700000E+01  1.982831E-11
 3.800000E+01  1.907482E-11
 3.900000E+01  1.835441E-11
 4.000000E+01  1.767941E-11
 4.100000E+01  1.703828E-11
 4.200000E+01  1.644015E-11
 4.300000E+01  1.585691E-11
 4.400000E+01  1.527748E-11
 4.500000E+01  1.477114E-11
 4.600000E+01  1.427958E-11
 4.700000E+01  1.380700E-11
 4.800000E+01  1.333029E-11
 4.900000E+01  1.292339E-11
 5.000000E+01  1.252764E-11
