 1.000000E+01  1.453319E-05
 1.100000E+01  1.245431E-05
 1.200000E+01  1.050058E-05
 1.300000E+01  8.657156E-06
 1.400000E+01  7.023140E-06
 1.500000E+01  5.574426E-06
 1.600000E+01  4.315894E-06
 1.700000E+01  3.247245E-06
 1.800000E+01  2.364653E-06
 1.900000E+01  1.646780E-06
 2.000000E+01  1.098673E-06
 2.100000E+01  6.871068E-07
 2.200000E+01  3.901826E-07
 2.300000E+01  1.974529E-07
 2.400000E+01  8.334891E-08
 2.500000E+01  2.587123E-08
 2.600000E+01  4.336498E-09
 2.700000E+01  1.685908E-10
 2.800000E+01  9.016458E-11
 2.900000E+01  8.553971E-11
 3.000000E+01  8.147733E-11
 3.100000E+01  7.788387E-11
 3.200000E+01  7.447831E-11
 3.300000E+01  7.133588E-11
 3.400000E+01  6.827847E-11
 3.500000E+01  6.572801E-11
 3.600000E+01  6.322770E-11
 3.700000E+01  6.083443E-11
 3.800000E+01  5.864160E-11
 3.900000E+01  5.654752E-11
 4.000000E+01  5.461009E-11
 4.100000E+01  5.270980E-11
 4.200000E+01  5.099929E-11
 4.300000E+01  4.931848E-11
 4.400000E+01  4.772744E-11
 4.500000E+01  4.624747E-11
 4.600000E+01  4.476251E-11
 4.700000E+01  4.338815E-11
 4.800000E+01  4.212105E-11
 4.900000E+01  4.089808E-11
 5.000000E+01  3.973148E-11
