 1.000000E+01  5.844990E-05
 1.100000E+01  4.995642E-05
 1.200000E+01  4.193140E-05
 1.300000E+01  3.466575E-05
 1.400000E+01  2.811756E-05
 1.500000E+01  2.226476E-05
 1.600000E+01  1.702312E-05
 1.700000E+01  1.298769E-05
 1.800000E+01  9.461953E-06
 1.900000E+01  6.612593E-06
 2.000000E+01  4.387470E-06
 2.100000E+01  2.731358E-06
 2.200000E+01  1.559924E-06
 2.300000E+01  7.895283E-07
 2.400000E+01  3.340961E-07
 2.500000E+01  1.034951E-07
 2.600000E+01  1.730591E-08
 2.700000E+01  6.737290E-10
 2.800000E+01  3.606336E-10
 2.900000E+01  3.424122E-10
 3.000000E+01  3.260675E-10
 3.100000E+01  3.112302E-10
 3.200000E+01  2.973490E-10
 3.300000E+01  2.853487E-10
 3.400000E+01  2.735412E-10
 3.500000E+01  2.633603E-10
 3.600000E+01  2.527456E-10
 3.700000E+01  2.432072E-10
 3.800000E+01  2.343776E-10
 3.900000E+01  2.264728E-10
 4.000000E+01  2.183959E-10
 4.100000E+01  2.111814E-10
 4.200000E+01  2.039109E-10
 4.300000E+01  1.969455E-10
 4.400000E+01  1.908066E-10
 4.500000E+01  1.848734E-10
 4.600000E+01  1.793707E-10
 4.700000E+01  1.737673E-10
 4.800000E+01  1.687192E-10
 4.900000E+01  1.637537E-10
 5.000000E+01  1.587260E-10
