 1.000000E+01  3.791147E-05
 1.100000E+01  2.930954E-05
 1.200000E+01  2.185696E-05
 1.300000E+01  1.568018E-05
 1.400000E+01  1.070515E-05
 1.500000E+01  6.847604E-06
 1.600000E+01  4.065747E-06
 1.700000E+01  2.136964E-06
 1.800000E+01  9.552506E-07
 1.900000E+01  3.252660E-07
 2.000000E+01  6.456589E-08
 2.100000E+01  2.953749E-09
 2.200000E+01  3.688919E-10
 2.300000E+01  3.458028E-10
 2.400000E+01  3.244976E-10
 2.500000E+01  3.065011E-10
 2.600000E+01  2.904605E-10
 2.700000E+01  2.755787E-10
 2.800000E+01  2.619999E-10
 2.900000E+01  2.492876E-10
 3.000000E+01  2.376497E-10
 3.100000E+01  2.274076E-10
 3.200000E+01  2.174349E-10
 3.300000E+01  2.081949E-10
 3.400000E+01  1.994733E-10
 3.500000E+01  1.918799E-10
 3.600000E+01  1.839992E-10
 3.700000E+01  1.769161E-10
 3.800000E+01  1.705543E-10
 3.900000E+01  1.639161E-10
 4.000000E+01  1.578964E-10
 4.100000E+01  1.523724E-10
 4.200000E+01  1.471789E-10
 4.300000E+01  1.419996E-10
 4.400000E+01  1.373303E-10
 4.500000E+01  1.326905E-10
 4.600000E+01  1.283100E-10
 4.700000E+01  1.240945E-10
 4.800000E+01  1.200122E-10
 4.900000E+01  1.163656E-10
 5.000000E+01  1.128128E-10
