 1.000000E+01  1.454328E-05
 1.100000E+01  1.249253E-05
 1.200000E+01  1.047600E-05
 1.300000E+01  8.625606E-06
 1.400000E+01  7.038546E-06
 1.500000E+01  5.519541E-06
 1.600000E+01  4.321188E-06
 1.700000E+01  3.247660E-06
 1.800000E+01  2.361059E-06
 1.900000E+01  1.646377E-06
 2.000000E+01  1.097880E-06
 2.100000E+01  6.821412E-07
 2.200000E+01  3.902692E-07
 2.300000E+01  1.966172E-07
 2.400000E+01  8.340563E-08
 2.500000E+01  2.595648E-08
 2.600000E+01  4.329663E-09
 2.700000E+01  1.686574E-10
 2.800000E+01  9.028844E-11
 2.900000E+01  8.568744E-11
 3.000000E+01  8.155165E-11
 3.100000E+01  7.785812E-11
 3.200000E+01  7.433972E-11
 3.300000E+01  7.135952E-11
 3.400000E+01  6.841723E-11
 3.500000E+01  6.575503E-11
 3.600000E+01  6.313868E-11
 3.700000E+01  6.075341E-11
 3.800000E+01  5.857434E-11
 3.900000E+01  5.657966E-11
 4.000000E+01  5.452999E-11
 4.100000E+01  5.269453E-11
 4.200000E+01  5.101375E-11
 4.300000E+01  4.933193E-11
 4.400000E+01  4.771716E-11
 4.500000E+01  4.624941E-11
 4.600000E+01  4.475200E-11
 4.700000E+01  4.342993E-11
 4.800000E+01  4.207845E-11
 4.900000E+01  4.086264E-11
 5.000000E+01  3.970143E-11
