 1.000000E+01  8.481631E-05
 1.100000E+01  7.767994E-05
 1.200000E+01  7.095545E-05
 1.300000E+01  6.408222E-05
 1.400000E+01  5.745451E-05
 1.500000E+01  5.132542E-05
 1.600000E+01  4.533462E-05
 1.700000E+01  3.964448E-05
 1.800000E+01  3.429954E-05
 1.900000E+01  2.954854E-05
 2.000000E+01  2.511102E-05
 2.100000E+01  2.102784E-05
 2.200000E+01  1.743845E-05
 2.300000E+01  1.419061E-05
 2.400000E+01  1.134898E-05
 2.500000E+01  8.901069E-06
 2.600000E+01  6.827645E-06
 2.700000E+01  5.096552E-06
 2.800000E+01  3.683590E-06
 2.900000E+01  2.557399E-06
 3.000000E+01  1.688378E-06
 3.100000E+01  1.050375E-06
 3.200000E+01  5.978584E-07
 3.300000E+01  3.033457E-07
 3.400000E+01  1.288362E-07
 3.500000E+01  4.081589E-08
 3.600000E+01  7.314063E-09
 3.700000E+01  5.368505E-10
 3.800000E+01  3.697097E-10
 3.900000E+01  3.561712E-10
 4.000000E+01  3.432077E-10
 4.100000E+01  3.312289E-10
 4.200000E+01  3.198340E-10
 4.300000E+01  3.091057E-10
 4.400000E+01  2.999293E-10
 4.500000E+01  2.903486E-10
 4.600000E+01  2.815924E-10
 4.700000E+01  2.731448E-10
 4.800000E+01  2.654722E-10
 4.900000E+01  2.582259E-10
 5.000000E+01  2.509209E-10
