 1.000000E+01  2.234706E-05
 1.100000E+01  1.168051E-05
 1.200000E+01  5.086923E-06
 1.300000E+01  1.627014E-06
 1.400000E+01  2.782482E-07
 1.500000E+01  5.629381E-09
 1.600000E+01  1.954342E-10
 1.700000E+01  1.666537E-10
 1.800000E+01  1.506288E-10
 1.900000E+01  1.401162E-10
 2.000000E+01  1.325149E-10
 2.100000E+01  1.253525E-10
 2.200000E+01  1.186385E-10
 2.300000E+01  1.128019E-10
 2.400000E+01  1.071495E-10
 2.500000E+01  1.020514E-10
 2.600000E+01  9.758047E-11
 2.700000E+01  9.324187E-11
 2.800000E+01  8.929419E-11
 2.900000E+01  8.550847E-11
 3.000000E+01  8.189118E-11
 3.100000E+01  7.872481E-11
 3.200000E+01  7.549209E-11
 3.300000E+01  7.259538E-11
 3.400000E+01  6.983614E-11
 3.500000E+01  6.732758E-11
 3.600000E+01  6.485750E-11
 3.700000E+01  6.256626E-11
 3.800000E+01  6.029273E-11
 3.900000E+01  5.837250E-11
 4.000000E+01  5.622846E-11
 4.100000E+01  5.442760E-11
 4.200000E+01  5.260943E-11
 4.300000E+01  5.088315E-11
 4.400000E+01  4.920144E-11
 4.500000E+01  4.768630E-11
 4.600000E+01  4.627220E-11
 4.700000E+01  4.481396E-11
 4.800000E+01  4.346579E-11
 4.900000E+01  4.214278E-11
 5.000000E+01  4.086359E-11
