 1.000000E+01  4.740231E-05
 1.100000E+01  3.467313E-05
 1.200000E+01  2.404353E-05
 1.300000E+01  1.562324E-05
 1.400000E+01  9.623332E-06
 1.500000E+01  5.325446E-06
 1.600000E+01  2.536107E-06
 1.700000E+01  9.620849E-07
 1.800000E+01  2.403229E-07
 1.900000E+01  2.219195E-08
 2.000000E+01  1.618648E-10
 2.100000E+01  1.386226E-10
 2.200000E+01  1.235145E-10
 2.300000E+01  1.137180E-10
 2.400000E+01  1.073189E-10
 2.500000E+01  1.021613E-10
 2.600000E+01  9.775762E-11
 2.700000E+01  9.351518E-11
 2.800000E+01  8.979673E-11
 2.900000E+01  8.619362E-11
 3.000000E+01  8.288275E-11
 3.100000E+01  7.987307E-11
 3.200000E+01  7.679891E-11
 3.300000E+01  7.409437E-11
 3.400000E+01  7.146649E-11
 3.500000E+01  6.903896E-11
 3.600000E+01  6.672244E-11
 3.700000E+01  6.457492E-11
 3.800000E+01  6.238344E-11
 3.900000E+01  6.042056E-11
 4.000000E+01  5.856260E-11
 4.100000E+01  5.679939E-11
 4.200000E+01  5.511545E-11
 4.300000E+01  5.330448E-11
 4.400000E+01  5.178749E-11
 4.500000E+01  5.029315E-11
 4.600000E+01  4.890840E-11
 4.700000E+01  4.747619E-11
 4.800000E+01  4.616740E-11
 4.900000E+01  4.497310E-11
 5.000000E+01  4.370647E-11
