 1.000000E+01  8.253289E-06
 1.100000E+01  3.120944E-06
 1.200000E+01  7.543146E-07
 1.300000E+01  5.840812E-08
 1.400000E+01  1.624294E-10
 1.500000E+01  1.319543E-10
 1.600000E+01  1.158255E-10
 1.700000E+01  1.067959E-10
 1.800000E+01  9.998716E-11
 1.900000E+01  9.397943E-11
 2.000000E+01  8.868882E-11
 2.100000E+01  8.383366E-11
 2.200000E+01  7.933397E-11
 2.300000E+01  7.524863E-11
 2.400000E+01  7.155149E-11
 2.500000E+01  6.813867E-11
 2.600000E+01  6.498840E-11
 2.700000E+01  6.193249E-11
 2.800000E+01  5.920542E-11
 2.900000E+01  5.660608E-11
 3.000000E+01  5.417877E-11
 3.100000E+01  5.196198E-11
 3.200000E+01  4.987961E-11
 3.300000E+01  4.787551E-11
 3.400000E+01  4.607144E-11
 3.500000E+01  4.424667E-11
 3.600000E+01  4.257106E-11
 3.700000E+01  4.103741E-11
 3.800000E+01  3.953028E-11
 3.900000E+01  3.797398E-11
 4.000000E+01  3.676402E-11
 4.100000E+01  3.553331E-11
 4.200000E+01  3.426197E-11
 4.300000E+01  3.315499E-11
 4.400000E+01  3.197493E-11
 4.500000E+01  3.095542E-11
 4.600000E+01  2.997315E-11
 4.700000E+01  2.902332E-11
 4.800000E+01  2.810578E-11
 4.900000E+01  2.725245E-11
 5.000000E+01  2.638104E-11
