 1.000000E+01  1.060753E-08
 1.100000E+01  1.912681E-09
 1.200000E+01  4.427208E-11
 1.300000E+01  5.718076E-13
 1.400000E+01  4.748577E-13
 1.500000E+01  4.270323E-13
 1.600000E+01  3.967187E-13
 1.700000E+01  3.694376E-13
 1.800000E+01  3.459352E-13
 1.900000E+01  3.253385E-13
 2.000000E+01  3.058187E-13
 2.100000E+01  2.893356E-13
 2.200000E+01  2.735786E-13
 2.300000E+01  2.590043E-13
 2.400000E+01  2.460564E-13
 2.500000E+01  2.336126E-13
 2.600000E+01  2.223717E-13
 2.700000E+01  2.118629E-13
 2.800000E+01  2.022126E-13
 2.900000E+01  1.931398E-13
 3.000000E+01  1.846245E-13
 3.100000E+01  1.767269E-13
 3.200000E+01  1.691277E-13
 3.300000E+01  1.622365E-13
 3.400000E+01  1.556050E-13
 3.500000E+01  1.495562E-13
 3.600000E+01  1.435971E-13
 3.700000E+01  1.380234E-13
 3.800000E+01  1.328749E-13
 3.900000E+01  1.278229E-13
 4.000000E+01  1.234691E-13
 4.100000E+01  1.189090E-13
 4.200000E+01  1.146749E-13
 4.300000E+01  1.105418E-13
 4.400000E+01  1.066270E-13
 4.500000E+01  1.033184E-13
 4.600000E+01  9.968777E-14
 4.700000E+01  9.643121E-14
 4.800000E+01  9.341033E-14
 4.900000E+01  9.037237E-14
 5.000000E+01  8.740324E-14
