 1.000000E+01  9.888304E-06
 1.100000E+01  6.276687E-06
 1.200000E+01  3.673316E-06
 1.300000E+01  1.892317E-06
 1.400000E+01  8.114908E-07
 1.500000E+01  2.546923E-07
 1.600000E+01  4.227661E-08
 1.700000E+01  7.718149E-10
 1.800000E+01  4.877935E-11
 1.900000E+01  4.222984E-11
 2.000000E+01  3.820381E-11
 2.100000E+01  3.569068E-11
 2.200000E+01  3.376767E-11
 2.300000E+01  3.220250E-11
 2.400000E+01  3.057966E-11
 2.500000E+01  2.919324E-11
 2.600000E+01  2.789662E-11
 2.700000E+01  2.670142E-11
 2.800000E+01  2.555338E-11
 2.900000E+01  2.453593E-11
 3.000000E+01  2.357234E-11
 3.100000E+01  2.265645E-11
 3.200000E+01  2.176953E-11
 3.300000E+01  2.097458E-11
 3.400000E+01  2.021511E-11
 3.500000E+01  1.950647E-11
 3.600000E+01  1.883057E-11
 3.700000E+01  1.815741E-11
 3.800000E+01  1.754544E-11
 3.900000E+01  1.694842E-11
 4.000000E+01  1.639767E-11
 4.100000E+01  1.589055E-11
 4.200000E+01  1.534368E-11
 4.300000E+01  1.491213E-11
 4.400000E+01  1.442432E-11
 4.500000E+01  1.399794E-11
 4.600000E+01  1.358419E-11
 4.700000E+01  1.315818E-11
 4.800000E+01  1.278135E-11
 4.900000E+01  1.244510E-11
 5.000000E+01  1.208398E-11
