 1.000000E+01  4.743078E-05
 1.100000E+01  3.437838E-05
 1.200000E+01  2.405552E-05
 1.300000E+01  1.580379E-05
 1.400000E+01  9.624660E-06
 1.500000E+01  5.303840E-06
 1.600000E+01  2.525360E-06
 1.700000E+01  9.559374E-07
 1.800000E+01  2.415205E-07
 1.900000E+01  2.217981E-08
 2.000000E+01  1.617537E-10
 2.100000E+01  1.387196E-10
 2.200000E+01  1.233646E-10
 2.300000E+01  1.137773E-10
 2.400000E+01  1.073413E-10
 2.500000E+01  1.022709E-10
 2.600000E+01  9.789645E-11
 2.700000E+01  9.361446E-11
 2.800000E+01  8.972805E-11
 2.900000E+01  8.618495E-11
 3.000000E+01  8.281073E-11
 3.100000E+01  7.983166E-11
 3.200000E+01  7.691536E-11
 3.300000E+01  7.410864E-11
 3.400000E+01  7.142676E-11
 3.500000E+01  6.910742E-11
 3.600000E+01  6.671422E-11
 3.700000E+01  6.446944E-11
 3.800000E+01  6.242628E-11
 3.900000E+01  6.045550E-11
 4.000000E+01  5.847312E-11
 4.100000E+01  5.673374E-11
 4.200000E+01  5.503072E-11
 4.300000E+01  5.339357E-11
 4.400000E+01  5.181543E-11
 4.500000E+01  5.033212E-11
 4.600000E+01  4.889997E-11
 4.700000E+01  4.756590E-11
 4.800000E+01  4.623090E-11
 4.900000E+01  4.500140E-11
 5.000000E+01  4.376534E-11
