 1.000000E+01  4.962902E-07
 1.100000E+01  1.558962E-07
 1.200000E+01  2.523356E-08
 1.300000E+01  3.430406E-10
 1.400000E+01  1.201119E-11
 1.500000E+01  1.013559E-11
 1.600000E+01  9.149976E-12
 1.700000E+01  8.547348E-12
 1.800000E+01  7.992947E-12
 1.900000E+01  7.508695E-12
 2.000000E+01  7.073842E-12
 2.100000E+01  6.684740E-12
 2.200000E+01  6.326982E-12
 2.300000E+01  6.005153E-12
 2.400000E+01  5.704757E-12
 2.500000E+01  5.428871E-12
 2.600000E+01  5.164865E-12
 2.700000E+01  4.931444E-12
 2.800000E+01  4.713155E-12
 2.900000E+01  4.500941E-12
 3.000000E+01  4.312005E-12
 3.100000E+01  4.128116E-12
 3.200000E+01  3.957469E-12
 3.300000E+01  3.798249E-12
 3.400000E+01  3.646999E-12
 3.500000E+01  3.505396E-12
 3.600000E+01  3.375379E-12
 3.700000E+01  3.239920E-12
 3.800000E+01  3.131398E-12
 3.900000E+01  3.013311E-12
 4.000000E+01  2.905037E-12
 4.100000E+01  2.803000E-12
 4.200000E+01  2.705641E-12
 4.300000E+01  2.611922E-12
 4.400000E+01  2.527468E-12
 4.500000E+01  2.446247E-12
 4.600000E+01  2.366490E-12
 4.700000E+01  2.286432E-12
 4.800000E+01  2.215696E-12
 4.900000E+01  2.144856E-12
 5.000000E+01  2.077941E-12
