 1.000000E+01  8.242793E-06
 1.100000E+01  3.120487E-06
 1.200000E+01  7.549124E-07
 1.300000E+01  5.833369E-08
 1.400000E+01  1.622991E-10
 1.500000E+01  1.320156E-10
 1.600000E+01  1.157582E-10
 1.700000E+01  1.068034E-10
 1.800000E+01  1.000689E-10
 1.900000E+01  9.396495E-11
 2.000000E+01  8.861197E-11
 2.100000E+01  8.371718E-11
 2.200000E+01  7.934171E-11
 2.300000E+01  7.527389E-11
 2.400000E+01  7.155387E-11
 2.500000E+01  6.820456E-11
 2.600000E+01  6.486132E-11
 2.700000E+01  6.201437E-11
 2.800000E+01  5.922545E-11
 2.900000E+01  5.666786E-11
 3.000000E+01  5.427543E-11
 3.100000E+01  5.201991E-11
 3.200000E+01  4.985195E-11
 3.300000E+01  4.788776E-11
 3.400000E+01  4.605525E-11
 3.500000E+01  4.431837E-11
 3.600000E+01  4.258355E-11
 3.700000E+01  4.103727E-11
 3.800000E+01  3.950485E-11
 3.900000E+01  3.811160E-11
 4.000000E+01  3.676681E-11
 4.100000E+01  3.547495E-11
 4.200000E+01  3.433090E-11
 4.300000E+01  3.308059E-11
 4.400000E+01  3.207145E-11
 4.500000E+01  3.099507E-11
 4.600000E+01  2.996188E-11
 4.700000E+01  2.903113E-11
 4.800000E+01  2.811139E-11
 4.900000E+01  2.725540E-11
 5.000000E+01  2.642388E-11
