 1.000000E+01  9.869385E-06
 1.100000E+01  6.274613E-06
 1.200000E+01  3.648264E-06
 1.300000E+01  1.887352E-06
 1.400000E+01  8.125433E-07
 1.500000E+01  2.539474E-07
 1.600000E+01  4.221402E-08
 1.700000E+01  7.717470E-10
 1.800000E+01  4.878883E-11
 1.900000E+01  4.215715E-11
 2.000000E+01  3.814104E-11
 2.100000E+01  3.566598E-11
 2.200000E+01  3.376947E-11
 2.300000E+01  3.210889E-11
 2.400000E+01  3.061307E-11
 2.500000E+01  2.914244E-11
 2.600000E+01  2.790024E-11
 2.700000E+01  2.670599E-11
 2.800000E+01  2.556247E-11
 2.900000E+01  2.452848E-11
 3.000000E+01  2.356955E-11
 3.100000E+01  2.263905E-11
 3.200000E+01  2.177023E-11
 3.300000E+01  2.098027E-11
 3.400000E+01  2.020789E-11
 3.500000E+01  1.945831E-11
 3.600000E+01  1.877657E-11
 3.700000E+01  1.815328E-11
 3.800000E+01  1.751950E-11
 3.900000E+01  1.696823E-11
 4.000000E+01  1.640565E-11
 4.100000E+01  1.588169E-11
 4.200000E+01  1.538995E-11
 4.300000E+01  1.488637E-11
 4.400000E+01  1.443503E-11
 4.500000E+01  1.400265E-11
 4.600000E+01  1.357543E-11
 4.700000E+01  1.318227E-11
 4.800000E+01  1.280400E-11
 4.900000E+01  1.242798E-11
 5.000000E+01  1.207886E-11
