 1.000000E+01  1.996156E-06
 1.100000E+01  1.190630E-06
 1.200000E+01  6.360494E-07
 1.300000E+01  2.846512E-07
 1.400000E+01  9.850197E-08
 1.500000E+01  1.981648E-08
 1.600000E+01  8.470497E-10
 1.700000E+01  1.258548E-11
 1.800000E+01  1.071020E-11
 1.900000E+01  9.607616E-12
 2.000000E+01  8.929604E-12
 2.100000E+01  8.425749E-12
 2.200000E+01  7.996665E-12
 2.300000E+01  7.614758E-12
 2.400000E+01  7.226797E-12
 2.500000E+01  6.909175E-12
 2.600000E+01  6.580155E-12
 2.700000E+01  6.300367E-12
 2.800000E+01  6.034113E-12
 2.900000E+01  5.784519E-12
 3.000000E+01  5.557722E-12
 3.100000E+01  5.330319E-12
 3.200000E+01  5.124776E-12
 3.300000E+01  4.940798E-12
 3.400000E+01  4.750408E-12
 3.500000E+01  4.572662E-12
 3.600000E+01  4.416246E-12
 3.700000E+01  4.255791E-12
 3.800000E+01  4.112505E-12
 3.900000E+01  3.976140E-12
 4.000000E+01  3.843062E-12
 4.100000E+01  3.719690E-12
 4.200000E+01  3.601715E-12
 4.300000E+01  3.487891E-12
 4.400000E+01  3.374314E-12
 4.500000E+01  3.268879E-12
 4.600000E+01  3.176257E-12
 4.700000E+01  3.073802E-12
 4.800000E+01  2.988812E-12
 4.900000E+01  2.902401E-12
 5.000000E+01  2.814671E-12
