 1.000000E+01  2.231045E-05
 1.100000E+01  1.169286E-05
 1.200000E+01  5.090515E-06
 1.300000E+01  1.633892E-06
 1.400000E+01  2.778836E-07
 1.500000E+01  5.626212E-09
 1.600000E+01  1.952232E-10
 1.700000E+01  1.666685E-10
 1.800000E+01  1.504341E-10
 1.900000E+01  1.403596E-10
 2.000000E+01  1.322950E-10
 2.100000E+01  1.252540E-10
 2.200000E+01  1.186376E-10
 2.300000E+01  1.127036E-10
 2.400000E+01  1.073545E-10
 2.500000E+01  1.020799E-10
 2.600000E+01  9.765809E-11
 2.700000E+01  9.310370E-11
 2.800000E+01  8.929017E-11
 2.900000E+01  8.540946E-11
 3.000000E+01  8.198384E-11
 3.100000E+01  7.866766E-11
 3.200000E+01  7.557982E-11
 3.300000E+01  7.278216E-11
 3.400000E+01  6.986168E-11
 3.500000E+01  6.732417E-11
 3.600000E+01  6.482206E-11
 3.700000E+01  6.254868E-11
 3.800000E+01  6.042217E-11
 3.900000E+01  5.819901E-11
 4.000000E+01  5.630797E-11
 4.100000E+01  5.439381E-11
 4.200000E+01  5.258730E-11
 4.300000E+01  5.094013E-11
 4.400000E+01  4.922045E-11
 4.500000E+01  4.768981E-11
 4.600000E+01  4.620449E-11
 4.700000E+01  4.480602E-11
 4.800000E+01  4.348542E-11
 4.900000E+01  4.216967E-11
 5.000000E+01  4.093696E-11
