 1.000000E+01  7.379622E-06
 1.100000E+01  3.218040E-06
 1.200000E+01  1.032360E-06
 1.300000E+01  1.715941E-07
 1.400000E+01  2.875690E-09
 1.500000E+01  9.778733E-11
 1.600000E+01  8.281159E-11
 1.700000E+01  7.476207E-11
 1.800000E+01  6.973043E-11
 1.900000E+01  6.539064E-11
 2.000000E+01  6.180671E-11
 2.100000E+01  5.843238E-11
 2.200000E+01  5.531305E-11
 2.300000E+01  5.262370E-11
 2.400000E+01  5.002703E-11
 2.500000E+01  4.762044E-11
 2.600000E+01  4.538178E-11
 2.700000E+01  4.329097E-11
 2.800000E+01  4.143072E-11
 2.900000E+01  3.963931E-11
 3.000000E+01  3.796922E-11
 3.100000E+01  3.647392E-11
 3.200000E+01  3.499176E-11
 3.300000E+01  3.357296E-11
 3.400000E+01  3.230698E-11
 3.500000E+01  3.106745E-11
 3.600000E+01  2.992909E-11
 3.700000E+01  2.880307E-11
 3.800000E+01  2.781732E-11
 3.900000E+01  2.682259E-11
 4.000000E+01  2.586876E-11
 4.100000E+01  2.499694E-11
 4.200000E+01  2.416577E-11
 4.300000E+01  2.335352E-11
 4.400000E+01  2.257581E-11
 4.500000E+01  2.188838E-11
 4.600000E+01  2.117534E-11
 4.700000E+01  2.053465E-11
 4.800000E+01  1.987320E-11
 4.900000E+01  1.922801E-11
 5.000000E+01  1.869057E-11
