 1.000000E+01  5.999315E-06
 1.100000E+01  4.030010E-06
 1.200000E+01  2.546186E-06
 1.300000E+01  1.460308E-06
 1.400000E+01  7.355426E-07
 1.500000E+01  3.045619E-07
 1.600000E+01  8.990176E-08
 1.700000E+01  1.271128E-08
 1.800000E+01  1.076138E-10
 1.900000E+01  2.410578E-11
 2.000000E+01  2.103546E-11
 2.100000E+01  1.914500E-11
 2.200000E+01  1.795079E-11
 2.300000E+01  1.702986E-11
 2.400000E+01  1.625501E-11
 2.500000E+01  1.548855E-11
 2.600000E+01  1.478698E-11
 2.700000E+01  1.414769E-11
 2.800000E+01  1.357639E-11
 2.900000E+01  1.302620E-11
 3.000000E+01  1.252347E-11
 3.100000E+01  1.205310E-11
 3.200000E+01  1.161045E-11
 3.300000E+01  1.117244E-11
 3.400000E+01  1.076442E-11
 3.500000E+01  1.038403E-11
 3.600000E+01  1.003294E-11
 3.700000E+01  9.672683E-12
 3.800000E+01  9.368878E-12
 3.900000E+01  9.069180E-12
 4.000000E+01  8.778433E-12
 4.100000E+01  8.491617E-12
 4.200000E+01  8.233528E-12
 4.300000E+01  7.973324E-12
 4.400000E+01  7.729876E-12
 4.500000E+01  7.506941E-12
 4.600000E+01  7.283853E-12
 4.700000E+01  7.083550E-12
 4.800000E+01  6.869381E-12
 4.900000E+01  6.673066E-12
 5.000000E+01  6.489521E-12
