 1.000000E+01  6.001149E-06
 1.100000E+01  4.023350E-06
 1.200000E+01  2.545324E-06
 1.300000E+01  1.457594E-06
 1.400000E+01  7.371750E-07
 1.500000E+01  2.984530E-07
 1.600000E+01  8.993617E-08
 1.700000E+01  1.274037E-08
 1.800000E+01  1.077094E-10
 1.900000E+01  2.410871E-11
 2.000000E+01  2.103910E-11
 2.100000E+01  1.913329E-11
 2.200000E+01  1.795959E-11
 2.300000E+01  1.705795E-11
 2.400000E+01  1.622650E-11
 2.500000E+01  1.547888E-11
 2.600000E+01  1.479401E-11
 2.700000E+01  1.417643E-11
 2.800000E+01  1.357291E-11
 2.900000E+01  1.306405E-11
 3.000000E+01  1.252058E-11
 3.100000E+01  1.205222E-11
 3.200000E+01  1.158493E-11
 3.300000E+01  1.116477E-11
 3.400000E+01  1.078350E-11
 3.500000E+01  1.038566E-11
 3.600000E+01  1.003386E-11
 3.700000E+01  9.705427E-12
 3.800000E+01  9.385772E-12
 3.900000E+01  9.064698E-12
 4.000000E+01  8.760464E-12
 4.100000E+01  8.488968E-12
 4.200000E+01  8.234140E-12
 4.300000E+01  7.974187E-12
 4.400000E+01  7.732131E-12
 4.500000E+01  7.503678E-12
 4.600000E+01  7.278135E-12
 4.700000E+01  7.082201E-12
 4.800000E+01  6.861948E-12
 4.900000E+01  6.679753E-12
 5.000000E+01  6.492462E-12
