 1.000000E+01  2.391954E-05
 1.100000E+01  1.620619E-05
 1.200000E+01  1.019090E-05
 1.300000E+01  5.831018E-06
 1.400000E+01  2.943226E-06
 1.500000E+01  1.223831E-06
 1.600000E+01  3.602930E-07
 1.700000E+01  5.072201E-08
 1.800000E+01  4.308525E-10
 1.900000E+01  9.625465E-11
 2.000000E+01  8.406939E-11
 2.100000E+01  7.667329E-11
 2.200000E+01  7.180557E-11
 2.300000E+01  6.812887E-11
 2.400000E+01  6.487777E-11
 2.500000E+01  6.184494E-11
 2.600000E+01  5.923140E-11
 2.700000E+01  5.664320E-11
 2.800000E+01  5.445070E-11
 2.900000E+01  5.217434E-11
 3.000000E+01  5.010316E-11
 3.100000E+01  4.819721E-11
 3.200000E+01  4.632359E-11
 3.300000E+01  4.470302E-11
 3.400000E+01  4.304838E-11
 3.500000E+01  4.155538E-11
 3.600000E+01  4.012610E-11
 3.700000E+01  3.871237E-11
 3.800000E+01  3.744954E-11
 3.900000E+01  3.620983E-11
 4.000000E+01  3.504858E-11
 4.100000E+01  3.395193E-11
 4.200000E+01  3.300281E-11
 4.300000E+01  3.191317E-11
 4.400000E+01  3.094518E-11
 4.500000E+01  3.001779E-11
 4.600000E+01  2.916791E-11
 4.700000E+01  2.831936E-11
 4.800000E+01  2.751451E-11
 4.900000E+01  2.672439E-11
 5.000000E+01  2.595396E-11
