 1.000000E+01  5.504205E-05
 1.100000E+01  4.560620E-05
 1.200000E+01  3.699181E-05
 1.300000E+01  2.920525E-05
 1.400000E+01  2.261645E-05
 1.500000E+01  1.696527E-05
 1.600000E+01  1.225958E-05
 1.700000E+01  8.413816E-06
 1.800000E+01  5.481948E-06
 1.900000E+01  3.319388E-06
 2.000000E+01  1.807969E-06
 2.100000E+01  8.636126E-07
 2.200000E+01  3.267172E-07
 2.300000E+01  8.157153E-08
 2.400000E+01  7.574366E-09
 2.500000E+01  1.109580E-10
 2.600000E+01  9.759675E-11
 2.700000E+01  8.809707E-11
 2.800000E+01  8.110883E-11
 2.900000E+01  7.628910E-11
 3.000000E+01  7.277733E-11
 3.100000E+01  7.014310E-11
 3.200000E+01  6.769010E-11
 3.300000E+01  6.532991E-11
 3.400000E+01  6.307405E-11
 3.500000E+01  6.107885E-11
 3.600000E+01  5.917959E-11
 3.700000E+01  5.728239E-11
 3.800000E+01  5.551909E-11
 3.900000E+01  5.389045E-11
 4.000000E+01  5.232159E-11
 4.100000E+01  5.082017E-11
 4.200000E+01  4.934587E-11
 4.300000E+01  4.799029E-11
 4.400000E+01  4.661946E-11
 4.500000E+01  4.552140E-11
 4.600000E+01  4.424656E-11
 4.700000E+01  4.307853E-11
 4.800000E+01  4.198994E-11
 4.900000E+01  4.097700E-11
 5.000000E+01  3.985348E-11
