 1.000000E+01  1.254791E-04
 1.142857E+01  1.425701E-04
 1.285714E+01  1.536215E-04
 1.428571E+01  1.575255E-04
 1.571429E+01  1.537858E-04
 1.714286E+01  1.421416E-04
 1.857143E+01  1.234877E-04
 2.000000E+01  9.988505E-05
 2.142857E+01  7.340301E-05
 2.285714E+01  4.862878E-05
 2.428571E+01  2.678119E-05
 2.571429E+01  9.302183E-06
 2.714286E+01  3.372770E-07
 2.857143E+01  2.268843E-10
 3.000000E+01  2.127850E-10
 3.142857E+01  1.977994E-10
 3.285714E+01  1.843817E-10
 3.428571E+01  1.714020E-10
 3.571429E+01  1.603294E-10
 3.714286E+01  1.493771E-10
 3.857143E+01  1.400882E-10
 4.000000E+01  1.313334E-10
 4.142857E+01  1.232727E-10
 4.285714E+01  1.157737E-10
 4.428571E+01  1.090746E-10
 4.571429E+01  1.028790E-10
 4.714286E+01  9.696958E-11
 4.857143E+01  9.147532E-11
 5.000000E+01  8.650366E-11
 5.142857E+01  8.177028E-11
 5.285714E+01  7.742344E-11
 5.428571E+01  7.339373E-11
 5.571429E+01  6.958021E-11
 5.714286E+01  6.593851E-11
 5.857143E+01  6.259708E-11
 6.000000E+01  5.941724E-11
 6.142857E+01  5.643287E-11
 6.285714E+01  5.365635E-11
 6.428571E+01  5.105920E-11
 6.571429E+01  4.853592E-11
 6.714286E+01  4.624264E-11
 6.857143E+01  4.406533E-11
 7.000000E+01  4.202462E-11
 7.142857E+01  4.009684E-11
 7.285714E+01  3.817538E-11
 7.428571E+01  3.647488E-11
 7.571429E+01  3.475114E-11
 7.714286E+01  3.315463E-11
 7.857143E+01  3.170238E-11
 8.000000E+01  3.029707E-11
