 1.000000E+01  5.492259E-05
 1.142857E+01  6.623211E-05
 1.285714E+01  7.714299E-05
 1.428571E+01  8.624691E-05
 1.571429E+01  9.379235E-05
 1.714286E+01  9.922111E-05
 1.857143E+01  1.021624E-04
 2.000000E+01  1.021315E-04
 2.142857E+01  9.944680E-05
 2.285714E+01  9.420176E-05
 2.428571E+01  8.636911E-05
 2.571429E+01  7.648557E-05
 2.714286E+01  6.498859E-05
 2.857143E+01  5.278973E-05
 3.000000E+01  4.042409E-05
 3.142857E+01  2.914458E-05
 3.285714E+01  1.892484E-05
 3.428571E+01  1.005141E-05
 3.571429E+01  3.418545E-06
 3.714286E+01  1.500690E-07
 3.857143E+01  1.494365E-10
 4.000000E+01  1.421476E-10
 4.142857E+01  1.352950E-10
 4.285714E+01  1.280340E-10
 4.428571E+01  1.216468E-10
 4.571429E+01  1.152901E-10
 4.714286E+01  1.096075E-10
 4.857143E+01  1.042733E-10
 5.000000E+01  9.896530E-11
 5.142857E+01  9.441916E-11
 5.285714E+01  9.000483E-11
 5.428571E+01  8.592281E-11
 5.571429E+01  8.185176E-11
 5.714286E+01  7.816512E-11
 5.857143E+01  7.475633E-11
 6.000000E+01  7.155847E-11
 6.142857E+01  6.850510E-11
 6.285714E+01  6.554393E-11
 6.428571E+01  6.274890E-11
 6.571429E+01  6.011675E-11
 6.714286E+01  5.772778E-11
 6.857143E+01  5.542641E-11
 7.000000E+01  5.311601E-11
 7.142857E+01  5.100604E-11
 7.285714E+01  4.902972E-11
 7.428571E+01  4.715235E-11
 7.571429E+01  4.525326E-11
 7.714286E+01  4.358212E-11
 7.857143E+01  4.193916E-11
 8.000000E+01  4.027588E-11
