 1.000000E+01  3.057730E-06
 1.142857E+01  3.360111E-06
 1.285714E+01  3.493606E-06
 1.428571E+01  3.411277E-06
 1.571429E+01  3.130938E-06
 1.714286E+01  2.654357E-06
 1.857143E+01  2.053988E-06
 2.000000E+01  1.414206E-06
 2.142857E+01  8.431657E-07
 2.285714E+01  3.567886E-07
 2.428571E+01  4.606551E-08
 2.571429E+01  5.110028E-12
 2.714286E+01  4.745458E-12
 2.857143E+01  4.395337E-12
 3.000000E+01  4.059984E-12
 3.142857E+01  3.755672E-12
 3.285714E+01  3.485137E-12
 3.428571E+01  3.234423E-12
 3.571429E+01  3.013461E-12
 3.714286E+01  2.806485E-12
 3.857143E+01  2.619781E-12
 4.000000E+01  2.452866E-12
 4.142857E+01  2.299379E-12
 4.285714E+01  2.155753E-12
 4.428571E+01  2.026651E-12
 4.571429E+01  1.899984E-12
 4.714286E+01  1.786380E-12
 4.857143E+01  1.684333E-12
 5.000000E+01  1.587683E-12
 5.142857E+01  1.497734E-12
 5.285714E+01  1.413271E-12
 5.428571E+01  1.335008E-12
 5.571429E+01  1.263494E-12
 5.714286E+01  1.193990E-12
 5.857143E+01  1.131545E-12
 6.000000E+01  1.071107E-12
 6.142857E+01  1.014285E-12
 6.285714E+01  9.614103E-13
 6.428571E+01  9.125194E-13
 6.571429E+01  8.663332E-13
 6.714286E+01  8.214814E-13
 6.857143E+01  7.812425E-13
 7.000000E+01  7.406163E-13
 7.142857E+01  7.051723E-13
 7.285714E+01  6.699216E-13
 7.428571E+01  6.375904E-13
 7.571429E+01  6.075036E-13
 7.714286E+01  5.783197E-13
 7.857143E+01  5.510971E-13
 8.000000E+01  5.254229E-13
