 1.000000E+01  1.160126E-05
 1.142857E+01  1.379508E-05
 1.285714E+01  1.566424E-05
 1.428571E+01  1.712011E-05
 1.571429E+01  1.814446E-05
 1.714286E+01  1.862366E-05
 1.857143E+01  1.843843E-05
 2.000000E+01  1.757226E-05
 2.142857E+01  1.618524E-05
 2.285714E+01  1.428045E-05
 2.428571E+01  1.198422E-05
 2.571429E+01  9.463945E-06
 2.714286E+01  6.977388E-06
 2.857143E+01  4.744174E-06
 3.000000E+01  2.731933E-06
 3.142857E+01  1.115705E-06
 3.285714E+01  1.457625E-07
 3.428571E+01  2.744158E-11
 3.571429E+01  2.603467E-11
 3.714286E+01  2.452393E-11
 3.857143E+01  2.315847E-11
 4.000000E+01  2.184789E-11
 4.142857E+01  2.061023E-11
 4.285714E+01  1.943263E-11
 4.428571E+01  1.840788E-11
 4.571429E+01  1.739998E-11
 4.714286E+01  1.649411E-11
 4.857143E+01  1.565830E-11
 5.000000E+01  1.486470E-11
 5.142857E+01  1.414518E-11
 5.285714E+01  1.341628E-11
 5.428571E+01  1.280267E-11
 5.571429E+01  1.215893E-11
 5.714286E+01  1.159977E-11
 5.857143E+01  1.105905E-11
 6.000000E+01  1.057265E-11
 6.142857E+01  1.009553E-11
 6.285714E+01  9.628500E-12
 6.428571E+01  9.214877E-12
 6.571429E+01  8.814578E-12
 6.714286E+01  8.430202E-12
 6.857143E+01  8.072893E-12
 7.000000E+01  7.724635E-12
 7.142857E+01  7.406307E-12
 7.285714E+01  7.085240E-12
 7.428571E+01  6.808501E-12
 7.571429E+01  6.527839E-12
 7.714286E+01  6.270237E-12
 7.857143E+01  6.013958E-12
 8.000000E+01  5.777889E-12
