 1.000000E+01  1.145161E-04
 1.142857E+01  1.397072E-04
 1.285714E+01  1.641267E-04
 1.428571E+01  1.859768E-04
 1.571429E+01  2.051138E-04
 1.714286E+01  2.206537E-04
 1.857143E+01  2.320438E-04
 2.000000E+01  2.374833E-04
 2.142857E+01  2.375815E-04
 2.285714E+01  2.327848E-04
 2.428571E+01  2.218691E-04
 2.571429E+01  2.062690E-04
 2.714286E+01  1.858695E-04
 2.857143E+01  1.619421E-04
 3.000000E+01  1.356773E-04
 3.142857E+01  1.085865E-04
 3.285714E+01  8.262418E-05
 3.428571E+01  5.896624E-05
 3.571429E+01  3.741130E-05
 3.714286E+01  1.910530E-05
 3.857143E+01  5.900427E-06
 4.000000E+01  9.121407E-08
 4.142857E+01  3.462887E-10
 4.285714E+01  3.320532E-10
 4.428571E+01  3.167174E-10
 4.571429E+01  3.011210E-10
 4.714286E+01  2.870997E-10
 4.857143E+01  2.729584E-10
 5.000000E+01  2.597272E-10
 5.142857E+01  2.481586E-10
 5.285714E+01  2.366974E-10
 5.428571E+01  2.263131E-10
 5.571429E+01  2.161058E-10
 5.714286E+01  2.066326E-10
 5.857143E+01  1.977501E-10
 6.000000E+01  1.889805E-10
 6.142857E+01  1.813616E-10
 6.285714E+01  1.739743E-10
 6.428571E+01  1.669979E-10
 6.571429E+01  1.602412E-10
 6.714286E+01  1.540143E-10
 6.857143E+01  1.477271E-10
 7.000000E+01  1.421034E-10
 7.142857E+01  1.366812E-10
 7.285714E+01  1.315092E-10
 7.428571E+01  1.264964E-10
 7.571429E+01  1.218507E-10
 7.714286E+01  1.172264E-10
 7.857143E+01  1.132003E-10
 8.000000E+01  1.089072E-10
