 1.000000E+01  1.147314E-04
 1.142857E+01  1.396284E-04
 1.285714E+01  1.638792E-04
 1.428571E+01  1.862465E-04
 1.571429E+01  2.052636E-04
 1.714286E+01  2.210886E-04
 1.857143E+01  2.320518E-04
 2.000000E+01  2.375936E-04
 2.142857E+01  2.379317E-04
 2.285714E+01  2.333129E-04
 2.428571E+01  2.220345E-04
 2.571429E+01  2.062144E-04
 2.714286E+01  1.857382E-04
 2.857143E+01  1.621657E-04
 3.000000E+01  1.357977E-04
 3.142857E+01  1.086226E-04
 3.285714E+01  8.240757E-05
 3.428571E+01  5.905598E-05
 3.571429E+01  3.737841E-05
 3.714286E+01  1.907360E-05
 3.857143E+01  5.920101E-06
 4.000000E+01  9.122146E-08
 4.142857E+01  3.476520E-10
 4.285714E+01  3.317934E-10
 4.428571E+01  3.165783E-10
 4.571429E+01  3.014793E-10
 4.714286E+01  2.866925E-10
 4.857143E+01  2.732549E-10
 5.000000E+01  2.602559E-10
 5.142857E+01  2.479492E-10
 5.285714E+01  2.368433E-10
 5.428571E+01  2.263397E-10
 5.571429E+01  2.159658E-10
 5.714286E+01  2.068518E-10
 5.857143E+01  1.975581E-10
 6.000000E+01  1.892317E-10
 6.142857E+01  1.813116E-10
 6.285714E+01  1.743271E-10
 6.428571E+01  1.670339E-10
 6.571429E+01  1.605016E-10
 6.714286E+01  1.538863E-10
 6.857143E+01  1.477459E-10
 7.000000E+01  1.422015E-10
 7.142857E+01  1.366329E-10
 7.285714E+01  1.313206E-10
 7.428571E+01  1.268725E-10
 7.571429E+01  1.219412E-10
 7.714286E+01  1.174363E-10
 7.857143E+01  1.130892E-10
 8.000000E+01  1.089754E-10
