 1.000000E+01  3.143318E-05
 1.142857E+01  3.627978E-05
 1.285714E+01  3.981703E-05
 1.428571E+01  4.165351E-05
 1.571429E+01  4.162953E-05
 1.714286E+01  3.985749E-05
 1.857143E+01  3.622800E-05
 2.000000E+01  3.099197E-05
 2.142857E+01  2.476068E-05
 2.285714E+01  1.807676E-05
 2.428571E+01  1.191320E-05
 2.571429E+01  6.501293E-06
 2.714286E+01  2.227137E-06
 2.857143E+01  7.471142E-08
 3.000000E+01  6.046261E-11
 3.142857E+01  5.683095E-11
 3.285714E+01  5.304565E-11
 3.428571E+01  4.963337E-11
 3.571429E+01  4.635126E-11
 3.714286E+01  4.336746E-11
 3.857143E+01  4.068697E-11
 4.000000E+01  3.817060E-11
 4.142857E+01  3.585919E-11
 4.285714E+01  3.374580E-11
 4.428571E+01  3.185059E-11
 4.571429E+01  3.002824E-11
 4.714286E+01  2.835650E-11
 4.857143E+01  2.677378E-11
 5.000000E+01  2.536414E-11
 5.142857E+01  2.398152E-11
 5.285714E+01  2.273783E-11
 5.428571E+01  2.157435E-11
 5.571429E+01  2.050199E-11
 5.714286E+01  1.947065E-11
 5.857143E+01  1.851945E-11
 6.000000E+01  1.757560E-11
 6.142857E+01  1.673309E-11
 6.285714E+01  1.594004E-11
 6.428571E+01  1.517158E-11
 6.571429E+01  1.444411E-11
 6.714286E+01  1.378511E-11
 6.857143E+01  1.314607E-11
 7.000000E+01  1.254171E-11
 7.142857E+01  1.195964E-11
 7.285714E+01  1.142869E-11
 7.428571E+01  1.092028E-11
 7.571429E+01  1.044867E-11
 7.714286E+01  9.980890E-12
 7.857143E+01  9.557247E-12
 8.000000E+01  9.140163E-12
