 1.000000E+01  3.147145E-05
 1.142857E+01  3.625803E-05
 1.285714E+01  3.982635E-05
 1.428571E+01  4.171941E-05
 1.571429E+01  4.177813E-05
 1.714286E+01  3.981626E-05
 1.857143E+01  3.623091E-05
 2.000000E+01  3.105141E-05
 2.142857E+01  2.471990E-05
 2.285714E+01  1.799591E-05
 2.428571E+01  1.193658E-05
 2.571429E+01  6.507950E-06
 2.714286E+01  2.222343E-06
 2.857143E+01  7.460500E-08
 3.000000E+01  6.064581E-11
 3.142857E+01  5.679501E-11
 3.285714E+01  5.307846E-11
 3.428571E+01  4.945102E-11
 3.571429E+01  4.633136E-11
 3.714286E+01  4.332138E-11
 3.857143E+01  4.062317E-11
 4.000000E+01  3.813691E-11
 4.142857E+01  3.583157E-11
 4.285714E+01  3.376231E-11
 4.428571E+01  3.178236E-11
 4.571429E+01  3.000956E-11
 4.714286E+01  2.836615E-11
 4.857143E+01  2.679728E-11
 5.000000E+01  2.534692E-11
 5.142857E+01  2.402423E-11
 5.285714E+01  2.275421E-11
 5.428571E+01  2.155712E-11
 5.571429E+01  2.051029E-11
 5.714286E+01  1.945329E-11
 5.857143E+01  1.848957E-11
 6.000000E+01  1.761646E-11
 6.142857E+01  1.673064E-11
 6.285714E+01  1.590466E-11
 6.428571E+01  1.517206E-11
 6.571429E+01  1.443775E-11
 6.714286E+01  1.378203E-11
 6.857143E+01  1.314256E-11
 7.000000E+01  1.255170E-11
 7.142857E+01  1.197070E-11
 7.285714E+01  1.142337E-11
 7.428571E+01  1.092660E-11
 7.571429E+01  1.043771E-11
 7.714286E+01  9.969747E-12
 7.857143E+01  9.551544E-12
 8.000000E+01  9.128299E-12
