 1.000000E+01  1.159849E-05
 1.142857E+01  1.377820E-05
 1.285714E+01  1.569176E-05
 1.428571E+01  1.714838E-05
 1.571429E+01  1.810792E-05
 1.714286E+01  1.858627E-05
 1.857143E+01  1.837452E-05
 2.000000E+01  1.758534E-05
 2.142857E+01  1.618068E-05
 2.285714E+01  1.426879E-05
 2.428571E+01  1.197964E-05
 2.571429E+01  9.478330E-06
 2.714286E+01  6.975499E-06
 2.857143E+01  4.754458E-06
 3.000000E+01  2.737458E-06
 3.142857E+01  1.116342E-06
 3.285714E+01  1.458441E-07
 3.428571E+01  2.738067E-11
 3.571429E+01  2.597155E-11
 3.714286E+01  2.457999E-11
 3.857143E+01  2.318488E-11
 4.000000E+01  2.183842E-11
 4.142857E+01  2.063788E-11
 4.285714E+01  1.945781E-11
 4.428571E+01  1.842457E-11
 4.571429E+01  1.742467E-11
 4.714286E+01  1.650208E-11
 4.857143E+01  1.563602E-11
 5.000000E+01  1.484325E-11
 5.142857E+01  1.412663E-11
 5.285714E+01  1.344056E-11
 5.428571E+01  1.279310E-11
 5.571429E+01  1.217449E-11
 5.714286E+01  1.160815E-11
 5.857143E+01  1.104227E-11
 6.000000E+01  1.054963E-11
 6.142857E+01  1.008825E-11
 6.285714E+01  9.643281E-12
 6.428571E+01  9.218021E-12
 6.571429E+01  8.794160E-12
 6.714286E+01  8.430661E-12
 6.857143E+01  8.063745E-12
 7.000000E+01  7.732429E-12
 7.142857E+01  7.403094E-12
 7.285714E+01  7.104712E-12
 7.428571E+01  6.810564E-12
 7.571429E+01  6.534843E-12
 7.714286E+01  6.263504E-12
 7.857143E+01  6.011385E-12
 8.000000E+01  5.768869E-12
