 1.000000E+01  4.629498E-06
 1.142857E+01  5.755136E-06
 1.285714E+01  6.953003E-06
 1.428571E+01  8.146705E-06
 1.571429E+01  9.290096E-06
 1.714286E+01  1.037100E-05
 1.857143E+01  1.135947E-05
 2.000000E+01  1.220901E-05
 2.142857E+01  1.291578E-05
 2.285714E+01  1.345954E-05
 2.428571E+01  1.384062E-05
 2.571429E+01  1.393493E-05
 2.714286E+01  1.393966E-05
 2.857143E+01  1.362613E-05
 3.000000E+01  1.315393E-05
 3.142857E+01  1.250029E-05
 3.285714E+01  1.163805E-05
 3.428571E+01  1.058612E-05
 3.571429E+01  9.461927E-06
 3.714286E+01  8.213967E-06
 3.857143E+01  6.929627E-06
 4.000000E+01  5.665312E-06
 4.142857E+01  4.467240E-06
 4.285714E+01  3.367085E-06
 4.428571E+01  2.343244E-06
 4.571429E+01  1.424208E-06
 4.714286E+01  6.840408E-07
 4.857143E+01  1.840290E-07
 5.000000E+01  2.158595E-11
 5.142857E+01  2.043635E-11
 5.285714E+01  1.972158E-11
 5.428571E+01  1.902383E-11
 5.571429E+01  1.830417E-11
 5.714286E+01  1.758743E-11
 5.857143E+01  1.686846E-11
 6.000000E+01  1.622272E-11
 6.142857E+01  1.560247E-11
 6.285714E+01  1.505455E-11
 6.428571E+01  1.446612E-11
 6.571429E+01  1.393678E-11
 6.714286E+01  1.341678E-11
 6.857143E+01  1.295476E-11
 7.000000E+01  1.247662E-11
 7.142857E+01  1.206043E-11
 7.285714E+01  1.164253E-11
 7.428571E+01  1.122837E-11
 7.571429E+01  1.084084E-11
 7.714286E+01  1.048921E-11
 7.857143E+01  1.013775E-11
 8.000000E+01  9.818810E-12
