 1.000000E+01  4.627874E-06
 1.142857E+01  5.762726E-06
 1.285714E+01  6.964807E-06
 1.428571E+01  8.123451E-06
 1.571429E+01  9.261934E-06
 1.714286E+01  1.037781E-05
 1.857143E+01  1.134359E-05
 2.000000E+01  1.221559E-05
 2.142857E+01  1.291825E-05
 2.285714E+01  1.343740E-05
 2.428571E+01  1.384632E-05
 2.571429E+01  1.397832E-05
 2.714286E+01  1.389089E-05
 2.857143E+01  1.366813E-05
 3.000000E+01  1.320361E-05
 3.142857E+01  1.252430E-05
 3.285714E+01  1.161406E-05
 3.428571E+01  1.061243E-05
 3.571429E+01  9.454822E-06
 3.714286E+01  8.241035E-06
 3.857143E+01  6.929913E-06
 4.000000E+01  5.667694E-06
 4.142857E+01  4.461395E-06
 4.285714E+01  3.370334E-06
 4.428571E+01  2.345359E-06
 4.571429E+01  1.423381E-06
 4.714286E+01  6.829081E-07
 4.857143E+01  1.842187E-07
 5.000000E+01  2.157647E-11
 5.142857E+01  2.042773E-11
 5.285714E+01  1.975066E-11
 5.428571E+01  1.900539E-11
 5.571429E+01  1.824668E-11
 5.714286E+01  1.755769E-11
 5.857143E+01  1.689960E-11
 6.000000E+01  1.624897E-11
 6.142857E+01  1.560427E-11
 6.285714E+01  1.503216E-11
 6.428571E+01  1.445098E-11
 6.571429E+01  1.393683E-11
 6.714286E+01  1.341927E-11
 6.857143E+01  1.295933E-11
 7.000000E+01  1.248860E-11
 7.142857E+01  1.203734E-11
 7.285714E+01  1.162958E-11
 7.428571E+01  1.123572E-11
 7.571429E+01  1.084514E-11
 7.714286E+01  1.049193E-11
 7.857143E+01  1.015102E-11
 8.000000E+01  9.798811E-12
