 1.000000E+01  1.975910E-03
 1.142857E+01  1.597134E-03
 1.285714E+01  1.244967E-03
 1.428571E+01  9.316199E-04
 1.571429E+01  6.597977E-04
 1.714286E+01  4.383845E-04
 1.857143E+01  2.675862E-04
 2.000000E+01  1.459975E-04
 2.142857E+01  6.756639E-05
 2.285714E+01  2.294383E-05
 2.428571E+01  3.797029E-06
 2.571429E+01  1.427307E-08
 2.714286E+01  2.230630E-09
 2.857143E+01  2.015795E-09
 3.000000E+01  1.826158E-09
 3.142857E+01  1.661890E-09
 3.285714E+01  1.512960E-09
 3.428571E+01  1.382292E-09
 3.571429E+01  1.267313E-09
 3.714286E+01  1.164149E-09
 3.857143E+01  1.071967E-09
 4.000000E+01  9.859798E-10
 4.142857E+01  9.095032E-10
 4.285714E+01  8.400295E-10
 4.428571E+01  7.783236E-10
 4.571429E+01  7.202655E-10
 4.714286E+01  6.684682E-10
 4.857143E+01  6.203187E-10
 5.000000E+01  5.768793E-10
 5.142857E+01  5.370120E-10
 5.285714E+01  5.017759E-10
 5.428571E+01  4.679401E-10
 5.571429E+01  4.372159E-10
 5.714286E+01  4.082144E-10
 5.857143E+01  3.810742E-10
 6.000000E+01  3.567791E-10
 6.142857E+01  3.351266E-10
 6.285714E+01  3.143590E-10
 6.428571E+01  2.950039E-10
 6.571429E+01  2.764627E-10
 6.714286E+01  2.599653E-10
 6.857143E+01  2.441091E-10
 7.000000E+01  2.303078E-10
 7.142857E+01  2.168966E-10
 7.285714E+01  2.045107E-10
 7.428571E+01  1.926358E-10
 7.571429E+01  1.816953E-10
 7.714286E+01  1.712561E-10
 7.857143E+01  1.618730E-10
 8.000000E+01  1.528437E-10
