 1.000000E+01  2.145779E-05
 1.142857E+01  1.772484E-05
 1.285714E+01  1.429479E-05
 1.428571E+01  1.103209E-05
 1.571429E+01  8.170225E-06
 1.714286E+01  5.738684E-06
 1.857143E+01  3.777903E-06
 2.000000E+01  2.281283E-06
 2.142857E+01  1.227468E-06
 2.285714E+01  5.540722E-07
 2.428571E+01  1.786926E-07
 2.571429E+01  2.538931E-08
 2.714286E+01  2.785585E-11
 2.857143E+01  2.262057E-11
 3.000000E+01  2.055252E-11
 3.142857E+01  1.869729E-11
 3.285714E+01  1.710238E-11
 3.428571E+01  1.561178E-11
 3.571429E+01  1.434051E-11
 3.714286E+01  1.321872E-11
 3.857143E+01  1.215159E-11
 4.000000E+01  1.122730E-11
 4.142857E+01  1.036631E-11
 4.285714E+01  9.599949E-12
 4.428571E+01  8.895038E-12
 4.571429E+01  8.235189E-12
 4.714286E+01  7.681433E-12
 4.857143E+01  7.130118E-12
 5.000000E+01  6.658777E-12
 5.142857E+01  6.208119E-12
 5.285714E+01  5.791373E-12
 5.428571E+01  5.410402E-12
 5.571429E+01  5.060568E-12
 5.714286E+01  4.749704E-12
 5.857143E+01  4.434551E-12
 6.000000E+01  4.172568E-12
 6.142857E+01  3.911344E-12
 6.285714E+01  3.680944E-12
 6.428571E+01  3.451814E-12
 6.571429E+01  3.246747E-12
 6.714286E+01  3.056294E-12
 6.857143E+01  2.881861E-12
 7.000000E+01  2.708354E-12
 7.142857E+01  2.562207E-12
 7.285714E+01  2.415559E-12
 7.428571E+01  2.279145E-12
 7.571429E+01  2.151989E-12
 7.714286E+01  2.033112E-12
 7.857143E+01  1.922214E-12
 8.000000E+01  1.822829E-12
