 1.000000E+01  2.587520E-05
 1.142857E+01  2.266759E-05
 1.285714E+01  1.942805E-05
 1.428571E+01  1.623864E-05
 1.571429E+01  1.321011E-05
 1.714286E+01  1.045109E-05
 1.857143E+01  7.964432E-06
 2.000000E+01  5.817219E-06
 2.142857E+01  4.034734E-06
 2.285714E+01  2.628751E-06
 2.428571E+01  1.571683E-06
 2.571429E+01  8.390825E-07
 2.714286E+01  3.691164E-07
 2.857143E+01  1.135501E-07
 3.000000E+01  1.422823E-08
 3.142857E+01  2.580318E-11
 3.285714E+01  2.377657E-11
 3.428571E+01  2.190694E-11
 3.571429E+01  2.017235E-11
 3.714286E+01  1.865980E-11
 3.857143E+01  1.724957E-11
 4.000000E+01  1.604106E-11
 4.142857E+01  1.484778E-11
 4.285714E+01  1.381564E-11
 4.428571E+01  1.288254E-11
 4.571429E+01  1.200514E-11
 4.714286E+01  1.120114E-11
 4.857143E+01  1.048297E-11
 5.000000E+01  9.798127E-12
 5.142857E+01  9.198635E-12
 5.285714E+01  8.620802E-12
 5.428571E+01  8.095420E-12
 5.571429E+01  7.603774E-12
 5.714286E+01  7.144794E-12
 5.857143E+01  6.735024E-12
 6.000000E+01  6.331967E-12
 6.142857E+01  5.979924E-12
 6.285714E+01  5.648214E-12
 6.428571E+01  5.324703E-12
 6.571429E+01  5.031830E-12
 6.714286E+01  4.753978E-12
 6.857143E+01  4.497337E-12
 7.000000E+01  4.245280E-12
 7.142857E+01  4.025309E-12
 7.285714E+01  3.812740E-12
 7.428571E+01  3.616721E-12
 7.571429E+01  3.433338E-12
 7.714286E+01  3.254502E-12
 7.857143E+01  3.093617E-12
 8.000000E+01  2.937732E-12
