 1.000000E+01  2.592696E-05
 1.142857E+01  2.262212E-05
 1.285714E+01  1.939512E-05
 1.428571E+01  1.622590E-05
 1.571429E+01  1.320913E-05
 1.714286E+01  1.043354E-05
 1.857143E+01  7.971986E-06
 2.000000E+01  5.817858E-06
 2.142857E+01  4.030850E-06
 2.285714E+01  2.622261E-06
 2.428571E+01  1.574848E-06
 2.571429E+01  8.368103E-07
 2.714286E+01  3.697986E-07
 2.857143E+01  1.137999E-07
 3.000000E+01  1.422548E-08
 3.142857E+01  2.583573E-11
 3.285714E+01  2.373999E-11
 3.428571E+01  2.180986E-11
 3.571429E+01  2.015937E-11
 3.714286E+01  1.867646E-11
 3.857143E+01  1.724345E-11
 4.000000E+01  1.599599E-11
 4.142857E+01  1.481902E-11
 4.285714E+01  1.380890E-11
 4.428571E+01  1.286966E-11
 4.571429E+01  1.200288E-11
 4.714286E+01  1.121840E-11
 4.857143E+01  1.048222E-11
 5.000000E+01  9.802284E-12
 5.142857E+01  9.192335E-12
 5.285714E+01  8.611854E-12
 5.428571E+01  8.093281E-12
 5.571429E+01  7.590578E-12
 5.714286E+01  7.149047E-12
 5.857143E+01  6.746190E-12
 6.000000E+01  6.346031E-12
 6.142857E+01  5.966465E-12
 6.285714E+01  5.640502E-12
 6.428571E+01  5.330877E-12
 6.571429E+01  5.020233E-12
 6.714286E+01  4.754072E-12
 6.857143E+01  4.491722E-12
 7.000000E+01  4.259786E-12
 7.142857E+01  4.031465E-12
 7.285714E+01  3.816922E-12
 7.428571E+01  3.611986E-12
 7.571429E+01  3.434188E-12
 7.714286E+01  3.261038E-12
 7.857143E+01  3.094476E-12
 8.000000E+01  2.939992E-12
