 1.000000E+01  2.141466E-05
 1.142857E+01  1.774795E-05
 1.285714E+01  1.425589E-05
 1.428571E+01  1.104417E-05
 1.571429E+01  8.181148E-06
 1.714286E+01  5.744635E-06
 1.857143E+01  3.773733E-06
 2.000000E+01  2.279505E-06
 2.142857E+01  1.225280E-06
 2.285714E+01  5.535033E-07
 2.428571E+01  1.780443E-07
 2.571429E+01  2.537072E-08
 2.714286E+01  2.783218E-11
 2.857143E+01  2.255683E-11
 3.000000E+01  2.054643E-11
 3.142857E+01  1.872794E-11
 3.285714E+01  1.707189E-11
 3.428571E+01  1.561410E-11
 3.571429E+01  1.434918E-11
 3.714286E+01  1.320508E-11
 3.857143E+01  1.215014E-11
 4.000000E+01  1.121650E-11
 4.142857E+01  1.035694E-11
 4.285714E+01  9.588053E-12
 4.428571E+01  8.888321E-12
 4.571429E+01  8.238412E-12
 4.714286E+01  7.691398E-12
 4.857143E+01  7.147994E-12
 5.000000E+01  6.653092E-12
 5.142857E+01  6.199396E-12
 5.285714E+01  5.796553E-12
 5.428571E+01  5.422134E-12
 5.571429E+01  5.075565E-12
 5.714286E+01  4.737364E-12
 5.857143E+01  4.439175E-12
 6.000000E+01  4.174947E-12
 6.142857E+01  3.915641E-12
 6.285714E+01  3.674230E-12
 6.428571E+01  3.452390E-12
 6.571429E+01  3.249606E-12
 6.714286E+01  3.057922E-12
 6.857143E+01  2.880148E-12
 7.000000E+01  2.715528E-12
 7.142857E+01  2.557855E-12
 7.285714E+01  2.417123E-12
 7.428571E+01  2.276364E-12
 7.571429E+01  2.150420E-12
 7.714286E+01  2.032269E-12
 7.857143E+01  1.924947E-12
 8.000000E+01  1.817322E-12
