 1.000000E+01  1.974265E-03
 1.142857E+01  1.599844E-03
 1.285714E+01  1.247154E-03
 1.428571E+01  9.305361E-04
 1.571429E+01  6.585473E-04
 1.714286E+01  4.387847E-04
 1.857143E+01  2.684644E-04
 2.000000E+01  1.460788E-04
 2.142857E+01  6.759632E-05
 2.285714E+01  2.297758E-05
 2.428571E+01  3.799239E-06
 2.571429E+01  1.429792E-08
 2.714286E+01  2.228608E-09
 2.857143E+01  2.016342E-09
 3.000000E+01  1.828194E-09
 3.142857E+01  1.659723E-09
 3.285714E+01  1.516116E-09
 3.428571E+01  1.384847E-09
 3.571429E+01  1.268569E-09
 3.714286E+01  1.165386E-09
 3.857143E+01  1.069940E-09
 4.000000E+01  9.839218E-10
 4.142857E+01  9.096508E-10
 4.285714E+01  8.408924E-10
 4.428571E+01  7.796290E-10
 4.571429E+01  7.198279E-10
 4.714286E+01  6.676928E-10
 4.857143E+01  6.203056E-10
 5.000000E+01  5.788440E-10
 5.142857E+01  5.377678E-10
 5.285714E+01  5.009164E-10
 5.428571E+01  4.677447E-10
 5.571429E+01  4.364791E-10
 5.714286E+01  4.085525E-10
 5.857143E+01  3.829998E-10
 6.000000E+01  3.579178E-10
 6.142857E+01  3.350715E-10
 6.285714E+01  3.140675E-10
 6.428571E+01  2.942754E-10
 6.571429E+01  2.772055E-10
 6.714286E+01  2.600161E-10
 6.857143E+01  2.446728E-10
 7.000000E+01  2.304391E-10
 7.142857E+01  2.166587E-10
 7.285714E+01  2.044070E-10
 7.428571E+01  1.928179E-10
 7.571429E+01  1.811702E-10
 7.714286E+01  1.714442E-10
 7.857143E+01  1.619552E-10
 8.000000E+01  1.528871E-10
