 1.000000E+01  4.630726E-03
 1.070707E+01  6.012342E-03
 1.141414E+01  7.721151E-03
 1.212121E+01  9.759294E-03
 1.282828E+01  1.218646E-02
 1.353535E+01  1.488542E-02
 1.424242E+01  1.812366E-02
 1.494949E+01  2.180031E-02
 1.565657E+01  2.588663E-02
 1.636364E+01  3.047959E-02
 1.707071E+01  3.556524E-02
 1.777778E+01  4.113288E-02
 1.848485E+01  4.762856E-02
 1.919192E+01  5.429672E-02
 1.989899E+01  6.152662E-02
 2.060606E+01  6.934980E-02
 2.131313E+01  7.820946E-02
 2.202020E+01  8.717134E-02
 2.272727E+01  9.656879E-02
 2.343434E+01  1.062802E-01
 2.414141E+01  1.162745E-01
 2.484848E+01  1.258283E-01
 2.555556E+01  1.367894E-01
 2.626263E+01  1.469200E-01
 2.696970E+01  1.556560E-01
 2.767677E+01  1.645706E-01
 2.838384E+01  1.719816E-01
 2.909091E+01  1.771966E-01
 2.979798E+01  1.788487E-01
 3.050505E+01  1.744992E-01
 3.121212E+01  1.499477E-01
 3.191919E+01  1.448103E-01
 3.262626E+01  1.488361E-01
 3.333333E+01  1.505973E-01
 3.404040E+01  1.494386E-01
 3.474747E+01  1.460618E-01
 3.545455E+01  1.366154E-01
 3.616162E+01  1.208388E-01
 3.686869E+01  8.971387E-02
 3.757576E+01  2.552502E-06
 3.828283E+01  3.994608E-07
 3.898990E+01  3.532845E-07
 3.969697E+01  3.608337E-07
 4.040404E+01  3.713236E-07
 4.111111E+01  3.789768E-07
 4.181818E+01  3.818698E-07
 4.252525E+01  3.842569E-07
 4.323232E+01  3.832391E-07
 4.393939E+01  3.804982E-07
 4.464646E+01  3.780543E-07
 4.535354E+01  3.747294E-07
 4.606061E+01  3.703298E-07
 4.676768E+01  3.665640E-07
 4.747475E+01  3.620674E-07
 4.818182E+01  3.579822E-07
 4.888889E+01  3.537395E-07
 4.959596E+01  3.493250E-07
 5.030303E+01  3.451970E-07
 5.101010E+01  3.404394E-07
 5.171717E+01  3.361934E-07
 5.242424E+01  3.326455E-07
 5.313131E+01  3.281430E-07
 5.383838E+01  3.245235E-07
 5.454545E+01  3.208230E-07
 5.525253E+01  3.168719E-07
 5.595960E+01  3.133017E-07
 5.666667E+01  3.100021E-07
 5.737374E+01  3.069407E-07
 5.808081E+01  3.033038E-07
 5.878788E+01  3.002271E-07
 5.949495E+01  2.970582E-07
 6.020202E+01  2.938581E-07
 6.090909E+01  2.907317E-07
 6.161616E+01  2.881134E-07
 6.232323E+01  2.850716E-07
 6.303030E+01  2.826634E-07
 6.373737E+01  2.796815E-07
 6.444444E+01  2.773887E-07
 6.515152E+01  2.744491E-07
 6.585859E+01  2.716423E-07
 6.656566E+01  2.693795E-07
 6.727273E+01  2.664255E-07
 6.797980E+01  2.645757E-07
 6.868687E+01  2.620718E-07
 6.939394E+01  2.593865E-07
 7.010101E+01  2.576631E-07
 7.080808E+01  2.557028E-07
 7.151515E+01  2.532073E-07
 7.222222E+01  2.509568E-07
 7.292929E+01  2.490015E-07
 7.363636E+01  2.461348E-07
 7.434343E+01  2.451967E-07
 7.505051E+01  2.427534E-07
 7.575758E+01  2.411160E-07
 7.646465E+01  2.386212E-07
 7.717172E+01  2.371591E-07
 7.787879E+01  2.351154E-07
 7.858586E+01  2.330666E-07
 7.929293E+01  2.313151E-07
 8.000000E+01  2.298454E-07
