 1.000000E+01  2.106802E-02
 1.070707E+01  2.759401E-02
 1.141414E+01  3.545640E-02
 1.212121E+01  4.465941E-02
 1.282828E+01  5.574408E-02
 1.353535E+01  6.867610E-02
 1.424242E+01  8.360986E-02
 1.494949E+01  1.004316E-01
 1.565657E+01  1.201316E-01
 1.636364E+01  1.420685E-01
 1.707071E+01  1.669298E-01
 1.777778E+01  1.940689E-01
 1.848485E+01  2.244450E-01
 1.919192E+01  2.589234E-01
 1.989899E+01  2.937373E-01
 2.060606E+01  3.346285E-01
 2.131313E+01  3.769417E-01
 2.202020E+01  4.255990E-01
 2.272727E+01  4.753803E-01
 2.343434E+01  5.291054E-01
 2.414141E+01  5.847544E-01
 2.484848E+01  6.432551E-01
 2.555556E+01  7.063208E-01
 2.626263E+01  7.709664E-01
 2.696970E+01  8.383095E-01
 2.767677E+01  9.081058E-01
 2.838384E+01  9.798700E-01
 2.909091E+01  1.048735E+00
 2.979798E+01  1.122724E+00
 3.050505E+01  1.188262E+00
 3.121212E+01  1.254645E+00
 3.191919E+01  1.312985E+00
 3.262626E+01  1.365100E+00
 3.333333E+01  1.408313E+00
 3.404040E+01  1.429752E+00
 3.474747E+01  1.426901E+00
 3.545455E+01  1.375903E+00
 3.616162E+01  1.127886E+00
 3.686869E+01  1.167111E+00
 3.757576E+01  1.178136E+00
 3.828283E+01  1.203745E+00
 3.898990E+01  1.201389E+00
 3.969697E+01  1.190056E+00
 4.040404E+01  1.148821E+00
 4.111111E+01  1.073193E+00
 4.181818E+01  9.489807E-01
 4.252525E+01  7.374242E-01
 4.323232E+01  2.362280E-01
 4.393939E+01  3.874073E-06
 4.464646E+01  2.869417E-06
 4.535354E+01  2.840076E-06
 4.606061E+01  2.919769E-06
 4.676768E+01  2.978426E-06
 4.747475E+01  3.034904E-06
 4.818182E+01  3.057604E-06
 4.888889E+01  3.071640E-06
 4.959596E+01  3.067087E-06
 5.030303E+01  3.052710E-06
 5.101010E+01  3.047816E-06
 5.171717E+01  3.013152E-06
 5.242424E+01  2.988406E-06
 5.313131E+01  2.969562E-06
 5.383838E+01  2.935943E-06
 5.454545E+01  2.911293E-06
 5.525253E+01  2.884614E-06
 5.595960E+01  2.849431E-06
 5.666667E+01  2.816157E-06
 5.737374E+01  2.785811E-06
 5.808081E+01  2.763407E-06
 5.878788E+01  2.729465E-06
 5.949495E+01  2.697551E-06
 6.020202E+01  2.673039E-06
 6.090909E+01  2.648136E-06
 6.161616E+01  2.616283E-06
 6.232323E+01  2.587501E-06
 6.303030E+01  2.565797E-06
 6.373737E+01  2.538500E-06
 6.444444E+01  2.511620E-06
 6.515152E+01  2.487867E-06
 6.585859E+01  2.469098E-06
 6.656566E+01  2.441420E-06
 6.727273E+01  2.419235E-06
 6.797980E+01  2.394941E-06
 6.868687E+01  2.377443E-06
 6.939394E+01  2.361310E-06
 7.010101E+01  2.333976E-06
 7.080808E+01  2.316730E-06
 7.151515E+01  2.297275E-06
 7.222222E+01  2.274229E-06
 7.292929E+01  2.256479E-06
 7.363636E+01  2.238939E-06
 7.434343E+01  2.220445E-06
 7.505051E+01  2.203016E-06
 7.575758E+01  2.179389E-06
 7.646465E+01  2.166269E-06
 7.717172E+01  2.146308E-06
 7.787879E+01  2.129903E-06
 7.858586E+01  2.114036E-06
 7.929293E+01  2.094303E-06
 8.000000E+01  2.076998E-06
