 1.000000E+01  2.392228E-03
 1.070707E+01  3.142765E-03
 1.141414E+01  4.055563E-03
 1.212121E+01  5.140165E-03
 1.282828E+01  6.438659E-03
 1.353535E+01  7.987074E-03
 1.424242E+01  9.744524E-03
 1.494949E+01  1.180235E-02
 1.565657E+01  1.409769E-02
 1.636364E+01  1.682219E-02
 1.707071E+01  1.984925E-02
 1.777778E+01  2.326882E-02
 1.848485E+01  2.708789E-02
 1.919192E+01  3.143746E-02
 1.989899E+01  3.604777E-02
 2.060606E+01  4.165145E-02
 2.131313E+01  4.742564E-02
 2.202020E+01  5.374282E-02
 2.272727E+01  6.120339E-02
 2.343434E+01  6.852187E-02
 2.414141E+01  7.670219E-02
 2.484848E+01  8.589009E-02
 2.555556E+01  9.559008E-02
 2.626263E+01  1.059629E-01
 2.696970E+01  1.179514E-01
 2.767677E+01  1.296004E-01
 2.838384E+01  1.421128E-01
 2.909091E+01  1.564133E-01
 2.979798E+01  1.720671E-01
 3.050505E+01  1.871871E-01
 3.121212E+01  2.045913E-01
 3.191919E+01  2.221566E-01
 3.262626E+01  2.407024E-01
 3.333333E+01  2.604015E-01
 3.404040E+01  2.806021E-01
 3.474747E+01  3.037874E-01
 3.545455E+01  3.253716E-01
 3.616162E+01  3.513278E-01
 3.686869E+01  3.762962E-01
 3.757576E+01  4.035407E-01
 3.828283E+01  4.320601E-01
 3.898990E+01  4.578044E-01
 3.969697E+01  4.886200E-01
 4.040404E+01  5.198965E-01
 4.111111E+01  5.505579E-01
 4.181818E+01  5.836772E-01
 4.252525E+01  6.198518E-01
 4.323232E+01  6.540523E-01
 4.393939E+01  6.894976E-01
 4.464646E+01  7.266945E-01
 4.535354E+01  7.659040E-01
 4.606061E+01  8.036003E-01
 4.676768E+01  8.452097E-01
 4.747475E+01  8.810696E-01
 4.818182E+01  9.218541E-01
 4.888889E+01  9.640008E-01
 4.959596E+01  9.987429E-01
 5.030303E+01  1.044403E+00
 5.101010E+01  1.088311E+00
 5.171717E+01  1.126145E+00
 5.242424E+01  1.165431E+00
 5.313131E+01  1.203011E+00
 5.383838E+01  1.241868E+00
 5.454545E+01  1.279248E+00
 5.525253E+01  1.313926E+00
 5.595960E+01  1.347012E+00
 5.666667E+01  1.367977E+00
 5.737374E+01  1.394718E+00
 5.808081E+01  1.419293E+00
 5.878788E+01  1.427968E+00
 5.949495E+01  1.432601E+00
 6.020202E+01  1.422028E+00
 6.090909E+01  1.403530E+00
 6.161616E+01  1.358348E+00
 6.232323E+01  1.239631E+00
 6.303030E+01  1.136136E+00
 6.373737E+01  1.158671E+00
 6.444444E+01  1.175463E+00
 6.515152E+01  1.185001E+00
 6.585859E+01  1.194837E+00
 6.656566E+01  1.201335E+00
 6.727273E+01  1.207546E+00
 6.797980E+01  1.197082E+00
 6.868687E+01  1.187081E+00
 6.939394E+01  1.172648E+00
 7.010101E+01  1.139950E+00
 7.080808E+01  1.096598E+00
 7.151515E+01  1.051630E+00
 7.222222E+01  9.755345E-01
 7.292929E+01  8.788664E-01
 7.363636E+01  7.437338E-01
 7.434343E+01  5.364105E-01
 7.505051E+01  4.568914E-05
 7.575758E+01  5.138095E-06
 7.646465E+01  3.301974E-06
 7.717172E+01  2.902592E-06
 7.787879E+01  2.830107E-06
 7.858586E+01  2.841561E-06
 7.929293E+01  2.877906E-06
 8.000000E+01  2.924928E-06
