 1.000000E+01  7.471898E-01
 1.070707E+01  8.428260E-01
 1.141414E+01  9.389298E-01
 1.212121E+01  1.038464E+00
 1.282828E+01  1.139528E+00
 1.353535E+01  1.233732E+00
 1.424242E+01  1.334388E+00
 1.494949E+01  1.431905E+00
 1.565657E+01  1.527271E+00
 1.636364E+01  1.613737E+00
 1.707071E+01  1.704494E+00
 1.777778E+01  1.778973E+00
 1.848485E+01  1.851909E+00
 1.919192E+01  1.931610E+00
 1.989899E+01  1.983684E+00
 2.060606E+01  2.038108E+00
 2.131313E+01  2.079797E+00
 2.202020E+01  2.103681E+00
 2.272727E+01  2.120079E+00
 2.343434E+01  2.128858E+00
 2.414141E+01  2.121495E+00
 2.484848E+01  2.103261E+00
 2.555556E+01  2.065433E+00
 2.626263E+01  2.025967E+00
 2.696970E+01  1.964199E+00
 2.767677E+01  1.890421E+00
 2.838384E+01  1.802806E+00
 2.909091E+01  1.691334E+00
 2.979798E+01  1.586792E+00
 3.050505E+01  1.469734E+00
 3.121212E+01  1.337094E+00
 3.191919E+01  1.201810E+00
 3.262626E+01  1.063979E+00
 3.333333E+01  9.489898E-01
 3.404040E+01  8.416339E-01
 3.474747E+01  7.288967E-01
 3.545455E+01  6.101814E-01
 3.616162E+01  4.894638E-01
 3.686869E+01  3.694976E-01
 3.757576E+01  2.508535E-01
 3.828283E+01  1.431336E-01
 3.898990E+01  5.274489E-02
 3.969697E+01  7.823780E-06
 4.040404E+01  7.049013E-06
 4.111111E+01  6.966203E-06
 4.181818E+01  6.915174E-06
 4.252525E+01  6.859928E-06
 4.323232E+01  6.806105E-06
 4.393939E+01  6.710902E-06
 4.464646E+01  6.618758E-06
 4.535354E+01  6.551565E-06
 4.606061E+01  6.470190E-06
 4.676768E+01  6.382432E-06
 4.747475E+01  6.289264E-06
 4.818182E+01  6.229839E-06
 4.888889E+01  6.133091E-06
 4.959596E+01  6.072463E-06
 5.030303E+01  5.996455E-06
 5.101010E+01  5.906076E-06
 5.171717E+01  5.833593E-06
 5.242424E+01  5.772849E-06
 5.313131E+01  5.693138E-06
 5.383838E+01  5.631152E-06
 5.454545E+01  5.564247E-06
 5.525253E+01  5.490188E-06
 5.595960E+01  5.421945E-06
 5.666667E+01  5.375019E-06
 5.737374E+01  5.302406E-06
 5.808081E+01  5.249347E-06
 5.878788E+01  5.197820E-06
 5.949495E+01  5.131126E-06
 6.020202E+01  5.068119E-06
 6.090909E+01  5.026240E-06
 6.161616E+01  4.971288E-06
 6.232323E+01  4.925834E-06
 6.303030E+01  4.870789E-06
 6.373737E+01  4.826672E-06
 6.444444E+01  4.772367E-06
 6.515152E+01  4.723952E-06
 6.585859E+01  4.674524E-06
 6.656566E+01  4.624126E-06
 6.727273E+01  4.590393E-06
 6.797980E+01  4.537270E-06
 6.868687E+01  4.496912E-06
 6.939394E+01  4.442679E-06
 7.010101E+01  4.412179E-06
 7.080808E+01  4.360641E-06
 7.151515E+01  4.320764E-06
 7.222222E+01  4.292490E-06
 7.292929E+01  4.248040E-06
 7.363636E+01  4.200898E-06
 7.434343E+01  4.174329E-06
 7.505051E+01  4.136699E-06
 7.575758E+01  4.091353E-06
 7.646465E+01  4.062764E-06
 7.717172E+01  4.017587E-06
 7.787879E+01  3.993900E-06
 7.858586E+01  3.949662E-06
 7.929293E+01  3.918381E-06
 8.000000E+01  3.884088E-06
