 1.000000E+01  7.468132E-01
 1.070707E+01  8.432320E-01
 1.141414E+01  9.408462E-01
 1.212121E+01  1.036641E+00
 1.282828E+01  1.135923E+00
 1.353535E+01  1.235207E+00
 1.424242E+01  1.334014E+00
 1.494949E+01  1.434189E+00
 1.565657E+01  1.520109E+00
 1.636364E+01  1.611627E+00
 1.707071E+01  1.704910E+00
 1.777778E+01  1.784361E+00
 1.848485E+01  1.854270E+00
 1.919192E+01  1.924356E+00
 1.989899E+01  1.981292E+00
 2.060606E+01  2.036349E+00
 2.131313E+01  2.065469E+00
 2.202020E+01  2.099094E+00
 2.272727E+01  2.120409E+00
 2.343434E+01  2.129445E+00
 2.414141E+01  2.125889E+00
 2.484848E+01  2.104903E+00
 2.555556E+01  2.069590E+00
 2.626263E+01  2.026255E+00
 2.696970E+01  1.961210E+00
 2.767677E+01  1.892936E+00
 2.838384E+01  1.800628E+00
 2.909091E+01  1.695440E+00
 2.979798E+01  1.588776E+00
 3.050505E+01  1.460749E+00
 3.121212E+01  1.334379E+00
 3.191919E+01  1.198444E+00
 3.262626E+01  1.060613E+00
 3.333333E+01  9.491869E-01
 3.404040E+01  8.411754E-01
 3.474747E+01  7.289050E-01
 3.545455E+01  6.080478E-01
 3.616162E+01  4.893203E-01
 3.686869E+01  3.688544E-01
 3.757576E+01  2.511426E-01
 3.828283E+01  1.438814E-01
 3.898990E+01  5.282042E-02
 3.969697E+01  7.788777E-06
 4.040404E+01  7.052549E-06
 4.111111E+01  6.969912E-06
 4.181818E+01  6.901615E-06
 4.252525E+01  6.868174E-06
 4.323232E+01  6.774184E-06
 4.393939E+01  6.708549E-06
 4.464646E+01  6.638313E-06
 4.535354E+01  6.549529E-06
 4.606061E+01  6.469467E-06
 4.676768E+01  6.370553E-06
 4.747475E+01  6.313467E-06
 4.818182E+01  6.220671E-06
 4.888889E+01  6.133138E-06
 4.959596E+01  6.060038E-06
 5.030303E+01  5.985856E-06
 5.101010E+01  5.899844E-06
 5.171717E+01  5.838243E-06
 5.242424E+01  5.764061E-06
 5.313131E+01  5.703785E-06
 5.383838E+01  5.646954E-06
 5.454545E+01  5.555222E-06
 5.525253E+01  5.487339E-06
 5.595960E+01  5.421383E-06
 5.666667E+01  5.360168E-06
 5.737374E+01  5.307795E-06
 5.808081E+01  5.262503E-06
 5.878788E+01  5.178817E-06
 5.949495E+01  5.130130E-06
 6.020202E+01  5.085696E-06
 6.090909E+01  5.019744E-06
 6.161616E+01  4.971104E-06
 6.232323E+01  4.915475E-06
 6.303030E+01  4.877005E-06
 6.373737E+01  4.817754E-06
 6.444444E+01  4.772430E-06
 6.515152E+01  4.727650E-06
 6.585859E+01  4.676325E-06
 6.656566E+01  4.633969E-06
 6.727273E+01  4.569134E-06
 6.797980E+01  4.532785E-06
 6.868687E+01  4.494552E-06
 6.939394E+01  4.449450E-06
 7.010101E+01  4.405495E-06
 7.080808E+01  4.365403E-06
 7.151515E+01  4.328208E-06
 7.222222E+01  4.291898E-06
 7.292929E+01  4.250735E-06
 7.363636E+01  4.203444E-06
 7.434343E+01  4.176407E-06
 7.505051E+01  4.132072E-06
 7.575758E+01  4.092877E-06
 7.646465E+01  4.063644E-06
 7.717172E+01  4.016181E-06
 7.787879E+01  3.987451E-06
 7.858586E+01  3.950105E-06
 7.929293E+01  3.919557E-06
 8.000000E+01  3.886447E-06
